   1.000000E+000  -4.980198E-009
   2.000000E+000   3.368513E-007
   3.000000E+000   6.786827E-007
   4.000000E+000   1.124975E-006
   5.000000E+000   1.674653E-006
   6.000000E+000   2.326656E-006
   7.000000E+000   3.085655E-006
   8.000000E+000   3.951084E-006
   9.000000E+000   4.921649E-006
   1.000000E+001   5.998374E-006
   1.100000E+001   7.182374E-006
   1.200000E+001   8.472816E-006
   1.300000E+001   9.868696E-006
   1.400000E+001   1.137029E-005
   1.500000E+001   1.297819E-005
   1.600000E+001   1.469285E-005
   1.700000E+001   1.651420E-005
   1.800000E+001   1.844203E-005
   1.900000E+001   2.047614E-005
   2.000000E+001   2.261631E-005
   2.100000E+001   2.486240E-005
   2.200000E+001   2.721445E-005
   2.300000E+001   2.967256E-005
   2.400000E+001   3.223682E-005
   2.500000E+001   3.490734E-005
   2.600000E+001   3.768422E-005
   2.700000E+001   4.056755E-005
   2.800000E+001   4.355743E-005
   2.900000E+001   4.665396E-005
   3.000000E+001   4.985724E-005
   3.100000E+001   5.316733E-005
   3.200000E+001   5.658416E-005
   3.300000E+001   6.010762E-005
   3.400000E+001   6.373760E-005
   3.500000E+001   6.747399E-005
   3.600000E+001   7.131668E-005
   3.700000E+001   7.526557E-005
   3.800000E+001   7.932053E-005
   3.900000E+001   8.348147E-005
   4.000000E+001   8.774828E-005
   4.100000E+001   9.212088E-005
   4.200000E+001   9.659942E-005
   4.300000E+001   1.011841E-004
   4.400000E+001   1.058750E-004
   4.500000E+001   1.106724E-004
   4.600000E+001   1.155765E-004
   4.700000E+001   1.205873E-004
   4.800000E+001   1.257052E-004
   4.900000E+001   1.309303E-004
   5.000000E+001   1.362627E-004
   5.100000E+001   1.417025E-004
   5.200000E+001   1.472497E-004
   5.300000E+001   1.529040E-004
   5.400000E+001   1.586651E-004
   5.500000E+001   1.645328E-004
   5.600000E+001   1.705069E-004
   5.700000E+001   1.765872E-004
   5.800000E+001   1.827734E-004
   5.900000E+001   1.890653E-004
   6.000000E+001   1.954627E-004
   6.100000E+001   2.019654E-004
   6.200000E+001   2.085736E-004
   6.300000E+001   2.152877E-004
   6.400000E+001   2.221079E-004
   6.500000E+001   2.290346E-004
   6.600000E+001   2.360679E-004
   6.700000E+001   2.432082E-004
   6.800000E+001   2.504559E-004
   6.900000E+001   2.578111E-004
   7.000000E+001   2.652742E-004
   7.100000E+001   2.728453E-004
   7.200000E+001   2.805243E-004
   7.300000E+001   2.883109E-004
   7.400000E+001   2.962048E-004
   7.500000E+001   3.042057E-004
   7.600000E+001   3.123133E-004
   7.700000E+001   3.205272E-004
   7.800000E+001   3.288473E-004
   7.900000E+001   3.372732E-004
   8.000000E+001   3.458046E-004
   8.100000E+001   3.544413E-004
   8.200000E+001   3.631836E-004
   8.300000E+001   3.720318E-004
   8.400000E+001   3.809862E-004
   8.500000E+001   3.900471E-004
   8.600000E+001   3.992149E-004
   8.700000E+001   4.084898E-004
   8.800000E+001   4.178724E-004
   8.900000E+001   4.273627E-004
   9.000000E+001   4.369613E-004
   9.100000E+001   4.466683E-004
   9.200000E+001   4.564838E-004
   9.300000E+001   4.664078E-004
   9.400000E+001   4.764401E-004
   9.500000E+001   4.865808E-004
   9.600000E+001   4.968298E-004
   9.700000E+001   5.071871E-004
   9.800000E+001   5.176526E-004
   9.900000E+001   5.282263E-004
   1.000000E+002   5.389082E-004
   1.010000E+002   5.496982E-004
   1.020000E+002   5.605962E-004
   1.030000E+002   5.716023E-004
   1.040000E+002   5.827162E-004
   1.050000E+002   5.939381E-004
   1.060000E+002   6.052678E-004
   1.070000E+002   6.167052E-004
   1.080000E+002   6.282503E-004
   1.090000E+002   6.399030E-004
   1.100000E+002   6.516633E-004
   1.110000E+002   6.635311E-004
   1.120000E+002   6.755064E-004
   1.130000E+002   6.875891E-004
   1.140000E+002   6.997791E-004
   1.150000E+002   7.120763E-004
   1.160000E+002   7.244808E-004
   1.170000E+002   7.369924E-004
   1.180000E+002   7.496111E-004
   1.190000E+002   7.623369E-004
   1.200000E+002   7.751696E-004
   1.210000E+002   7.881092E-004
   1.220000E+002   8.011559E-004
   1.230000E+002   8.143098E-004
   1.240000E+002   8.275710E-004
   1.250000E+002   8.409396E-004
   1.260000E+002   8.544159E-004
   1.270000E+002   8.679998E-004
   1.280000E+002   8.816916E-004
   1.290000E+002   8.954915E-004
   1.300000E+002   9.093994E-004
   1.310000E+002   9.234157E-004
   1.320000E+002   9.375404E-004
   1.330000E+002   9.517736E-004
   1.340000E+002   9.661155E-004
   1.350000E+002   9.805662E-004
   1.360000E+002   9.951259E-004
   1.370000E+002   1.009795E-003
   1.380000E+002   1.024573E-003
   1.390000E+002   1.039460E-003
   1.400000E+002   1.054457E-003
   1.410000E+002   1.069563E-003
   1.420000E+002   1.084780E-003
   1.430000E+002   1.100105E-003
   1.440000E+002   1.115540E-003
   1.450000E+002   1.131085E-003
   1.460000E+002   1.146739E-003
   1.470000E+002   1.162502E-003
   1.480000E+002   1.178374E-003
   1.490000E+002   1.194356E-003
   1.500000E+002   1.210447E-003
   1.510000E+002   1.226647E-003
   1.520000E+002   1.242955E-003
   1.530000E+002   1.259373E-003
   1.540000E+002   1.275900E-003
   1.550000E+002   1.292536E-003
   1.560000E+002   1.309280E-003
   1.570000E+002   1.326133E-003
   1.580000E+002   1.343095E-003
   1.590000E+002   1.360165E-003
   1.600000E+002   1.377344E-003
   1.610000E+002   1.394632E-003
   1.620000E+002   1.412028E-003
   1.630000E+002   1.429533E-003
   1.640000E+002   1.447146E-003
   1.650000E+002   1.464869E-003
   1.660000E+002   1.482701E-003
   1.670000E+002   1.500643E-003
   1.680000E+002   1.518693E-003
   1.690000E+002   1.536854E-003
   1.700000E+002   1.555124E-003
   1.710000E+002   1.573503E-003
   1.720000E+002   1.591993E-003
   1.730000E+002   1.610593E-003
   1.740000E+002   1.629303E-003
   1.750000E+002   1.648123E-003
   1.760000E+002   1.667054E-003
   1.770000E+002   1.686095E-003
   1.780000E+002   1.705247E-003
   1.790000E+002   1.724510E-003
   1.800000E+002   1.743884E-003
   1.810000E+002   1.763369E-003
   1.820000E+002   1.782965E-003
   1.830000E+002   1.802672E-003
   1.840000E+002   1.822491E-003
   1.850000E+002   1.842420E-003
   1.860000E+002   1.862461E-003
   1.870000E+002   1.882612E-003
   1.880000E+002   1.902875E-003
   1.890000E+002   1.923249E-003
   1.900000E+002   1.943734E-003
   1.910000E+002   1.964330E-003
   1.920000E+002   1.985037E-003
   1.930000E+002   2.005855E-003
   1.940000E+002   2.026784E-003
   1.950000E+002   2.047825E-003
   1.960000E+002   2.068976E-003
   1.970000E+002   2.090239E-003
   1.980000E+002   2.111612E-003
   1.990000E+002   2.133097E-003
   2.000000E+002   2.154693E-003
   2.010000E+002   2.176400E-003
   2.020000E+002   2.198218E-003
   2.030000E+002   2.220147E-003
   2.040000E+002   2.242186E-003
   2.050000E+002   2.264337E-003
   2.060000E+002   2.286599E-003
   2.070000E+002   2.308971E-003
   2.080000E+002   2.331454E-003
   2.090000E+002   2.354048E-003
   2.100000E+002   2.376753E-003
   2.110000E+002   2.399568E-003
   2.120000E+002   2.422494E-003
   2.130000E+002   2.445530E-003
   2.140000E+002   2.468677E-003
   2.150000E+002   2.491934E-003
   2.160000E+002   2.515302E-003
   2.170000E+002   2.538780E-003
   2.180000E+002   2.562369E-003
   2.190000E+002   2.586068E-003
   2.200000E+002   2.609877E-003
   2.210000E+002   2.633796E-003
   2.220000E+002   2.657825E-003
   2.230000E+002   2.681965E-003
   2.240000E+002   2.706214E-003
   2.250000E+002   2.730574E-003
   2.260000E+002   2.755043E-003
   2.270000E+002   2.779623E-003
   2.280000E+002   2.804314E-003
   2.290000E+002   2.829116E-003
   2.300000E+002   2.854029E-003
   2.310000E+002   2.879055E-003
   2.320000E+002   2.904192E-003
   2.330000E+002   2.929442E-003
   2.340000E+002   2.954805E-003
   2.350000E+002   2.980282E-003
   2.360000E+002   3.005872E-003
   2.370000E+002   3.031577E-003
   2.380000E+002   3.057395E-003
   2.390000E+002   3.083329E-003
   2.400000E+002   3.109378E-003
   2.410000E+002   3.135543E-003
   2.420000E+002   3.161824E-003
   2.430000E+002   3.188221E-003
   2.440000E+002   3.214735E-003
   2.450000E+002   3.241366E-003
   2.460000E+002   3.268115E-003
   2.470000E+002   3.294982E-003
   2.480000E+002   3.321967E-003
   2.490000E+002   3.349070E-003
   2.500000E+002   3.376293E-003
   2.510000E+002   3.403635E-003
   2.520000E+002   3.431096E-003
   2.530000E+002   3.458675E-003
   2.540000E+002   3.486373E-003
   2.550000E+002   3.514189E-003
   2.560000E+002   3.542122E-003
   2.570000E+002   3.570172E-003
   2.580000E+002   3.598339E-003
   2.590000E+002   3.626622E-003
   2.600000E+002   3.655021E-003
   2.610000E+002   3.683536E-003
   2.620000E+002   3.712165E-003
   2.630000E+002   3.740909E-003
   2.640000E+002   3.769768E-003
   2.650000E+002   3.798740E-003
   2.660000E+002   3.827826E-003
   2.670000E+002   3.857025E-003
   2.680000E+002   3.886337E-003
   2.690000E+002   3.915761E-003
   2.700000E+002   3.945296E-003
   2.710000E+002   3.974944E-003
   2.720000E+002   4.004702E-003
   2.730000E+002   4.034571E-003
   2.740000E+002   4.064550E-003
   2.750000E+002   4.094640E-003
   2.760000E+002   4.124839E-003
   2.770000E+002   4.155148E-003
   2.780000E+002   4.185567E-003
   2.790000E+002   4.216097E-003
   2.800000E+002   4.246738E-003
   2.810000E+002   4.277491E-003
   2.820000E+002   4.308356E-003
   2.830000E+002   4.339334E-003
   2.840000E+002   4.370424E-003
   2.850000E+002   4.401628E-003
   2.860000E+002   4.432945E-003
   2.870000E+002   4.464377E-003
   2.880000E+002   4.495924E-003
   2.890000E+002   4.527585E-003
   2.900000E+002   4.559362E-003
   2.910000E+002   4.591255E-003
   2.920000E+002   4.623264E-003
   2.930000E+002   4.655390E-003
   2.940000E+002   4.687633E-003
   2.950000E+002   4.719994E-003
   2.960000E+002   4.752473E-003
   2.970000E+002   4.785070E-003
   2.980000E+002   4.817786E-003
   2.990000E+002   4.850621E-003
   3.000000E+002   4.883577E-003
   3.010000E+002   4.916652E-003
   3.020000E+002   4.949848E-003
   3.030000E+002   4.983163E-003
   3.040000E+002   5.016599E-003
   3.050000E+002   5.050156E-003
   3.060000E+002   5.083832E-003
   3.070000E+002   5.117629E-003
   3.080000E+002   5.151546E-003
   3.090000E+002   5.185583E-003
   3.100000E+002   5.219741E-003
   3.110000E+002   5.254020E-003
   3.120000E+002   5.288418E-003
   3.130000E+002   5.322937E-003
   3.140000E+002   5.357577E-003
   3.150000E+002   5.392337E-003
   3.160000E+002   5.427217E-003
   3.170000E+002   5.462218E-003
   3.180000E+002   5.497340E-003
   3.190000E+002   5.532582E-003
   3.200000E+002   5.567944E-003
   3.210000E+002   5.603427E-003
   3.220000E+002   5.639031E-003
   3.230000E+002   5.674756E-003
   3.240000E+002   5.710601E-003
   3.250000E+002   5.746567E-003
   3.260000E+002   5.782653E-003
   3.270000E+002   5.818860E-003
   3.280000E+002   5.855188E-003
   3.290000E+002   5.891637E-003
   3.300000E+002   5.928206E-003
   3.310000E+002   5.964896E-003
   3.320000E+002   6.001708E-003
   3.330000E+002   6.038639E-003
   3.340000E+002   6.075692E-003
   3.350000E+002   6.112866E-003
   3.360000E+002   6.150160E-003
   3.370000E+002   6.187576E-003
   3.380000E+002   6.225112E-003
   3.390000E+002   6.262770E-003
   3.400000E+002   6.300548E-003
   3.410000E+002   6.338447E-003
   3.420000E+002   6.376468E-003
   3.430000E+002   6.414609E-003
   3.440000E+002   6.452872E-003
   3.450000E+002   6.491255E-003
   3.460000E+002   6.529760E-003
   3.470000E+002   6.568386E-003
   3.480000E+002   6.607133E-003
   3.490000E+002   6.646001E-003
   3.500000E+002   6.684990E-003
   3.510000E+002   6.724101E-003
   3.520000E+002   6.763332E-003
   3.530000E+002   6.802686E-003
   3.540000E+002   6.842160E-003
   3.550000E+002   6.881756E-003
   3.560000E+002   6.921474E-003
   3.570000E+002   6.961314E-003
   3.580000E+002   7.001275E-003
   3.590000E+002   7.041358E-003
   3.600000E+002   7.081563E-003
   3.610000E+002   7.121890E-003
   3.620000E+002   7.162339E-003
   3.630000E+002   7.202910E-003
   3.640000E+002   7.243604E-003
   3.650000E+002   7.284419E-003
   3.660000E+002   7.325358E-003
   3.670000E+002   7.366418E-003
   3.680000E+002   7.407601E-003
   3.690000E+002   7.448907E-003
   3.700000E+002   7.490336E-003
   3.710000E+002   7.531887E-003
   3.720000E+002   7.573561E-003
   3.730000E+002   7.615358E-003
   3.740000E+002   7.657278E-003
   3.750000E+002   7.699322E-003
   3.760000E+002   7.741488E-003
   3.770000E+002   7.783778E-003
   3.780000E+002   7.826191E-003
   3.790000E+002   7.868727E-003
   3.800000E+002   7.911387E-003
   3.810000E+002   7.954170E-003
   3.820000E+002   7.997078E-003
   3.830000E+002   8.040108E-003
   3.840000E+002   8.083263E-003
   3.850000E+002   8.126542E-003
   3.860000E+002   8.169944E-003
   3.870000E+002   8.213471E-003
   3.880000E+002   8.257121E-003
   3.890000E+002   8.300896E-003
   3.900000E+002   8.344795E-003
   3.910000E+002   8.388819E-003
   3.920000E+002   8.432967E-003
   3.930000E+002   8.477239E-003
   3.940000E+002   8.521636E-003
   3.950000E+002   8.566158E-003
   3.960000E+002   8.610805E-003
   3.970000E+002   8.655576E-003
   3.980000E+002   8.700472E-003
   3.990000E+002   8.745494E-003
   4.000000E+002   8.790640E-003
   4.010000E+002   8.835911E-003
   4.020000E+002   8.881308E-003
   4.030000E+002   8.926830E-003
   4.040000E+002   8.972479E-003
   4.050000E+002   9.018253E-003
   4.060000E+002   9.064153E-003
   4.070000E+002   9.110180E-003
   4.080000E+002   9.156333E-003
   4.090000E+002   9.202613E-003
   4.100000E+002   9.249020E-003
   4.110000E+002   9.295554E-003
   4.120000E+002   9.342215E-003
   4.130000E+002   9.389005E-003
   4.140000E+002   9.435921E-003
   4.150000E+002   9.482966E-003
   4.160000E+002   9.530140E-003
   4.170000E+002   9.577441E-003
   4.180000E+002   9.624871E-003
   4.190000E+002   9.672430E-003
   4.200000E+002   9.720118E-003
   4.210000E+002   9.767935E-003
   4.220000E+002   9.815882E-003
   4.230000E+002   9.863958E-003
   4.240000E+002   9.912165E-003
   4.250000E+002   9.960501E-003
   4.260000E+002   1.000897E-002
   4.270000E+002   1.005756E-002
   4.280000E+002   1.010629E-002
   4.290000E+002   1.015515E-002
   4.300000E+002   1.020414E-002
   4.310000E+002   1.025326E-002
   4.320000E+002   1.030251E-002
   4.330000E+002   1.035190E-002
   4.340000E+002   1.040141E-002
   4.350000E+002   1.045106E-002
   4.360000E+002   1.050084E-002
   4.370000E+002   1.055075E-002
   4.380000E+002   1.060080E-002
   4.390000E+002   1.065098E-002
   4.400000E+002   1.070129E-002
   4.410000E+002   1.075173E-002
   4.420000E+002   1.080231E-002
   4.430000E+002   1.085302E-002
   4.440000E+002   1.090387E-002
   4.450000E+002   1.095485E-002
   4.460000E+002   1.100596E-002
   4.470000E+002   1.105721E-002
   4.480000E+002   1.110859E-002
   4.490000E+002   1.116011E-002
   4.500000E+002   1.121177E-002
   4.510000E+002   1.126355E-002
   4.520000E+002   1.131548E-002
   4.530000E+002   1.136754E-002
   4.540000E+002   1.141973E-002
   4.550000E+002   1.147206E-002
   4.560000E+002   1.152453E-002
   4.570000E+002   1.157713E-002
   4.580000E+002   1.162987E-002
   4.590000E+002   1.168275E-002
   4.600000E+002   1.173575E-002
   4.610000E+002   1.178890E-002
   4.620000E+002   1.184218E-002
   4.630000E+002   1.189560E-002
   4.640000E+002   1.194915E-002
   4.650000E+002   1.200284E-002
   4.660000E+002   1.205667E-002
   4.670000E+002   1.211063E-002
   4.680000E+002   1.216473E-002
   4.690000E+002   1.221897E-002
   4.700000E+002   1.227334E-002
   4.710000E+002   1.232785E-002
   4.720000E+002   1.238250E-002
   4.730000E+002   1.243728E-002
   4.740000E+002   1.249220E-002
   4.750000E+002   1.254725E-002
   4.760000E+002   1.260245E-002
   4.770000E+002   1.265778E-002
   4.780000E+002   1.271324E-002
   4.790000E+002   1.276885E-002
   4.800000E+002   1.282459E-002
   4.810000E+002   1.288047E-002
   4.820000E+002   1.293648E-002
   4.830000E+002   1.299264E-002
   4.840000E+002   1.304893E-002
   4.850000E+002   1.310536E-002
   4.860000E+002   1.316192E-002
   4.870000E+002   1.321862E-002
   4.880000E+002   1.327547E-002
   4.890000E+002   1.333244E-002
   4.900000E+002   1.338956E-002
   4.910000E+002   1.344681E-002
   4.920000E+002   1.350421E-002
   4.930000E+002   1.356174E-002
   4.940000E+002   1.361941E-002
   4.950000E+002   1.367721E-002
   4.960000E+002   1.373516E-002
   4.970000E+002   1.379324E-002
   4.980000E+002   1.385146E-002
   4.990000E+002   1.390982E-002
   5.000000E+002   1.396832E-002
   5.010000E+002   1.402695E-002
   5.020000E+002   1.408573E-002
   5.030000E+002   1.414464E-002
   5.040000E+002   1.420370E-002
   5.050000E+002   1.426289E-002
   5.060000E+002   1.432222E-002
   5.070000E+002   1.438169E-002
   5.080000E+002   1.444130E-002
   5.090000E+002   1.450105E-002
   5.100000E+002   1.456093E-002
   5.110000E+002   1.462096E-002
   5.120000E+002   1.468113E-002
   5.130000E+002   1.474144E-002
   5.140000E+002   1.480188E-002
   5.150000E+002   1.486247E-002
   5.160000E+002   1.492320E-002
   5.170000E+002   1.498407E-002
   5.180000E+002   1.504508E-002
   5.190000E+002   1.510623E-002
   5.200000E+002   1.516752E-002
   5.210000E+002   1.522895E-002
   5.220000E+002   1.529052E-002
   5.230000E+002   1.535224E-002
   5.240000E+002   1.541409E-002
   5.250000E+002   1.547609E-002
   5.260000E+002   1.553823E-002
   5.270000E+002   1.560051E-002
   5.280000E+002   1.566293E-002
   5.290000E+002   1.572549E-002
   5.300000E+002   1.578820E-002
   5.310000E+002   1.585104E-002
   5.320000E+002   1.591403E-002
   5.330000E+002   1.597717E-002
   5.340000E+002   1.604044E-002
   5.350000E+002   1.610386E-002
   5.360000E+002   1.616742E-002
   5.370000E+002   1.623112E-002
   5.380000E+002   1.629496E-002
   5.390000E+002   1.635895E-002
   5.400000E+002   1.642309E-002
   5.410000E+002   1.648736E-002
   5.420000E+002   1.655178E-002
   5.430000E+002   1.661634E-002
   5.440000E+002   1.668105E-002
   5.450000E+002   1.674590E-002
   5.460000E+002   1.681089E-002
   5.470000E+002   1.687603E-002
   5.480000E+002   1.694131E-002
   5.490000E+002   1.700674E-002
   5.500000E+002   1.707231E-002
   5.510000E+002   1.713802E-002
   5.520000E+002   1.720388E-002
   5.530000E+002   1.726989E-002
   5.540000E+002   1.733604E-002
   5.550000E+002   1.740233E-002
   5.560000E+002   1.746878E-002
   5.570000E+002   1.753537E-002
   5.580000E+002   1.760210E-002
   5.590000E+002   1.766898E-002
   5.600000E+002   1.773601E-002
   5.610000E+002   1.780319E-002
   5.620000E+002   1.787052E-002
   5.630000E+002   1.793799E-002
   5.640000E+002   1.800561E-002
   5.650000E+002   1.807338E-002
   5.660000E+002   1.814130E-002
   5.670000E+002   1.820937E-002
   5.680000E+002   1.827759E-002
   5.690000E+002   1.834596E-002
   5.700000E+002   1.841447E-002
   5.710000E+002   1.848314E-002
   5.720000E+002   1.855196E-002
   5.730000E+002   1.862094E-002
   5.740000E+002   1.869006E-002
   5.750000E+002   1.875933E-002
   5.760000E+002   1.882876E-002
   5.770000E+002   1.889834E-002
   5.780000E+002   1.896807E-002
   5.790000E+002   1.903796E-002
   5.800000E+002   1.910800E-002
   5.810000E+002   1.917819E-002
   5.820000E+002   1.924853E-002
   5.830000E+002   1.931903E-002
   5.840000E+002   1.938969E-002
   5.850000E+002   1.946050E-002
   5.860000E+002   1.953146E-002
   5.870000E+002   1.960258E-002
   5.880000E+002   1.967386E-002
   5.890000E+002   1.974529E-002
   5.900000E+002   1.981688E-002
   5.910000E+002   1.988862E-002
   5.920000E+002   1.996052E-002
   5.930000E+002   2.003258E-002
   5.940000E+002   2.010480E-002
   5.950000E+002   2.017717E-002
   5.960000E+002   2.024970E-002
   5.970000E+002   2.032239E-002
   5.980000E+002   2.039524E-002
   5.990000E+002   2.046825E-002
   6.000000E+002   2.054142E-002
   6.010000E+002   2.061475E-002
   6.020000E+002   2.068823E-002
   6.030000E+002   2.076188E-002
   6.040000E+002   2.083569E-002
   6.050000E+002   2.090966E-002
   6.060000E+002   2.098378E-002
   6.070000E+002   2.105807E-002
   6.080000E+002   2.113252E-002
   6.090000E+002   2.120713E-002
   6.100000E+002   2.128190E-002
   6.110000E+002   2.135683E-002
   6.120000E+002   2.143192E-002
   6.130000E+002   2.150718E-002
   6.140000E+002   2.158259E-002
   6.150000E+002   2.165817E-002
   6.160000E+002   2.173391E-002
   6.170000E+002   2.180981E-002
   6.180000E+002   2.188587E-002
   6.190000E+002   2.196209E-002
   6.200000E+002   2.203848E-002
   6.210000E+002   2.211503E-002
   6.220000E+002   2.219174E-002
   6.230000E+002   2.226861E-002
   6.240000E+002   2.234565E-002
   6.250000E+002   2.242285E-002
   6.260000E+002   2.250021E-002
   6.270000E+002   2.257774E-002
   6.280000E+002   2.265542E-002
   6.290000E+002   2.273328E-002
   6.300000E+002   2.281129E-002
   6.310000E+002   2.288947E-002
   6.320000E+002   2.296781E-002
   6.330000E+002   2.304632E-002
   6.340000E+002   2.312499E-002
   6.350000E+002   2.320383E-002
   6.360000E+002   2.328283E-002
   6.370000E+002   2.336199E-002
   6.380000E+002   2.344132E-002
   6.390000E+002   2.352081E-002
   6.400000E+002   2.360047E-002
   6.410000E+002   2.368030E-002
   6.420000E+002   2.376028E-002
   6.430000E+002   2.384044E-002
   6.440000E+002   2.392076E-002
   6.450000E+002   2.400124E-002
   6.460000E+002   2.408189E-002
   6.470000E+002   2.416271E-002
   6.480000E+002   2.424369E-002
   6.490000E+002   2.432484E-002
   6.500000E+002   2.440615E-002
   6.510000E+002   2.448764E-002
   6.520000E+002   2.456928E-002
   6.530000E+002   2.465110E-002
   6.540000E+002   2.473308E-002
   6.550000E+002   2.481523E-002
   6.560000E+002   2.489754E-002
   6.570000E+002   2.498003E-002
   6.580000E+002   2.506268E-002
   6.590000E+002   2.514550E-002
   6.600000E+002   2.522849E-002
   6.610000E+002   2.531165E-002
   6.620000E+002   2.539498E-002
   6.630000E+002   2.547848E-002
   6.640000E+002   2.556214E-002
   6.650000E+002   2.564598E-002
   6.660000E+002   2.572999E-002
   6.670000E+002   2.581416E-002
   6.680000E+002   2.589851E-002
   6.690000E+002   2.598303E-002
   6.700000E+002   2.606772E-002
   6.710000E+002   2.615258E-002
   6.720000E+002   2.623761E-002
   6.730000E+002   2.632282E-002
   6.740000E+002   2.640820E-002
   6.750000E+002   2.649375E-002
   6.760000E+002   2.657947E-002
   6.770000E+002   2.666536E-002
   6.780000E+002   2.675143E-002
   6.790000E+002   2.683767E-002
   6.800000E+002   2.692409E-002
   6.810000E+002   2.701068E-002
   6.820000E+002   2.709744E-002
   6.830000E+002   2.718438E-002
   6.840000E+002   2.727149E-002
   6.850000E+002   2.735878E-002
   6.860000E+002   2.744625E-002
   6.870000E+002   2.753388E-002
   6.880000E+002   2.762170E-002
   6.890000E+002   2.770969E-002
   6.900000E+002   2.779786E-002
   6.910000E+002   2.788620E-002
   6.920000E+002   2.797472E-002
   6.930000E+002   2.806342E-002
   6.940000E+002   2.815229E-002
   6.950000E+002   2.824134E-002
   6.960000E+002   2.833057E-002
   6.970000E+002   2.841998E-002
   6.980000E+002   2.850957E-002
   6.990000E+002   2.859933E-002
   7.000000E+002   2.868927E-002
   7.010000E+002   2.877940E-002
   7.020000E+002   2.886970E-002
   7.030000E+002   2.896018E-002
   7.040000E+002   2.905084E-002
   7.050000E+002   2.914168E-002
   7.060000E+002   2.923270E-002
   7.070000E+002   2.932390E-002
   7.080000E+002   2.941528E-002
   7.090000E+002   2.950684E-002
   7.100000E+002   2.959858E-002
   7.110000E+002   2.969051E-002
   7.120000E+002   2.978261E-002
   7.130000E+002   2.987490E-002
   7.140000E+002   2.996736E-002
   7.150000E+002   3.006001E-002
   7.160000E+002   3.015284E-002
   7.170000E+002   3.024585E-002
   7.180000E+002   3.033905E-002
   7.190000E+002   3.043243E-002
   7.200000E+002   3.052599E-002
   7.210000E+002   3.061973E-002
   7.220000E+002   3.071366E-002
   7.230000E+002   3.080777E-002
   7.240000E+002   3.090206E-002
   7.250000E+002   3.099653E-002
   7.260000E+002   3.109120E-002
   7.270000E+002   3.118604E-002
   7.280000E+002   3.128107E-002
   7.290000E+002   3.137628E-002
   7.300000E+002   3.147168E-002
   7.310000E+002   3.156726E-002
   7.320000E+002   3.166303E-002
   7.330000E+002   3.175898E-002
   7.340000E+002   3.185512E-002
   7.350000E+002   3.195144E-002
   7.360000E+002   3.204795E-002
   7.370000E+002   3.214464E-002
   7.380000E+002   3.224152E-002
   7.390000E+002   3.233859E-002
   7.400000E+002   3.243584E-002
   7.410000E+002   3.253328E-002
   7.420000E+002   3.263091E-002
   7.430000E+002   3.272872E-002
   7.440000E+002   3.282673E-002
   7.450000E+002   3.292492E-002
   7.460000E+002   3.302329E-002
   7.470000E+002   3.312186E-002
   7.480000E+002   3.322061E-002
   7.490000E+002   3.331955E-002
   7.500000E+002   3.341868E-002
   7.510000E+002   3.351799E-002
   7.520000E+002   3.361750E-002
   7.530000E+002   3.371720E-002
   7.540000E+002   3.381708E-002
   7.550000E+002   3.391716E-002
   7.560000E+002   3.401743E-002
   7.570000E+002   3.411790E-002
   7.580000E+002   3.421855E-002
   7.590000E+002   3.431940E-002
   7.600000E+002   3.442045E-002
   7.610000E+002   3.452169E-002
   7.620000E+002   3.462312E-002
   7.630000E+002   3.472475E-002
   7.640000E+002   3.482658E-002
   7.650000E+002   3.492861E-002
   7.660000E+002   3.503083E-002
   7.670000E+002   3.513326E-002
   7.680000E+002   3.523588E-002
   7.690000E+002   3.533870E-002
   7.700000E+002   3.544173E-002
   7.710000E+002   3.554496E-002
   7.720000E+002   3.564838E-002
   7.730000E+002   3.575202E-002
   7.740000E+002   3.585585E-002
   7.750000E+002   3.595989E-002
   7.760000E+002   3.606414E-002
   7.770000E+002   3.616859E-002
   7.780000E+002   3.627324E-002
   7.790000E+002   3.637811E-002
   7.800000E+002   3.648318E-002
   7.810000E+002   3.658846E-002
   7.820000E+002   3.669395E-002
   7.830000E+002   3.679965E-002
   7.840000E+002   3.690555E-002
   7.850000E+002   3.701167E-002
   7.860000E+002   3.711800E-002
   7.870000E+002   3.722455E-002
   7.880000E+002   3.733130E-002
   7.890000E+002   3.743827E-002
   7.900000E+002   3.754546E-002
   7.910000E+002   3.765285E-002
   7.920000E+002   3.776047E-002
   7.930000E+002   3.786830E-002
   7.940000E+002   3.797634E-002
   7.950000E+002   3.808461E-002
   7.960000E+002   3.819309E-002
   7.970000E+002   3.830179E-002
   7.980000E+002   3.841071E-002
   7.990000E+002   3.851985E-002
   8.000000E+002   3.862921E-002
   8.010000E+002   3.873879E-002
   8.020000E+002   3.884860E-002
   8.030000E+002   3.895862E-002
   8.040000E+002   3.906886E-002
   8.050000E+002   3.917933E-002
   8.060000E+002   3.929001E-002
   8.070000E+002   3.940092E-002
   8.080000E+002   3.951204E-002
   8.090000E+002   3.962338E-002
   8.100000E+002   3.973494E-002
   8.110000E+002   3.984672E-002
   8.120000E+002   3.995872E-002
   8.130000E+002   4.007093E-002
   8.140000E+002   4.018336E-002
   8.150000E+002   4.029601E-002
   8.160000E+002   4.040888E-002
   8.170000E+002   4.052196E-002
   8.180000E+002   4.063526E-002
   8.190000E+002   4.074877E-002
   8.200000E+002   4.086250E-002
   8.210000E+002   4.097645E-002
   8.220000E+002   4.109061E-002
   8.230000E+002   4.120498E-002
   8.240000E+002   4.131957E-002
   8.250000E+002   4.143437E-002
   8.260000E+002   4.154939E-002
   8.270000E+002   4.166462E-002
   8.280000E+002   4.178006E-002
   8.290000E+002   4.189571E-002
   8.300000E+002   4.201158E-002
   8.310000E+002   4.212766E-002
   8.320000E+002   4.224395E-002
   8.330000E+002   4.236046E-002
   8.340000E+002   4.247717E-002
   8.350000E+002   4.259410E-002
   8.360000E+002   4.271123E-002
   8.370000E+002   4.282858E-002
   8.380000E+002   4.294613E-002
   8.390000E+002   4.306390E-002
   8.400000E+002   4.318187E-002
   8.410000E+002   4.330006E-002
   8.420000E+002   4.341845E-002
   8.430000E+002   4.353705E-002
   8.440000E+002   4.365586E-002
   8.450000E+002   4.377488E-002
   8.460000E+002   4.389411E-002
   8.470000E+002   4.401354E-002
   8.480000E+002   4.413318E-002
   8.490000E+002   4.425302E-002
   8.500000E+002   4.437307E-002
   8.510000E+002   4.449333E-002
   8.520000E+002   4.461380E-002
   8.530000E+002   4.473447E-002
   8.540000E+002   4.485536E-002
   8.550000E+002   4.497645E-002
   8.560000E+002   4.509775E-002
   8.570000E+002   4.521927E-002
   8.580000E+002   4.534101E-002
   8.590000E+002   4.546296E-002
   8.600000E+002   4.558512E-002
   8.610000E+002   4.570751E-002
   8.620000E+002   4.583011E-002
   8.630000E+002   4.595293E-002
   8.640000E+002   4.607597E-002
   8.650000E+002   4.619924E-002
   8.660000E+002   4.632273E-002
   8.670000E+002   4.644645E-002
   8.680000E+002   4.657039E-002
   8.690000E+002   4.669456E-002
   8.700000E+002   4.681896E-002
   8.710000E+002   4.694358E-002
   8.720000E+002   4.706844E-002
   8.730000E+002   4.719353E-002
   8.740000E+002   4.731885E-002
   8.750000E+002   4.744441E-002
   8.760000E+002   4.757021E-002
   8.770000E+002   4.769624E-002
   8.780000E+002   4.782251E-002
   8.790000E+002   4.794901E-002
   8.800000E+002   4.807576E-002
   8.810000E+002   4.820275E-002
   8.820000E+002   4.832998E-002
   8.830000E+002   4.845746E-002
   8.840000E+002   4.858518E-002
   8.850000E+002   4.871315E-002
   8.860000E+002   4.884137E-002
   8.870000E+002   4.896983E-002
   8.880000E+002   4.909855E-002
   8.890000E+002   4.922751E-002
   8.900000E+002   4.935673E-002
   8.910000E+002   4.948620E-002
   8.920000E+002   4.961593E-002
   8.930000E+002   4.974591E-002
   8.940000E+002   4.987615E-002
   8.950000E+002   5.000665E-002
   8.960000E+002   5.013740E-002
   8.970000E+002   5.026842E-002
   8.980000E+002   5.039970E-002
   8.990000E+002   5.053124E-002
   9.000000E+002   5.066305E-002
   9.010000E+002   5.079512E-002
   9.020000E+002   5.092745E-002
   9.030000E+002   5.106005E-002
   9.040000E+002   5.119292E-002
   9.050000E+002   5.132605E-002
   9.060000E+002   5.145944E-002
   9.070000E+002   5.159309E-002
   9.080000E+002   5.172701E-002
   9.090000E+002   5.186119E-002
   9.100000E+002   5.199563E-002
   9.110000E+002   5.213033E-002
   9.120000E+002   5.226530E-002
   9.130000E+002   5.240052E-002
   9.140000E+002   5.253600E-002
   9.150000E+002   5.267175E-002
   9.160000E+002   5.280775E-002
   9.170000E+002   5.294401E-002
   9.180000E+002   5.308053E-002
   9.190000E+002   5.321731E-002
   9.200000E+002   5.335434E-002
   9.210000E+002   5.349164E-002
   9.220000E+002   5.362919E-002
   9.230000E+002   5.376699E-002
   9.240000E+002   5.390506E-002
   9.250000E+002   5.404337E-002
   9.260000E+002   5.418195E-002
   9.270000E+002   5.432077E-002
   9.280000E+002   5.445986E-002
   9.290000E+002   5.459919E-002
   9.300000E+002   5.473878E-002
   9.310000E+002   5.487862E-002
   9.320000E+002   5.501872E-002
   9.330000E+002   5.515907E-002
   9.340000E+002   5.529967E-002
   9.350000E+002   5.544052E-002
   9.360000E+002   5.558162E-002
   9.370000E+002   5.572297E-002
   9.380000E+002   5.586457E-002
   9.390000E+002   5.600643E-002
   9.400000E+002   5.614853E-002
   9.410000E+002   5.629088E-002
   9.420000E+002   5.643348E-002
   9.430000E+002   5.657633E-002
   9.440000E+002   5.671943E-002
   9.450000E+002   5.686277E-002
   9.460000E+002   5.700636E-002
   9.470000E+002   5.715020E-002
   9.480000E+002   5.729428E-002
   9.490000E+002   5.743861E-002
   9.500000E+002   5.758319E-002
   9.510000E+002   5.772801E-002
   9.520000E+002   5.787308E-002
   9.530000E+002   5.801839E-002
   9.540000E+002   5.816396E-002
   9.550000E+002   5.830977E-002
   9.560000E+002   5.845584E-002
   9.570000E+002   5.860216E-002
   9.580000E+002   5.874874E-002
   9.590000E+002   5.889558E-002
   9.600000E+002   5.904267E-002
   9.610000E+002   5.919003E-002
   9.620000E+002   5.933764E-002
   9.630000E+002   5.948552E-002
   9.640000E+002   5.963367E-002
   9.650000E+002   5.978208E-002
   9.660000E+002   5.993076E-002
   9.670000E+002   6.007971E-002
   9.680000E+002   6.022893E-002
   9.690000E+002   6.037842E-002
   9.700000E+002   6.052819E-002
   9.710000E+002   6.067823E-002
   9.720000E+002   6.082855E-002
   9.730000E+002   6.097915E-002
   9.740000E+002   6.113002E-002
   9.750000E+002   6.128119E-002
   9.760000E+002   6.143263E-002
   9.770000E+002   6.158436E-002
   9.780000E+002   6.173637E-002
   9.790000E+002   6.188867E-002
   9.800000E+002   6.204127E-002
   9.810000E+002   6.219415E-002
   9.820000E+002   6.234732E-002
   9.830000E+002   6.250079E-002
   9.840000E+002   6.265456E-002
   9.850000E+002   6.280862E-002
   9.860000E+002   6.296298E-002
   9.870000E+002   6.311764E-002
   9.880000E+002   6.327261E-002
   9.890000E+002   6.342787E-002
   9.900000E+002   6.358344E-002
   9.910000E+002   6.373932E-002
   9.920000E+002   6.389550E-002
   9.930000E+002   6.405200E-002
   9.940000E+002   6.420880E-002
   9.950000E+002   6.436592E-002
   9.960000E+002   6.452335E-002
   9.970000E+002   6.468110E-002
   9.980000E+002   6.483916E-002
   9.990000E+002   6.499754E-002
   1.000000E+003   6.515625E-002
   1.001000E+003   6.531527E-002
   1.002000E+003   6.547462E-002
   1.003000E+003   6.563428E-002
   1.004000E+003   6.579426E-002
   1.005000E+003   6.595456E-002
   1.006000E+003   6.611518E-002
   1.007000E+003   6.627611E-002
   1.008000E+003   6.643736E-002
   1.009000E+003   6.659892E-002
   1.010000E+003   6.676079E-002
   1.011000E+003   6.692298E-002
   1.012000E+003   6.708547E-002
   1.013000E+003   6.724828E-002
   1.014000E+003   6.741140E-002
   1.015000E+003   6.757482E-002
   1.016000E+003   6.773855E-002
   1.017000E+003   6.790258E-002
   1.018000E+003   6.806692E-002
   1.019000E+003   6.823157E-002
   1.020000E+003   6.839651E-002
   1.021000E+003   6.856176E-002
   1.022000E+003   6.872731E-002
   1.023000E+003   6.889316E-002
   1.024000E+003   6.905931E-002
   1.025000E+003   6.922576E-002
   1.026000E+003   6.939250E-002
   1.027000E+003   6.955954E-002
   1.028000E+003   6.972688E-002
   1.029000E+003   6.989451E-002
   1.030000E+003   7.006243E-002
   1.031000E+003   7.023064E-002
   1.032000E+003   7.039915E-002
   1.033000E+003   7.056795E-002
   1.034000E+003   7.073703E-002
   1.035000E+003   7.090640E-002
   1.036000E+003   7.107606E-002
   1.037000E+003   7.124601E-002
   1.038000E+003   7.141624E-002
   1.039000E+003   7.158676E-002
   1.040000E+003   7.175756E-002
   1.041000E+003   7.192864E-002
   1.042000E+003   7.210000E-002
   1.043000E+003   7.227164E-002
   1.044000E+003   7.244356E-002
   1.045000E+003   7.261576E-002
   1.046000E+003   7.278824E-002
   1.047000E+003   7.296100E-002
   1.048000E+003   7.313403E-002
   1.049000E+003   7.330733E-002
   1.050000E+003   7.348091E-002
   1.051000E+003   7.365476E-002
   1.052000E+003   7.382888E-002
   1.053000E+003   7.400328E-002
   1.054000E+003   7.417796E-002
   1.055000E+003   7.435292E-002
   1.056000E+003   7.452816E-002
   1.057000E+003   7.470369E-002
   1.058000E+003   7.487950E-002
   1.059000E+003   7.505560E-002
   1.060000E+003   7.523199E-002
   1.061000E+003   7.540868E-002
   1.062000E+003   7.558565E-002
   1.063000E+003   7.576293E-002
   1.064000E+003   7.594050E-002
   1.065000E+003   7.611837E-002
   1.066000E+003   7.629654E-002
   1.067000E+003   7.647502E-002
   1.068000E+003   7.665380E-002
   1.069000E+003   7.683289E-002
   1.070000E+003   7.701229E-002
   1.071000E+003   7.719200E-002
   1.072000E+003   7.737203E-002
   1.073000E+003   7.755237E-002
   1.074000E+003   7.773303E-002
   1.075000E+003   7.791401E-002
   1.076000E+003   7.809531E-002
   1.077000E+003   7.827693E-002
   1.078000E+003   7.845888E-002
   1.079000E+003   7.864116E-002
   1.080000E+003   7.882377E-002
   1.081000E+003   7.900671E-002
   1.082000E+003   7.918998E-002
   1.083000E+003   7.937358E-002
   1.084000E+003   7.955753E-002
   1.085000E+003   7.974181E-002
   1.086000E+003   7.992644E-002
   1.087000E+003   8.011141E-002
   1.088000E+003   8.029672E-002
   1.089000E+003   8.048238E-002
   1.090000E+003   8.066839E-002
   1.091000E+003   8.085475E-002
   1.092000E+003   8.104147E-002
   1.093000E+003   8.122854E-002
   1.094000E+003   8.141596E-002
   1.095000E+003   8.160375E-002
   1.096000E+003   8.179190E-002
   1.097000E+003   8.198041E-002
   1.098000E+003   8.216928E-002
   1.099000E+003   8.235852E-002
   1.100000E+003   8.254813E-002
   1.101000E+003   8.273811E-002
   1.102000E+003   8.292847E-002
   1.103000E+003   8.311920E-002
   1.104000E+003   8.331031E-002
   1.105000E+003   8.350180E-002
   1.106000E+003   8.369368E-002
   1.107000E+003   8.388594E-002
   1.108000E+003   8.407859E-002
   1.109000E+003   8.427163E-002
   1.110000E+003   8.446507E-002
   1.111000E+003   8.465890E-002
   1.112000E+003   8.485314E-002
   1.113000E+003   8.504778E-002
   1.114000E+003   8.524282E-002
   1.115000E+003   8.543827E-002
   1.116000E+003   8.563413E-002
   1.117000E+003   8.583040E-002
   1.118000E+003   8.602709E-002
   1.119000E+003   8.622420E-002
   1.120000E+003   8.642173E-002
   1.121000E+003   8.661968E-002
   1.122000E+003   8.681806E-002
   1.123000E+003   8.701687E-002
   1.124000E+003   8.721611E-002
   1.125000E+003   8.741578E-002
   1.126000E+003   8.761589E-002
   1.127000E+003   8.781644E-002
   1.128000E+003   8.801744E-002
   1.129000E+003   8.821887E-002
   1.130000E+003   8.842076E-002
   1.131000E+003   8.862309E-002
   1.132000E+003   8.882588E-002
   1.133000E+003   8.902912E-002
   1.134000E+003   8.923282E-002
   1.135000E+003   8.943698E-002
   1.136000E+003   8.964161E-002
   1.137000E+003   8.984670E-002
   1.138000E+003   9.005225E-002
   1.139000E+003   9.025828E-002
   1.140000E+003   9.046479E-002
   1.141000E+003   9.067177E-002
   1.142000E+003   9.087923E-002
   1.143000E+003   9.108717E-002
   1.144000E+003   9.129559E-002
   1.145000E+003   9.150450E-002
   1.146000E+003   9.171391E-002
   1.147000E+003   9.192380E-002
   1.148000E+003   9.213419E-002
   1.149000E+003   9.234508E-002
   1.150000E+003   9.255646E-002
   1.151000E+003   9.276835E-002
   1.152000E+003   9.298073E-002
   1.153000E+003   9.319359E-002
   1.154000E+003   9.340693E-002
   1.155000E+003   9.362073E-002
   1.156000E+003   9.383498E-002
   1.157000E+003   9.404967E-002
   1.158000E+003   9.426480E-002
   1.159000E+003   9.448034E-002
   1.160000E+003   9.469631E-002
   1.161000E+003   9.491267E-002
   1.162000E+003   9.512942E-002
   1.163000E+003   9.534656E-002
   1.164000E+003   9.556407E-002
   1.165000E+003   9.578194E-002
   1.166000E+003   9.600016E-002
   1.167000E+003   9.621873E-002
   1.168000E+003   9.643763E-002
   1.169000E+003   9.665685E-002
   1.170000E+003   9.687638E-002
   1.171000E+003   9.709621E-002
   1.172000E+003   9.731633E-002
   1.173000E+003   9.753674E-002
   1.174000E+003   9.775742E-002
   1.175000E+003   9.797835E-002
   1.176000E+003   9.819954E-002
   1.177000E+003   9.842098E-002
   1.178000E+003   9.864264E-002
   1.179000E+003   9.886452E-002
   1.180000E+003   9.908662E-002
   1.181000E+003   9.930891E-002
   1.182000E+003   9.953140E-002
   1.183000E+003   9.975407E-002
   1.184000E+003   9.997691E-002
   1.185000E+003   1.001999E-001
   1.186000E+003   1.004231E-001
   1.187000E+003   1.006464E-001
   1.188000E+003   1.008698E-001
   1.189000E+003   1.010933E-001
   1.190000E+003   1.013170E-001
   1.191000E+003   1.015407E-001
   1.192000E+003   1.017646E-001
   1.193000E+003   1.019885E-001
   1.194000E+003   1.022125E-001
   1.195000E+003   1.024366E-001
   1.196000E+003   1.026607E-001
   1.197000E+003   1.028848E-001
   1.198000E+003   1.031090E-001
   1.199000E+003   1.033332E-001
   1.200000E+003   1.035574E-001
