   1.000000E+000   1.796922E-002
   2.000000E+000   2.255015E-002
   3.000000E+000   2.713108E-002
   4.000000E+000   2.735905E-002
   5.000000E+000   2.692949E-002
   6.000000E+000   2.676792E-002
   7.000000E+000   2.659520E-002
   8.000000E+000   2.641465E-002
   9.000000E+000   2.628227E-002
   1.000000E+001   2.618253E-002
   1.100000E+001   2.608822E-002
   1.200000E+001   2.599722E-002
   1.300000E+001   2.591250E-002
   1.400000E+001   2.583231E-002
   1.500000E+001   2.575373E-002
   1.600000E+001   2.567430E-002
   1.700000E+001   2.559337E-002
   1.800000E+001   2.551077E-002
   1.900000E+001   2.542630E-002
   2.000000E+001   2.533978E-002
   2.100000E+001   2.525107E-002
   2.200000E+001   2.516023E-002
   2.300000E+001   2.506736E-002
   2.400000E+001   2.497257E-002
   2.500000E+001   2.487596E-002
   2.600000E+001   2.477764E-002
   2.700000E+001   2.467770E-002
   2.800000E+001   2.457626E-002
   2.900000E+001   2.447341E-002
   3.000000E+001   2.436927E-002
   3.100000E+001   2.426395E-002
   3.200000E+001   2.415768E-002
   3.300000E+001   2.405069E-002
   3.400000E+001   2.394324E-002
   3.500000E+001   2.383555E-002
   3.600000E+001   2.372788E-002
   3.700000E+001   2.362046E-002
   3.800000E+001   2.351353E-002
   3.900000E+001   2.340734E-002
   4.000000E+001   2.330213E-002
   4.100000E+001   2.319813E-002
   4.200000E+001   2.309554E-002
   4.300000E+001   2.299455E-002
   4.400000E+001   2.289536E-002
   4.500000E+001   2.279815E-002
   4.600000E+001   2.270312E-002
   4.700000E+001   2.261046E-002
   4.800000E+001   2.252035E-002
   4.900000E+001   2.243300E-002
   5.000000E+001   2.234860E-002
   5.100000E+001   2.226731E-002
   5.200000E+001   2.218930E-002
   5.300000E+001   2.211470E-002
   5.400000E+001   2.204364E-002
   5.500000E+001   2.197626E-002
   5.600000E+001   2.191270E-002
   5.700000E+001   2.185309E-002
   5.800000E+001   2.179756E-002
   5.900000E+001   2.174626E-002
   6.000000E+001   2.169932E-002
   6.100000E+001   2.165690E-002
   6.200000E+001   2.161925E-002
   6.300000E+001   2.158665E-002
   6.400000E+001   2.155938E-002
   6.500000E+001   2.153773E-002
   6.600000E+001   2.152196E-002
   6.700000E+001   2.151235E-002
   6.800000E+001   2.150919E-002
   6.900000E+001   2.151275E-002
   7.000000E+001   2.152331E-002
   7.100000E+001   2.154105E-002
   7.200000E+001   2.156582E-002
   7.300000E+001   2.159734E-002
   7.400000E+001   2.163535E-002
   7.500000E+001   2.167960E-002
   7.600000E+001   2.172981E-002
   7.700000E+001   2.178574E-002
   7.800000E+001   2.184712E-002
   7.900000E+001   2.191368E-002
   8.000000E+001   2.198517E-002
   8.100000E+001   2.206143E-002
   8.200000E+001   2.214274E-002
   8.300000E+001   2.222947E-002
   8.400000E+001   2.232201E-002
   8.500000E+001   2.242072E-002
   8.600000E+001   2.252600E-002
   8.700000E+001   2.263822E-002
   8.800000E+001   2.275777E-002
   8.900000E+001   2.288501E-002
   9.000000E+001   2.302034E-002
   9.100000E+001   2.316403E-002
   9.200000E+001   2.331600E-002
   9.300000E+001   2.347607E-002
   9.400000E+001   2.364407E-002
   9.500000E+001   2.381981E-002
   9.600000E+001   2.400312E-002
   9.700000E+001   2.419381E-002
   9.800000E+001   2.439171E-002
   9.900000E+001   2.459664E-002
   1.000000E+002   2.480842E-002
   1.010000E+002   2.502689E-002
   1.020000E+002   2.525197E-002
   1.030000E+002   2.548359E-002
   1.040000E+002   2.572171E-002
   1.050000E+002   2.596624E-002
   1.060000E+002   2.621714E-002
   1.070000E+002   2.647435E-002
   1.080000E+002   2.673779E-002
   1.090000E+002   2.700742E-002
   1.100000E+002   2.728316E-002
   1.110000E+002   2.756495E-002
   1.120000E+002   2.785275E-002
   1.130000E+002   2.814648E-002
   1.140000E+002   2.844607E-002
   1.150000E+002   2.875148E-002
   1.160000E+002   2.906264E-002
   1.170000E+002   2.937949E-002
   1.180000E+002   2.970197E-002
   1.190000E+002   3.003001E-002
   1.200000E+002   3.036355E-002
   1.210000E+002   3.070252E-002
   1.220000E+002   3.104678E-002
   1.230000E+002   3.139615E-002
   1.240000E+002   3.175049E-002
   1.250000E+002   3.210963E-002
   1.260000E+002   3.247342E-002
   1.270000E+002   3.284169E-002
   1.280000E+002   3.321428E-002
   1.290000E+002   3.359104E-002
   1.300000E+002   3.397180E-002
   1.310000E+002   3.435640E-002
   1.320000E+002   3.474469E-002
   1.330000E+002   3.513650E-002
   1.340000E+002   3.553168E-002
   1.350000E+002   3.593006E-002
   1.360000E+002   3.633149E-002
   1.370000E+002   3.673580E-002
   1.380000E+002   3.714283E-002
   1.390000E+002   3.755243E-002
   1.400000E+002   3.796444E-002
   1.410000E+002   3.837869E-002
   1.420000E+002   3.879501E-002
   1.430000E+002   3.921323E-002
   1.440000E+002   3.963318E-002
   1.450000E+002   4.005468E-002
   1.460000E+002   4.047756E-002
   1.470000E+002   4.090164E-002
   1.480000E+002   4.132676E-002
   1.490000E+002   4.175274E-002
   1.500000E+002   4.217940E-002
   1.510000E+002   4.260658E-002
   1.520000E+002   4.303410E-002
   1.530000E+002   4.346179E-002
   1.540000E+002   4.388947E-002
   1.550000E+002   4.431697E-002
   1.560000E+002   4.474412E-002
   1.570000E+002   4.517075E-002
   1.580000E+002   4.559668E-002
   1.590000E+002   4.602173E-002
   1.600000E+002   4.644574E-002
   1.610000E+002   4.686854E-002
   1.620000E+002   4.728995E-002
   1.630000E+002   4.770981E-002
   1.640000E+002   4.812795E-002
   1.650000E+002   4.854422E-002
   1.660000E+002   4.895844E-002
   1.670000E+002   4.937045E-002
   1.680000E+002   4.978008E-002
   1.690000E+002   5.018717E-002
   1.700000E+002   5.059154E-002
   1.710000E+002   5.099305E-002
   1.720000E+002   5.139151E-002
   1.730000E+002   5.178677E-002
   1.740000E+002   5.217866E-002
   1.750000E+002   5.256701E-002
   1.760000E+002   5.295165E-002
   1.770000E+002   5.333243E-002
   1.780000E+002   5.370917E-002
   1.790000E+002   5.408172E-002
   1.800000E+002   5.444990E-002
   1.810000E+002   5.481355E-002
   1.820000E+002   5.517253E-002
   1.830000E+002   5.552671E-002
   1.840000E+002   5.587595E-002
   1.850000E+002   5.622010E-002
   1.860000E+002   5.655904E-002
   1.870000E+002   5.689262E-002
   1.880000E+002   5.722072E-002
   1.890000E+002   5.754318E-002
   1.900000E+002   5.785988E-002
   1.910000E+002   5.817067E-002
   1.920000E+002   5.847542E-002
   1.930000E+002   5.877400E-002
   1.940000E+002   5.906626E-002
   1.950000E+002   5.935207E-002
   1.960000E+002   5.963129E-002
   1.970000E+002   5.990378E-002
   1.980000E+002   6.016941E-002
   1.990000E+002   6.042804E-002
   2.000000E+002   6.067953E-002
   2.010000E+002   6.092376E-002
   2.020000E+002   6.116066E-002
   2.030000E+002   6.139020E-002
   2.040000E+002   6.161231E-002
   2.050000E+002   6.182696E-002
   2.060000E+002   6.203409E-002
   2.070000E+002   6.223365E-002
   2.080000E+002   6.242560E-002
   2.090000E+002   6.260990E-002
   2.100000E+002   6.278648E-002
   2.110000E+002   6.295531E-002
   2.120000E+002   6.311633E-002
   2.130000E+002   6.326950E-002
   2.140000E+002   6.341477E-002
   2.150000E+002   6.355209E-002
   2.160000E+002   6.368141E-002
   2.170000E+002   6.380269E-002
   2.180000E+002   6.391587E-002
   2.190000E+002   6.402091E-002
   2.200000E+002   6.411776E-002
   2.210000E+002   6.420638E-002
   2.220000E+002   6.428671E-002
   2.230000E+002   6.435870E-002
   2.240000E+002   6.442231E-002
   2.250000E+002   6.447749E-002
   2.260000E+002   6.452421E-002
   2.270000E+002   6.456248E-002
   2.280000E+002   6.459236E-002
   2.290000E+002   6.461387E-002
   2.300000E+002   6.462706E-002
   2.310000E+002   6.463196E-002
   2.320000E+002   6.462861E-002
   2.330000E+002   6.461706E-002
   2.340000E+002   6.459734E-002
   2.350000E+002   6.456948E-002
   2.360000E+002   6.453353E-002
   2.370000E+002   6.448953E-002
   2.380000E+002   6.443751E-002
   2.390000E+002   6.437751E-002
   2.400000E+002   6.430958E-002
   2.410000E+002   6.423374E-002
   2.420000E+002   6.415005E-002
   2.430000E+002   6.405853E-002
   2.440000E+002   6.395922E-002
   2.450000E+002   6.385217E-002
   2.460000E+002   6.373741E-002
   2.470000E+002   6.361499E-002
   2.480000E+002   6.348493E-002
   2.490000E+002   6.334728E-002
   2.500000E+002   6.320208E-002
   2.510000E+002   6.304938E-002
   2.520000E+002   6.288926E-002
   2.530000E+002   6.272184E-002
   2.540000E+002   6.254722E-002
   2.550000E+002   6.236551E-002
   2.560000E+002   6.217680E-002
   2.570000E+002   6.198121E-002
   2.580000E+002   6.177883E-002
   2.590000E+002   6.156978E-002
   2.600000E+002   6.135416E-002
   2.610000E+002   6.113208E-002
   2.620000E+002   6.090363E-002
   2.630000E+002   6.066892E-002
   2.640000E+002   6.042806E-002
   2.650000E+002   6.018115E-002
   2.660000E+002   5.992830E-002
   2.670000E+002   5.966962E-002
   2.680000E+002   5.940520E-002
   2.690000E+002   5.913515E-002
   2.700000E+002   5.885957E-002
   2.710000E+002   5.857858E-002
   2.720000E+002   5.829227E-002
   2.730000E+002   5.800076E-002
   2.740000E+002   5.770414E-002
   2.750000E+002   5.740252E-002
   2.760000E+002   5.709601E-002
   2.770000E+002   5.678478E-002
   2.780000E+002   5.646898E-002
   2.790000E+002   5.614877E-002
   2.800000E+002   5.582433E-002
   2.810000E+002   5.549582E-002
   2.820000E+002   5.516339E-002
   2.830000E+002   5.482723E-002
   2.840000E+002   5.448748E-002
   2.850000E+002   5.414431E-002
   2.860000E+002   5.379790E-002
   2.870000E+002   5.344840E-002
   2.880000E+002   5.309597E-002
   2.890000E+002   5.274079E-002
   2.900000E+002   5.238302E-002
   2.910000E+002   5.202281E-002
   2.920000E+002   5.166034E-002
   2.930000E+002   5.129577E-002
   2.940000E+002   5.092926E-002
   2.950000E+002   5.056098E-002
   2.960000E+002   5.019109E-002
   2.970000E+002   4.981976E-002
   2.980000E+002   4.944715E-002
   2.990000E+002   4.907343E-002
   3.000000E+002   4.869875E-002
   3.010000E+002   4.832329E-002
   3.020000E+002   4.794716E-002
   3.030000E+002   4.757051E-002
   3.040000E+002   4.719346E-002
   3.050000E+002   4.681614E-002
   3.060000E+002   4.643868E-002
   3.070000E+002   4.606120E-002
   3.080000E+002   4.568384E-002
   3.090000E+002   4.530672E-002
   3.100000E+002   4.492998E-002
   3.110000E+002   4.455374E-002
   3.120000E+002   4.417813E-002
   3.130000E+002   4.380328E-002
   3.140000E+002   4.342932E-002
   3.150000E+002   4.305638E-002
   3.160000E+002   4.268458E-002
   3.170000E+002   4.231406E-002
   3.180000E+002   4.194494E-002
   3.190000E+002   4.157736E-002
   3.200000E+002   4.121143E-002
   3.210000E+002   4.084730E-002
   3.220000E+002   4.048509E-002
   3.230000E+002   4.012492E-002
   3.240000E+002   3.976693E-002
   3.250000E+002   3.941124E-002
   3.260000E+002   3.905799E-002
   3.270000E+002   3.870731E-002
   3.280000E+002   3.835931E-002
   3.290000E+002   3.801413E-002
   3.300000E+002   3.767191E-002
   3.310000E+002   3.733276E-002
   3.320000E+002   3.699682E-002
   3.330000E+002   3.666422E-002
   3.340000E+002   3.633508E-002
   3.350000E+002   3.600953E-002
   3.360000E+002   3.568771E-002
   3.370000E+002   3.536973E-002
   3.380000E+002   3.505574E-002
   3.390000E+002   3.474586E-002
   3.400000E+002   3.444021E-002
   3.410000E+002   3.413893E-002
   3.420000E+002   3.384214E-002
   3.430000E+002   3.354998E-002
   3.440000E+002   3.326257E-002
   3.450000E+002   3.298005E-002
   3.460000E+002   3.270253E-002
   3.470000E+002   3.243015E-002
   3.480000E+002   3.216304E-002
   3.490000E+002   3.190133E-002
   3.500000E+002   3.164514E-002
   3.510000E+002   3.139458E-002
   3.520000E+002   3.114968E-002
   3.530000E+002   3.091043E-002
   3.540000E+002   3.067684E-002
   3.550000E+002   3.044890E-002
   3.560000E+002   3.022662E-002
   3.570000E+002   3.000998E-002
   3.580000E+002   2.979900E-002
   3.590000E+002   2.959368E-002
   3.600000E+002   2.939401E-002
   3.610000E+002   2.919999E-002
   3.620000E+002   2.901162E-002
   3.630000E+002   2.882891E-002
   3.640000E+002   2.865185E-002
   3.650000E+002   2.848044E-002
   3.660000E+002   2.831469E-002
   3.670000E+002   2.815458E-002
   3.680000E+002   2.800013E-002
   3.690000E+002   2.785133E-002
   3.700000E+002   2.770819E-002
   3.710000E+002   2.757069E-002
   3.720000E+002   2.743885E-002
   3.730000E+002   2.731266E-002
   3.740000E+002   2.719212E-002
   3.750000E+002   2.707723E-002
   3.760000E+002   2.696800E-002
   3.770000E+002   2.686441E-002
   3.780000E+002   2.676648E-002
   3.790000E+002   2.667420E-002
   3.800000E+002   2.658756E-002
   3.810000E+002   2.650658E-002
   3.820000E+002   2.643125E-002
   3.830000E+002   2.636157E-002
   3.840000E+002   2.629754E-002
   3.850000E+002   2.623916E-002
   3.860000E+002   2.618643E-002
   3.870000E+002   2.613936E-002
   3.880000E+002   2.609793E-002
   3.890000E+002   2.606215E-002
   3.900000E+002   2.603202E-002
   3.910000E+002   2.600754E-002
   3.920000E+002   2.598871E-002
   3.930000E+002   2.597553E-002
   3.940000E+002   2.596800E-002
   3.950000E+002   2.596611E-002
   3.960000E+002   2.596988E-002
   3.970000E+002   2.597930E-002
   3.980000E+002   2.599436E-002
   3.990000E+002   2.601507E-002
   4.000000E+002   2.604144E-002
   4.010000E+002   2.607343E-002
   4.020000E+002   2.611096E-002
   4.030000E+002   2.615393E-002
   4.040000E+002   2.620222E-002
   4.050000E+002   2.625574E-002
   4.060000E+002   2.631436E-002
   4.070000E+002   2.637799E-002
   4.080000E+002   2.644652E-002
   4.090000E+002   2.651983E-002
   4.100000E+002   2.659783E-002
   4.110000E+002   2.668040E-002
   4.120000E+002   2.676744E-002
   4.130000E+002   2.685885E-002
   4.140000E+002   2.695450E-002
   4.150000E+002   2.705430E-002
   4.160000E+002   2.715814E-002
   4.170000E+002   2.726591E-002
   4.180000E+002   2.737750E-002
   4.190000E+002   2.749281E-002
   4.200000E+002   2.761173E-002
   4.210000E+002   2.773415E-002
   4.220000E+002   2.785997E-002
   4.230000E+002   2.798907E-002
   4.240000E+002   2.812135E-002
   4.250000E+002   2.825670E-002
   4.260000E+002   2.839502E-002
   4.270000E+002   2.853620E-002
   4.280000E+002   2.868012E-002
   4.290000E+002   2.882669E-002
   4.300000E+002   2.897580E-002
   4.310000E+002   2.912733E-002
   4.320000E+002   2.928119E-002
   4.330000E+002   2.943726E-002
   4.340000E+002   2.959543E-002
   4.350000E+002   2.975560E-002
   4.360000E+002   2.991767E-002
   4.370000E+002   3.008152E-002
   4.380000E+002   3.024704E-002
   4.390000E+002   3.041414E-002
   4.400000E+002   3.058270E-002
   4.410000E+002   3.075261E-002
   4.420000E+002   3.092377E-002
   4.430000E+002   3.109607E-002
   4.440000E+002   3.126940E-002
   4.450000E+002   3.144366E-002
   4.460000E+002   3.161874E-002
   4.470000E+002   3.179453E-002
   4.480000E+002   3.197092E-002
   4.490000E+002   3.214781E-002
   4.500000E+002   3.232508E-002
   4.510000E+002   3.250264E-002
   4.520000E+002   3.268040E-002
   4.530000E+002   3.285826E-002
   4.540000E+002   3.303615E-002
   4.550000E+002   3.321397E-002
   4.560000E+002   3.339163E-002
   4.570000E+002   3.356905E-002
   4.580000E+002   3.374615E-002
   4.590000E+002   3.392284E-002
   4.600000E+002   3.409902E-002
   4.610000E+002   3.427461E-002
   4.620000E+002   3.444953E-002
   4.630000E+002   3.462369E-002
   4.640000E+002   3.479699E-002
   4.650000E+002   3.496937E-002
   4.660000E+002   3.514072E-002
   4.670000E+002   3.531096E-002
   4.680000E+002   3.548000E-002
   4.690000E+002   3.564776E-002
   4.700000E+002   3.581415E-002
   4.710000E+002   3.597908E-002
   4.720000E+002   3.614246E-002
   4.730000E+002   3.630422E-002
   4.740000E+002   3.646425E-002
   4.750000E+002   3.662249E-002
   4.760000E+002   3.677882E-002
   4.770000E+002   3.693318E-002
   4.780000E+002   3.708548E-002
   4.790000E+002   3.723562E-002
   4.800000E+002   3.738352E-002
   4.810000E+002   3.752909E-002
   4.820000E+002   3.767225E-002
   4.830000E+002   3.781290E-002
   4.840000E+002   3.795097E-002
   4.850000E+002   3.808637E-002
   4.860000E+002   3.821900E-002
   4.870000E+002   3.834878E-002
   4.880000E+002   3.847563E-002
   4.890000E+002   3.859946E-002
   4.900000E+002   3.872017E-002
   4.910000E+002   3.883769E-002
   4.920000E+002   3.895192E-002
   4.930000E+002   3.906279E-002
   4.940000E+002   3.917019E-002
   4.950000E+002   3.927406E-002
   4.960000E+002   3.937429E-002
   4.970000E+002   3.947080E-002
   4.980000E+002   3.956351E-002
   4.990000E+002   3.965232E-002
   5.000000E+002   3.973716E-002
   5.010000E+002   3.981794E-002
   5.020000E+002   3.989468E-002
   5.030000E+002   3.996739E-002
   5.040000E+002   4.003608E-002
   5.050000E+002   4.010077E-002
   5.060000E+002   4.016149E-002
   5.070000E+002   4.021824E-002
   5.080000E+002   4.027105E-002
   5.090000E+002   4.031994E-002
   5.100000E+002   4.036491E-002
   5.110000E+002   4.040599E-002
   5.120000E+002   4.044320E-002
   5.130000E+002   4.047655E-002
   5.140000E+002   4.050605E-002
   5.150000E+002   4.053174E-002
   5.160000E+002   4.055362E-002
   5.170000E+002   4.057171E-002
   5.180000E+002   4.058603E-002
   5.190000E+002   4.059660E-002
   5.200000E+002   4.060344E-002
   5.210000E+002   4.060655E-002
   5.220000E+002   4.060597E-002
   5.230000E+002   4.060170E-002
   5.240000E+002   4.059376E-002
   5.250000E+002   4.058218E-002
   5.260000E+002   4.056696E-002
   5.270000E+002   4.054813E-002
   5.280000E+002   4.052570E-002
   5.290000E+002   4.049970E-002
   5.300000E+002   4.047013E-002
   5.310000E+002   4.043702E-002
   5.320000E+002   4.040038E-002
   5.330000E+002   4.036023E-002
   5.340000E+002   4.031659E-002
   5.350000E+002   4.026948E-002
   5.360000E+002   4.021891E-002
   5.370000E+002   4.016489E-002
   5.380000E+002   4.010746E-002
   5.390000E+002   4.004662E-002
   5.400000E+002   3.998239E-002
   5.410000E+002   3.991479E-002
   5.420000E+002   3.984384E-002
   5.430000E+002   3.976955E-002
   5.440000E+002   3.969195E-002
   5.450000E+002   3.961104E-002
   5.460000E+002   3.952685E-002
   5.470000E+002   3.943940E-002
   5.480000E+002   3.934870E-002
   5.490000E+002   3.925476E-002
   5.500000E+002   3.915761E-002
   5.510000E+002   3.905728E-002
   5.520000E+002   3.895383E-002
   5.530000E+002   3.884736E-002
   5.540000E+002   3.873794E-002
   5.550000E+002   3.862567E-002
   5.560000E+002   3.851062E-002
   5.570000E+002   3.839289E-002
   5.580000E+002   3.827255E-002
   5.590000E+002   3.814969E-002
   5.600000E+002   3.802440E-002
   5.610000E+002   3.789676E-002
   5.620000E+002   3.776686E-002
   5.630000E+002   3.763477E-002
   5.640000E+002   3.750059E-002
   5.650000E+002   3.736439E-002
   5.660000E+002   3.722628E-002
   5.670000E+002   3.708631E-002
   5.680000E+002   3.694460E-002
   5.690000E+002   3.680121E-002
   5.700000E+002   3.665623E-002
   5.710000E+002   3.650975E-002
   5.720000E+002   3.636185E-002
   5.730000E+002   3.621262E-002
   5.740000E+002   3.606214E-002
   5.750000E+002   3.591050E-002
   5.760000E+002   3.575777E-002
   5.770000E+002   3.560405E-002
   5.780000E+002   3.544942E-002
   5.790000E+002   3.529397E-002
   5.800000E+002   3.513778E-002
   5.810000E+002   3.498092E-002
   5.820000E+002   3.482350E-002
   5.830000E+002   3.466559E-002
   5.840000E+002   3.450728E-002
   5.850000E+002   3.434865E-002
   5.860000E+002   3.418979E-002
   5.870000E+002   3.403078E-002
   5.880000E+002   3.387171E-002
   5.890000E+002   3.371266E-002
   5.900000E+002   3.355372E-002
   5.910000E+002   3.339496E-002
   5.920000E+002   3.323648E-002
   5.930000E+002   3.307837E-002
   5.940000E+002   3.292069E-002
   5.950000E+002   3.276355E-002
   5.960000E+002   3.260702E-002
   5.970000E+002   3.245119E-002
   5.980000E+002   3.229614E-002
   5.990000E+002   3.214196E-002
   6.000000E+002   3.198873E-002
   6.010000E+002   3.183654E-002
   6.020000E+002   3.168544E-002
   6.030000E+002   3.153548E-002
   6.040000E+002   3.138672E-002
   6.050000E+002   3.123921E-002
   6.060000E+002   3.109300E-002
   6.070000E+002   3.094815E-002
   6.080000E+002   3.080471E-002
   6.090000E+002   3.066274E-002
   6.100000E+002   3.052228E-002
   6.110000E+002   3.038339E-002
   6.120000E+002   3.024613E-002
   6.130000E+002   3.011055E-002
   6.140000E+002   2.997669E-002
   6.150000E+002   2.984462E-002
   6.160000E+002   2.971439E-002
   6.170000E+002   2.958605E-002
   6.180000E+002   2.945965E-002
   6.190000E+002   2.933525E-002
   6.200000E+002   2.921290E-002
   6.210000E+002   2.909265E-002
   6.220000E+002   2.897456E-002
   6.230000E+002   2.885868E-002
   6.240000E+002   2.874507E-002
   6.250000E+002   2.863377E-002
   6.260000E+002   2.852484E-002
   6.270000E+002   2.841834E-002
   6.280000E+002   2.831431E-002
   6.290000E+002   2.821281E-002
   6.300000E+002   2.811390E-002
   6.310000E+002   2.801762E-002
   6.320000E+002   2.792404E-002
   6.330000E+002   2.783320E-002
   6.340000E+002   2.774515E-002
   6.350000E+002   2.765996E-002
   6.360000E+002   2.757767E-002
   6.370000E+002   2.749833E-002
   6.380000E+002   2.742201E-002
   6.390000E+002   2.734875E-002
   6.400000E+002   2.727861E-002
   6.410000E+002   2.721163E-002
   6.420000E+002   2.714788E-002
   6.430000E+002   2.708741E-002
   6.440000E+002   2.703027E-002
   6.450000E+002   2.697651E-002
   6.460000E+002   2.692618E-002
   6.470000E+002   2.687935E-002
   6.480000E+002   2.683606E-002
   6.490000E+002   2.679637E-002
   6.500000E+002   2.676033E-002
   6.510000E+002   2.672797E-002
   6.520000E+002   2.669929E-002
   6.530000E+002   2.667423E-002
   6.540000E+002   2.665277E-002
   6.550000E+002   2.663488E-002
   6.560000E+002   2.662051E-002
   6.570000E+002   2.660963E-002
   6.580000E+002   2.660220E-002
   6.590000E+002   2.659820E-002
   6.600000E+002   2.659758E-002
   6.610000E+002   2.660031E-002
   6.620000E+002   2.660635E-002
   6.630000E+002   2.661566E-002
   6.640000E+002   2.662823E-002
   6.650000E+002   2.664399E-002
   6.660000E+002   2.666293E-002
   6.670000E+002   2.668500E-002
   6.680000E+002   2.671018E-002
   6.690000E+002   2.673842E-002
   6.700000E+002   2.676968E-002
   6.710000E+002   2.680394E-002
   6.720000E+002   2.684116E-002
   6.730000E+002   2.688131E-002
   6.740000E+002   2.692433E-002
   6.750000E+002   2.697022E-002
   6.760000E+002   2.701891E-002
   6.770000E+002   2.707039E-002
   6.780000E+002   2.712462E-002
   6.790000E+002   2.718155E-002
   6.800000E+002   2.724116E-002
   6.810000E+002   2.730340E-002
   6.820000E+002   2.736825E-002
   6.830000E+002   2.743567E-002
   6.840000E+002   2.750562E-002
   6.850000E+002   2.757807E-002
   6.860000E+002   2.765298E-002
   6.870000E+002   2.773032E-002
   6.880000E+002   2.781004E-002
   6.890000E+002   2.789212E-002
   6.900000E+002   2.797652E-002
   6.910000E+002   2.806321E-002
   6.920000E+002   2.815214E-002
   6.930000E+002   2.824329E-002
   6.940000E+002   2.833661E-002
   6.950000E+002   2.843208E-002
   6.960000E+002   2.852965E-002
   6.970000E+002   2.862930E-002
   6.980000E+002   2.873098E-002
   6.990000E+002   2.883466E-002
   7.000000E+002   2.894030E-002
   7.010000E+002   2.904787E-002
   7.020000E+002   2.915731E-002
   7.030000E+002   2.926855E-002
   7.040000E+002   2.938153E-002
   7.050000E+002   2.949619E-002
   7.060000E+002   2.961247E-002
   7.070000E+002   2.973029E-002
   7.080000E+002   2.984961E-002
   7.090000E+002   2.997036E-002
   7.100000E+002   3.009248E-002
   7.110000E+002   3.021589E-002
   7.120000E+002   3.034055E-002
   7.130000E+002   3.046638E-002
   7.140000E+002   3.059333E-002
   7.150000E+002   3.072133E-002
   7.160000E+002   3.085031E-002
   7.170000E+002   3.098023E-002
   7.180000E+002   3.111101E-002
   7.190000E+002   3.124259E-002
   7.200000E+002   3.137491E-002
   7.210000E+002   3.150790E-002
   7.220000E+002   3.164151E-002
   7.230000E+002   3.177566E-002
   7.240000E+002   3.191031E-002
   7.250000E+002   3.204538E-002
   7.260000E+002   3.218081E-002
   7.270000E+002   3.231655E-002
   7.280000E+002   3.245252E-002
   7.290000E+002   3.258866E-002
   7.300000E+002   3.272492E-002
   7.310000E+002   3.286122E-002
   7.320000E+002   3.299751E-002
   7.330000E+002   3.313373E-002
   7.340000E+002   3.326980E-002
   7.350000E+002   3.340568E-002
   7.360000E+002   3.354129E-002
   7.370000E+002   3.367657E-002
   7.380000E+002   3.381146E-002
   7.390000E+002   3.394590E-002
   7.400000E+002   3.407983E-002
   7.410000E+002   3.421318E-002
   7.420000E+002   3.434589E-002
   7.430000E+002   3.447789E-002
   7.440000E+002   3.460913E-002
   7.450000E+002   3.473954E-002
   7.460000E+002   3.486906E-002
   7.470000E+002   3.499763E-002
   7.480000E+002   3.512517E-002
   7.490000E+002   3.525164E-002
   7.500000E+002   3.537697E-002
   7.510000E+002   3.550110E-002
   7.520000E+002   3.562395E-002
   7.530000E+002   3.574547E-002
   7.540000E+002   3.586560E-002
   7.550000E+002   3.598426E-002
   7.560000E+002   3.610139E-002
   7.570000E+002   3.621694E-002
   7.580000E+002   3.633083E-002
   7.590000E+002   3.644300E-002
   7.600000E+002   3.655338E-002
   7.610000E+002   3.666192E-002
   7.620000E+002   3.676854E-002
   7.630000E+002   3.687319E-002
   7.640000E+002   3.697580E-002
   7.650000E+002   3.707630E-002
   7.660000E+002   3.717463E-002
   7.670000E+002   3.727072E-002
   7.680000E+002   3.736452E-002
   7.690000E+002   3.745595E-002
   7.700000E+002   3.754496E-002
   7.710000E+002   3.763147E-002
   7.720000E+002   3.771543E-002
   7.730000E+002   3.779676E-002
   7.740000E+002   3.787541E-002
   7.750000E+002   3.795131E-002
   7.760000E+002   3.802440E-002
   7.770000E+002   3.809461E-002
   7.780000E+002   3.816187E-002
   7.790000E+002   3.822613E-002
   7.800000E+002   3.828731E-002
   7.810000E+002   3.834536E-002
   7.820000E+002   3.840021E-002
   7.830000E+002   3.845180E-002
   7.840000E+002   3.850005E-002
   7.850000E+002   3.854491E-002
   7.860000E+002   3.858631E-002
   7.870000E+002   3.862419E-002
   7.880000E+002   3.865849E-002
   7.890000E+002   3.868913E-002
   7.900000E+002   3.871606E-002
   7.910000E+002   3.873921E-002
   7.920000E+002   3.875851E-002
   7.930000E+002   3.877390E-002
   7.940000E+002   3.878532E-002
   7.950000E+002   3.879271E-002
   7.960000E+002   3.879599E-002
   7.970000E+002   3.879510E-002
   7.980000E+002   3.878999E-002
   7.990000E+002   3.878058E-002
   8.000000E+002   3.876681E-002
   8.010000E+002   3.874864E-002
   8.020000E+002   3.872610E-002
   8.030000E+002   3.869927E-002
   8.040000E+002   3.866819E-002
   8.050000E+002   3.863294E-002
   8.060000E+002   3.859357E-002
   8.070000E+002   3.855014E-002
   8.080000E+002   3.850272E-002
   8.090000E+002   3.845137E-002
   8.100000E+002   3.839615E-002
   8.110000E+002   3.833712E-002
   8.120000E+002   3.827435E-002
   8.130000E+002   3.820788E-002
   8.140000E+002   3.813780E-002
   8.150000E+002   3.806415E-002
   8.160000E+002   3.798699E-002
   8.170000E+002   3.790640E-002
   8.180000E+002   3.782243E-002
   8.190000E+002   3.773514E-002
   8.200000E+002   3.764459E-002
   8.210000E+002   3.755086E-002
   8.220000E+002   3.745398E-002
   8.230000E+002   3.735404E-002
   8.240000E+002   3.725109E-002
   8.250000E+002   3.714519E-002
   8.260000E+002   3.703640E-002
   8.270000E+002   3.692479E-002
   8.280000E+002   3.681041E-002
   8.290000E+002   3.669333E-002
   8.300000E+002   3.657361E-002
   8.310000E+002   3.645131E-002
   8.320000E+002   3.632649E-002
   8.330000E+002   3.619922E-002
   8.340000E+002   3.606955E-002
   8.350000E+002   3.593755E-002
   8.360000E+002   3.580327E-002
   8.370000E+002   3.566678E-002
   8.380000E+002   3.552815E-002
   8.390000E+002   3.538743E-002
   8.400000E+002   3.524468E-002
   8.410000E+002   3.509996E-002
   8.420000E+002   3.495335E-002
   8.430000E+002   3.480489E-002
   8.440000E+002   3.465465E-002
   8.450000E+002   3.450269E-002
   8.460000E+002   3.434908E-002
   8.470000E+002   3.419387E-002
   8.480000E+002   3.403712E-002
   8.490000E+002   3.387891E-002
   8.500000E+002   3.371928E-002
   8.510000E+002   3.355830E-002
   8.520000E+002   3.339602E-002
   8.530000E+002   3.323249E-002
   8.540000E+002   3.306776E-002
   8.550000E+002   3.290188E-002
   8.560000E+002   3.273490E-002
   8.570000E+002   3.256687E-002
   8.580000E+002   3.239784E-002
   8.590000E+002   3.222787E-002
   8.600000E+002   3.205699E-002
   8.610000E+002   3.188527E-002
   8.620000E+002   3.171274E-002
   8.630000E+002   3.153947E-002
   8.640000E+002   3.136550E-002
   8.650000E+002   3.119088E-002
   8.660000E+002   3.101566E-002
   8.670000E+002   3.083990E-002
   8.680000E+002   3.066363E-002
   8.690000E+002   3.048692E-002
   8.700000E+002   3.030981E-002
   8.710000E+002   3.013235E-002
   8.720000E+002   2.995460E-002
   8.730000E+002   2.977659E-002
   8.740000E+002   2.959839E-002
   8.750000E+002   2.942004E-002
   8.760000E+002   2.924159E-002
   8.770000E+002   2.906310E-002
   8.780000E+002   2.888461E-002
   8.790000E+002   2.870617E-002
   8.800000E+002   2.852783E-002
   8.810000E+002   2.834965E-002
   8.820000E+002   2.817167E-002
   8.830000E+002   2.799394E-002
   8.840000E+002   2.781652E-002
   8.850000E+002   2.763945E-002
   8.860000E+002   2.746279E-002
   8.870000E+002   2.728657E-002
   8.880000E+002   2.711086E-002
   8.890000E+002   2.693571E-002
   8.900000E+002   2.676116E-002
   8.910000E+002   2.658726E-002
   8.920000E+002   2.641407E-002
   8.930000E+002   2.624163E-002
   8.940000E+002   2.606999E-002
   8.950000E+002   2.589921E-002
   8.960000E+002   2.572934E-002
   8.970000E+002   2.556042E-002
   8.980000E+002   2.539250E-002
   8.990000E+002   2.522564E-002
   9.000000E+002   2.505988E-002
   9.010000E+002   2.489528E-002
   9.020000E+002   2.473186E-002
   9.030000E+002   2.456967E-002
   9.040000E+002   2.440874E-002
   9.050000E+002   2.424910E-002
   9.060000E+002   2.409078E-002
   9.070000E+002   2.393384E-002
   9.080000E+002   2.377828E-002
   9.090000E+002   2.362416E-002
   9.100000E+002   2.347151E-002
   9.110000E+002   2.332035E-002
   9.120000E+002   2.317073E-002
   9.130000E+002   2.302268E-002
   9.140000E+002   2.287624E-002
   9.150000E+002   2.273143E-002
   9.160000E+002   2.258830E-002
   9.170000E+002   2.244687E-002
   9.180000E+002   2.230719E-002
   9.190000E+002   2.216928E-002
   9.200000E+002   2.203319E-002
   9.210000E+002   2.189894E-002
   9.220000E+002   2.176657E-002
   9.230000E+002   2.163612E-002
   9.240000E+002   2.150762E-002
   9.250000E+002   2.138110E-002
   9.260000E+002   2.125660E-002
   9.270000E+002   2.113415E-002
   9.280000E+002   2.101379E-002
   9.290000E+002   2.089556E-002
   9.300000E+002   2.077948E-002
   9.310000E+002   2.066559E-002
   9.320000E+002   2.055393E-002
   9.330000E+002   2.044453E-002
   9.340000E+002   2.033743E-002
   9.350000E+002   2.023265E-002
   9.360000E+002   2.013024E-002
   9.370000E+002   2.003023E-002
   9.380000E+002   1.993266E-002
   9.390000E+002   1.983755E-002
   9.400000E+002   1.974494E-002
   9.410000E+002   1.965487E-002
   9.420000E+002   1.956737E-002
   9.430000E+002   1.948248E-002
   9.440000E+002   1.940023E-002
   9.450000E+002   1.932066E-002
   9.460000E+002   1.924379E-002
   9.470000E+002   1.916968E-002
   9.480000E+002   1.909833E-002
   9.490000E+002   1.902981E-002
   9.500000E+002   1.896413E-002
   9.510000E+002   1.890132E-002
   9.520000E+002   1.884137E-002
   9.530000E+002   1.878425E-002
   9.540000E+002   1.872992E-002
   9.550000E+002   1.867836E-002
   9.560000E+002   1.862954E-002
   9.570000E+002   1.858344E-002
   9.580000E+002   1.854002E-002
   9.590000E+002   1.849926E-002
   9.600000E+002   1.846112E-002
   9.610000E+002   1.842558E-002
   9.620000E+002   1.839262E-002
   9.630000E+002   1.836219E-002
   9.640000E+002   1.833429E-002
   9.650000E+002   1.830886E-002
   9.660000E+002   1.828590E-002
   9.670000E+002   1.826536E-002
   9.680000E+002   1.824722E-002
   9.690000E+002   1.823146E-002
   9.700000E+002   1.821804E-002
   9.710000E+002   1.820694E-002
   9.720000E+002   1.819812E-002
   9.730000E+002   1.819157E-002
   9.740000E+002   1.818724E-002
   9.750000E+002   1.818512E-002
   9.760000E+002   1.818517E-002
   9.770000E+002   1.818737E-002
   9.780000E+002   1.819168E-002
   9.790000E+002   1.819808E-002
   9.800000E+002   1.820654E-002
   9.810000E+002   1.821704E-002
   9.820000E+002   1.822954E-002
   9.830000E+002   1.824401E-002
   9.840000E+002   1.826044E-002
   9.850000E+002   1.827878E-002
   9.860000E+002   1.829901E-002
   9.870000E+002   1.832110E-002
   9.880000E+002   1.834503E-002
   9.890000E+002   1.837076E-002
   9.900000E+002   1.839827E-002
   9.910000E+002   1.842753E-002
   9.920000E+002   1.845851E-002
   9.930000E+002   1.849118E-002
   9.940000E+002   1.852551E-002
   9.950000E+002   1.856148E-002
   9.960000E+002   1.859906E-002
   9.970000E+002   1.863822E-002
   9.980000E+002   1.867892E-002
   9.990000E+002   1.872115E-002
   1.000000E+003   1.876487E-002
   1.001000E+003   1.881005E-002
   1.002000E+003   1.885665E-002
   1.003000E+003   1.890463E-002
   1.004000E+003   1.895392E-002
   1.005000E+003   1.900449E-002
   1.006000E+003   1.905629E-002
   1.007000E+003   1.910927E-002
   1.008000E+003   1.916338E-002
   1.009000E+003   1.921858E-002
   1.010000E+003   1.927482E-002
   1.011000E+003   1.933205E-002
   1.012000E+003   1.939022E-002
   1.013000E+003   1.944929E-002
   1.014000E+003   1.950922E-002
   1.015000E+003   1.956994E-002
   1.016000E+003   1.963142E-002
   1.017000E+003   1.969360E-002
   1.018000E+003   1.975645E-002
   1.019000E+003   1.981990E-002
   1.020000E+003   1.988393E-002
   1.021000E+003   1.994847E-002
   1.022000E+003   2.001348E-002
   1.023000E+003   2.007892E-002
   1.024000E+003   2.014473E-002
   1.025000E+003   2.021087E-002
   1.026000E+003   2.027729E-002
   1.027000E+003   2.034394E-002
   1.028000E+003   2.041079E-002
   1.029000E+003   2.047777E-002
   1.030000E+003   2.054484E-002
   1.031000E+003   2.061195E-002
   1.032000E+003   2.067907E-002
   1.033000E+003   2.074613E-002
   1.034000E+003   2.081310E-002
   1.035000E+003   2.087992E-002
   1.036000E+003   2.094655E-002
   1.037000E+003   2.101294E-002
   1.038000E+003   2.107904E-002
   1.039000E+003   2.114481E-002
   1.040000E+003   2.121019E-002
   1.041000E+003   2.127515E-002
   1.042000E+003   2.133963E-002
   1.043000E+003   2.140358E-002
   1.044000E+003   2.146697E-002
   1.045000E+003   2.152974E-002
   1.046000E+003   2.159184E-002
   1.047000E+003   2.165322E-002
   1.048000E+003   2.171385E-002
   1.049000E+003   2.177367E-002
   1.050000E+003   2.183263E-002
   1.051000E+003   2.189070E-002
   1.052000E+003   2.194784E-002
   1.053000E+003   2.200403E-002
   1.054000E+003   2.205925E-002
   1.055000E+003   2.211349E-002
   1.056000E+003   2.216671E-002
   1.057000E+003   2.221889E-002
   1.058000E+003   2.227002E-002
   1.059000E+003   2.232007E-002
   1.060000E+003   2.236902E-002
   1.061000E+003   2.241685E-002
   1.062000E+003   2.246353E-002
   1.063000E+003   2.250905E-002
   1.064000E+003   2.255338E-002
   1.065000E+003   2.259649E-002
   1.066000E+003   2.263838E-002
   1.067000E+003   2.267901E-002
   1.068000E+003   2.271836E-002
   1.069000E+003   2.275641E-002
   1.070000E+003   2.279314E-002
   1.071000E+003   2.282853E-002
   1.072000E+003   2.286256E-002
   1.073000E+003   2.289520E-002
   1.074000E+003   2.292643E-002
   1.075000E+003   2.295623E-002
   1.076000E+003   2.298457E-002
   1.077000E+003   2.301145E-002
   1.078000E+003   2.303682E-002
   1.079000E+003   2.306068E-002
   1.080000E+003   2.308299E-002
   1.081000E+003   2.310374E-002
   1.082000E+003   2.312291E-002
   1.083000E+003   2.314047E-002
   1.084000E+003   2.315641E-002
   1.085000E+003   2.317069E-002
   1.086000E+003   2.318330E-002
   1.087000E+003   2.319421E-002
   1.088000E+003   2.320341E-002
   1.089000E+003   2.321087E-002
   1.090000E+003   2.321657E-002
   1.091000E+003   2.322048E-002
   1.092000E+003   2.322259E-002
   1.093000E+003   2.322288E-002
   1.094000E+003   2.322131E-002
   1.095000E+003   2.321788E-002
   1.096000E+003   2.321255E-002
   1.097000E+003   2.320531E-002
   1.098000E+003   2.319613E-002
   1.099000E+003   2.318499E-002
   1.100000E+003   2.317187E-002
   1.101000E+003   2.315675E-002
   1.102000E+003   2.313967E-002
   1.103000E+003   2.312063E-002
   1.104000E+003   2.309967E-002
   1.105000E+003   2.307683E-002
   1.106000E+003   2.305211E-002
   1.107000E+003   2.302557E-002
   1.108000E+003   2.299721E-002
   1.109000E+003   2.296707E-002
   1.110000E+003   2.293518E-002
   1.111000E+003   2.290156E-002
   1.112000E+003   2.286625E-002
   1.113000E+003   2.282926E-002
   1.114000E+003   2.279063E-002
   1.115000E+003   2.275039E-002
   1.116000E+003   2.270856E-002
   1.117000E+003   2.266517E-002
   1.118000E+003   2.262025E-002
   1.119000E+003   2.257382E-002
   1.120000E+003   2.252592E-002
   1.121000E+003   2.247657E-002
   1.122000E+003   2.242580E-002
   1.123000E+003   2.237363E-002
   1.124000E+003   2.232010E-002
   1.125000E+003   2.226523E-002
   1.126000E+003   2.220905E-002
   1.127000E+003   2.215159E-002
   1.128000E+003   2.209287E-002
   1.129000E+003   2.203293E-002
   1.130000E+003   2.197179E-002
   1.131000E+003   2.190947E-002
   1.132000E+003   2.184601E-002
   1.133000E+003   2.178144E-002
   1.134000E+003   2.171578E-002
   1.135000E+003   2.164905E-002
   1.136000E+003   2.158129E-002
   1.137000E+003   2.151253E-002
   1.138000E+003   2.144279E-002
   1.139000E+003   2.137210E-002
   1.140000E+003   2.130049E-002
   1.141000E+003   2.122798E-002
   1.142000E+003   2.115460E-002
   1.143000E+003   2.108039E-002
   1.144000E+003   2.100536E-002
   1.145000E+003   2.092955E-002
   1.146000E+003   2.085299E-002
   1.147000E+003   2.077569E-002
   1.148000E+003   2.069770E-002
   1.149000E+003   2.061903E-002
   1.150000E+003   2.053972E-002
   1.151000E+003   2.045978E-002
   1.152000E+003   2.037924E-002
   1.153000E+003   2.029811E-002
   1.154000E+003   2.021640E-002
   1.155000E+003   2.013412E-002
   1.156000E+003   2.005128E-002
   1.157000E+003   1.996790E-002
   1.158000E+003   1.988399E-002
   1.159000E+003   1.979956E-002
   1.160000E+003   1.971462E-002
   1.161000E+003   1.962919E-002
   1.162000E+003   1.954328E-002
   1.163000E+003   1.945689E-002
   1.164000E+003   1.937005E-002
   1.165000E+003   1.928277E-002
   1.166000E+003   1.919505E-002
   1.167000E+003   1.910692E-002
   1.168000E+003   1.901837E-002
   1.169000E+003   1.892943E-002
   1.170000E+003   1.884011E-002
   1.171000E+003   1.875042E-002
   1.172000E+003   1.866037E-002
   1.173000E+003   1.856997E-002
   1.174000E+003   1.847924E-002
   1.175000E+003   1.838819E-002
   1.176000E+003   1.829683E-002
   1.177000E+003   1.820517E-002
   1.178000E+003   1.811323E-002
   1.179000E+003   1.802101E-002
   1.180000E+003   1.792854E-002
   1.181000E+003   1.783582E-002
   1.182000E+003   1.774287E-002
   1.183000E+003   1.764969E-002
   1.184000E+003   1.755630E-002
   1.185000E+003   1.746272E-002
   1.186000E+003   1.736895E-002
   1.187000E+003   1.727501E-002
   1.188000E+003   1.718090E-002
   1.189000E+003   1.708665E-002
   1.190000E+003   1.699226E-002
   1.191000E+003   1.689775E-002
   1.192000E+003   1.680313E-002
   1.193000E+003   1.670841E-002
   1.194000E+003   1.661360E-002
   1.195000E+003   1.651872E-002
   1.196000E+003   1.642378E-002
   1.197000E+003   1.632879E-002
   1.198000E+003   1.623376E-002
   1.199000E+003   1.613870E-002
   1.200000E+003   1.604363E-002
