   1.000000E+000   1.830691E-002
   2.000000E+000   2.292724E-002
   3.000000E+000   2.754758E-002
   4.000000E+000   2.776795E-002
   5.000000E+000   2.732744E-002
   6.000000E+000   2.716072E-002
   7.000000E+000   2.698351E-002
   8.000000E+000   2.679764E-002
   9.000000E+000   2.665880E-002
   1.000000E+001   2.655204E-002
   1.100000E+001   2.645090E-002
   1.200000E+001   2.635338E-002
   1.300000E+001   2.626240E-002
   1.400000E+001   2.617613E-002
   1.500000E+001   2.609151E-002
   1.600000E+001   2.600598E-002
   1.700000E+001   2.591885E-002
   1.800000E+001   2.582991E-002
   1.900000E+001   2.573893E-002
   2.000000E+001   2.564569E-002
   2.100000E+001   2.555005E-002
   2.200000E+001   2.545206E-002
   2.300000E+001   2.535186E-002
   2.400000E+001   2.524957E-002
   2.500000E+001   2.514532E-002
   2.600000E+001   2.503923E-002
   2.700000E+001   2.493142E-002
   2.800000E+001   2.482203E-002
   2.900000E+001   2.471118E-002
   3.000000E+001   2.459900E-002
   3.100000E+001   2.448563E-002
   3.200000E+001   2.437128E-002
   3.300000E+001   2.425620E-002
   3.400000E+001   2.414060E-002
   3.500000E+001   2.402472E-002
   3.600000E+001   2.390880E-002
   3.700000E+001   2.379307E-002
   3.800000E+001   2.367776E-002
   3.900000E+001   2.356310E-002
   4.000000E+001   2.344933E-002
   4.100000E+001   2.333667E-002
   4.200000E+001   2.322533E-002
   4.300000E+001   2.311552E-002
   4.400000E+001   2.300743E-002
   4.500000E+001   2.290127E-002
   4.600000E+001   2.279725E-002
   4.700000E+001   2.269556E-002
   4.800000E+001   2.259642E-002
   4.900000E+001   2.250001E-002
   5.000000E+001   2.240655E-002
   5.100000E+001   2.231624E-002
   5.200000E+001   2.222924E-002
   5.300000E+001   2.214572E-002
   5.400000E+001   2.206584E-002
   5.500000E+001   2.198978E-002
   5.600000E+001   2.191770E-002
   5.700000E+001   2.184976E-002
   5.800000E+001   2.178613E-002
   5.900000E+001   2.172698E-002
   6.000000E+001   2.167247E-002
   6.100000E+001   2.162277E-002
   6.200000E+001   2.157800E-002
   6.300000E+001   2.153829E-002
   6.400000E+001   2.150378E-002
   6.500000E+001   2.147459E-002
   6.600000E+001   2.145085E-002
   6.700000E+001   2.143268E-002
   6.800000E+001   2.142023E-002
   6.900000E+001   2.141361E-002
   7.000000E+001   2.141295E-002
   7.100000E+001   2.141837E-002
   7.200000E+001   2.142997E-002
   7.300000E+001   2.144781E-002
   7.400000E+001   2.147198E-002
   7.500000E+001   2.150257E-002
   7.600000E+001   2.153964E-002
   7.700000E+001   2.158328E-002
   7.800000E+001   2.163357E-002
   7.900000E+001   2.169059E-002
   8.000000E+001   2.175441E-002
   8.100000E+001   2.182512E-002
   8.200000E+001   2.190274E-002
   8.300000E+001   2.198729E-002
   8.400000E+001   2.207882E-002
   8.500000E+001   2.217733E-002
   8.600000E+001   2.228287E-002
   8.700000E+001   2.239545E-002
   8.800000E+001   2.251511E-002
   8.900000E+001   2.264186E-002
   9.000000E+001   2.277574E-002
   9.100000E+001   2.291677E-002
   9.200000E+001   2.306493E-002
   9.300000E+001   2.322022E-002
   9.400000E+001   2.338263E-002
   9.500000E+001   2.355213E-002
   9.600000E+001   2.372872E-002
   9.700000E+001   2.391238E-002
   9.800000E+001   2.410310E-002
   9.900000E+001   2.430087E-002
   1.000000E+002   2.450567E-002
   1.010000E+002   2.471748E-002
   1.020000E+002   2.493623E-002
   1.030000E+002   2.516184E-002
   1.040000E+002   2.539423E-002
   1.050000E+002   2.563333E-002
   1.060000E+002   2.587904E-002
   1.070000E+002   2.613130E-002
   1.080000E+002   2.639001E-002
   1.090000E+002   2.665511E-002
   1.100000E+002   2.692651E-002
   1.110000E+002   2.720413E-002
   1.120000E+002   2.748789E-002
   1.130000E+002   2.777772E-002
   1.140000E+002   2.807353E-002
   1.150000E+002   2.837524E-002
   1.160000E+002   2.868277E-002
   1.170000E+002   2.899604E-002
   1.180000E+002   2.931498E-002
   1.190000E+002   2.963951E-002
   1.200000E+002   2.996953E-002
   1.210000E+002   3.030497E-002
   1.220000E+002   3.064567E-002
   1.230000E+002   3.099149E-002
   1.240000E+002   3.134226E-002
   1.250000E+002   3.169784E-002
   1.260000E+002   3.205806E-002
   1.270000E+002   3.242277E-002
   1.280000E+002   3.279182E-002
   1.290000E+002   3.316504E-002
   1.300000E+002   3.354230E-002
   1.310000E+002   3.392342E-002
   1.320000E+002   3.430825E-002
   1.330000E+002   3.469664E-002
   1.340000E+002   3.508844E-002
   1.350000E+002   3.548348E-002
   1.360000E+002   3.588161E-002
   1.370000E+002   3.628268E-002
   1.380000E+002   3.668653E-002
   1.390000E+002   3.709301E-002
   1.400000E+002   3.750196E-002
   1.410000E+002   3.791321E-002
   1.420000E+002   3.832661E-002
   1.430000E+002   3.874196E-002
   1.440000E+002   3.915910E-002
   1.450000E+002   3.957784E-002
   1.460000E+002   3.999801E-002
   1.470000E+002   4.041943E-002
   1.480000E+002   4.084193E-002
   1.490000E+002   4.126533E-002
   1.500000E+002   4.168944E-002
   1.510000E+002   4.211410E-002
   1.520000E+002   4.253912E-002
   1.530000E+002   4.296434E-002
   1.540000E+002   4.338956E-002
   1.550000E+002   4.381462E-002
   1.560000E+002   4.423934E-002
   1.570000E+002   4.466353E-002
   1.580000E+002   4.508703E-002
   1.590000E+002   4.550966E-002
   1.600000E+002   4.593123E-002
   1.610000E+002   4.635158E-002
   1.620000E+002   4.677054E-002
   1.630000E+002   4.718794E-002
   1.640000E+002   4.760363E-002
   1.650000E+002   4.801743E-002
   1.660000E+002   4.842918E-002
   1.670000E+002   4.883873E-002
   1.680000E+002   4.924591E-002
   1.690000E+002   4.965054E-002
   1.700000E+002   5.005248E-002
   1.710000E+002   5.045156E-002
   1.720000E+002   5.084761E-002
   1.730000E+002   5.124047E-002
   1.740000E+002   5.162998E-002
   1.750000E+002   5.201597E-002
   1.760000E+002   5.239828E-002
   1.770000E+002   5.277675E-002
   1.780000E+002   5.315121E-002
   1.790000E+002   5.352150E-002
   1.800000E+002   5.388745E-002
   1.810000E+002   5.424892E-002
   1.820000E+002   5.460574E-002
   1.830000E+002   5.495780E-002
   1.840000E+002   5.530494E-002
   1.850000E+002   5.564704E-002
   1.860000E+002   5.598394E-002
   1.870000E+002   5.631552E-002
   1.880000E+002   5.664164E-002
   1.890000E+002   5.696216E-002
   1.900000E+002   5.727694E-002
   1.910000E+002   5.758584E-002
   1.920000E+002   5.788872E-002
   1.930000E+002   5.818545E-002
   1.940000E+002   5.847590E-002
   1.950000E+002   5.875991E-002
   1.960000E+002   5.903735E-002
   1.970000E+002   5.930809E-002
   1.980000E+002   5.957199E-002
   1.990000E+002   5.982891E-002
   2.000000E+002   6.007870E-002
   2.010000E+002   6.032126E-002
   2.020000E+002   6.055651E-002
   2.030000E+002   6.078442E-002
   2.040000E+002   6.100494E-002
   2.050000E+002   6.121802E-002
   2.060000E+002   6.142362E-002
   2.070000E+002   6.162170E-002
   2.080000E+002   6.181221E-002
   2.090000E+002   6.199511E-002
   2.100000E+002   6.217035E-002
   2.110000E+002   6.233789E-002
   2.120000E+002   6.249769E-002
   2.130000E+002   6.264969E-002
   2.140000E+002   6.279386E-002
   2.150000E+002   6.293015E-002
   2.160000E+002   6.305851E-002
   2.170000E+002   6.317891E-002
   2.180000E+002   6.329129E-002
   2.190000E+002   6.339562E-002
   2.200000E+002   6.349184E-002
   2.210000E+002   6.357992E-002
   2.220000E+002   6.365981E-002
   2.230000E+002   6.373146E-002
   2.240000E+002   6.379483E-002
   2.250000E+002   6.384988E-002
   2.260000E+002   6.389657E-002
   2.270000E+002   6.393493E-002
   2.280000E+002   6.396497E-002
   2.290000E+002   6.398674E-002
   2.300000E+002   6.400027E-002
   2.310000E+002   6.400557E-002
   2.320000E+002   6.400269E-002
   2.330000E+002   6.399166E-002
   2.340000E+002   6.397250E-002
   2.350000E+002   6.394525E-002
   2.360000E+002   6.390994E-002
   2.370000E+002   6.386659E-002
   2.380000E+002   6.381524E-002
   2.390000E+002   6.375592E-002
   2.400000E+002   6.368865E-002
   2.410000E+002   6.361348E-002
   2.420000E+002   6.353043E-002
   2.430000E+002   6.343952E-002
   2.440000E+002   6.334080E-002
   2.450000E+002   6.323429E-002
   2.460000E+002   6.312002E-002
   2.470000E+002   6.299802E-002
   2.480000E+002   6.286832E-002
   2.490000E+002   6.273096E-002
   2.500000E+002   6.258596E-002
   2.510000E+002   6.243338E-002
   2.520000E+002   6.227336E-002
   2.530000E+002   6.210605E-002
   2.540000E+002   6.193163E-002
   2.550000E+002   6.175026E-002
   2.560000E+002   6.156210E-002
   2.570000E+002   6.136732E-002
   2.580000E+002   6.116607E-002
   2.590000E+002   6.095852E-002
   2.600000E+002   6.074484E-002
   2.610000E+002   6.052518E-002
   2.620000E+002   6.029972E-002
   2.630000E+002   6.006861E-002
   2.640000E+002   5.983201E-002
   2.650000E+002   5.959010E-002
   2.660000E+002   5.934303E-002
   2.670000E+002   5.909097E-002
   2.680000E+002   5.883408E-002
   2.690000E+002   5.857253E-002
   2.700000E+002   5.830647E-002
   2.710000E+002   5.803607E-002
   2.720000E+002   5.776150E-002
   2.730000E+002   5.748291E-002
   2.740000E+002   5.720047E-002
   2.750000E+002   5.691435E-002
   2.760000E+002   5.662469E-002
   2.770000E+002   5.633155E-002
   2.780000E+002   5.603500E-002
   2.790000E+002   5.573508E-002
   2.800000E+002   5.543184E-002
   2.810000E+002   5.512533E-002
   2.820000E+002   5.481562E-002
   2.830000E+002   5.450274E-002
   2.840000E+002   5.418675E-002
   2.850000E+002   5.386770E-002
   2.860000E+002   5.354564E-002
   2.870000E+002   5.322063E-002
   2.880000E+002   5.289271E-002
   2.890000E+002   5.256194E-002
   2.900000E+002   5.222837E-002
   2.910000E+002   5.189205E-002
   2.920000E+002   5.155304E-002
   2.930000E+002   5.121137E-002
   2.940000E+002   5.086711E-002
   2.950000E+002   5.052031E-002
   2.960000E+002   5.017101E-002
   2.970000E+002   4.981928E-002
   2.980000E+002   4.946515E-002
   2.990000E+002   4.910869E-002
   3.000000E+002   4.874994E-002
   3.010000E+002   4.838898E-002
   3.020000E+002   4.802596E-002
   3.030000E+002   4.766106E-002
   3.040000E+002   4.729445E-002
   3.050000E+002   4.692631E-002
   3.060000E+002   4.655681E-002
   3.070000E+002   4.618613E-002
   3.080000E+002   4.581445E-002
   3.090000E+002   4.544194E-002
   3.100000E+002   4.506878E-002
   3.110000E+002   4.469514E-002
   3.120000E+002   4.432121E-002
   3.130000E+002   4.394714E-002
   3.140000E+002   4.357313E-002
   3.150000E+002   4.319934E-002
   3.160000E+002   4.282595E-002
   3.170000E+002   4.245314E-002
   3.180000E+002   4.208109E-002
   3.190000E+002   4.170996E-002
   3.200000E+002   4.133994E-002
   3.210000E+002   4.097120E-002
   3.220000E+002   4.060391E-002
   3.230000E+002   4.023826E-002
   3.240000E+002   3.987441E-002
   3.250000E+002   3.951255E-002
   3.260000E+002   3.915285E-002
   3.270000E+002   3.879548E-002
   3.280000E+002   3.844063E-002
   3.290000E+002   3.808846E-002
   3.300000E+002   3.773915E-002
   3.310000E+002   3.739288E-002
   3.320000E+002   3.704983E-002
   3.330000E+002   3.671016E-002
   3.340000E+002   3.637406E-002
   3.350000E+002   3.604170E-002
   3.360000E+002   3.571326E-002
   3.370000E+002   3.538891E-002
   3.380000E+002   3.506883E-002
   3.390000E+002   3.475319E-002
   3.400000E+002   3.444217E-002
   3.410000E+002   3.413595E-002
   3.420000E+002   3.383470E-002
   3.430000E+002   3.353859E-002
   3.440000E+002   3.324781E-002
   3.450000E+002   3.296253E-002
   3.460000E+002   3.268292E-002
   3.470000E+002   3.240916E-002
   3.480000E+002   3.214143E-002
   3.490000E+002   3.187990E-002
   3.500000E+002   3.162474E-002
   3.510000E+002   3.137611E-002
   3.520000E+002   3.113400E-002
   3.530000E+002   3.089840E-002
   3.540000E+002   3.066927E-002
   3.550000E+002   3.044660E-002
   3.560000E+002   3.023035E-002
   3.570000E+002   3.002051E-002
   3.580000E+002   2.981704E-002
   3.590000E+002   2.961993E-002
   3.600000E+002   2.942914E-002
   3.610000E+002   2.924466E-002
   3.620000E+002   2.906645E-002
   3.630000E+002   2.889450E-002
   3.640000E+002   2.872877E-002
   3.650000E+002   2.856924E-002
   3.660000E+002   2.841589E-002
   3.670000E+002   2.826870E-002
   3.680000E+002   2.812763E-002
   3.690000E+002   2.799266E-002
   3.700000E+002   2.786377E-002
   3.710000E+002   2.774093E-002
   3.720000E+002   2.762412E-002
   3.730000E+002   2.751331E-002
   3.740000E+002   2.740847E-002
   3.750000E+002   2.730959E-002
   3.760000E+002   2.721663E-002
   3.770000E+002   2.712957E-002
   3.780000E+002   2.704839E-002
   3.790000E+002   2.697307E-002
   3.800000E+002   2.690356E-002
   3.810000E+002   2.683986E-002
   3.820000E+002   2.678194E-002
   3.830000E+002   2.672976E-002
   3.840000E+002   2.668331E-002
   3.850000E+002   2.664256E-002
   3.860000E+002   2.660749E-002
   3.870000E+002   2.657807E-002
   3.880000E+002   2.655427E-002
   3.890000E+002   2.653608E-002
   3.900000E+002   2.652346E-002
   3.910000E+002   2.651639E-002
   3.920000E+002   2.651484E-002
   3.930000E+002   2.651880E-002
   3.940000E+002   2.652823E-002
   3.950000E+002   2.654311E-002
   3.960000E+002   2.656341E-002
   3.970000E+002   2.658912E-002
   3.980000E+002   2.662020E-002
   3.990000E+002   2.665663E-002
   4.000000E+002   2.669838E-002
   4.010000E+002   2.674542E-002
   4.020000E+002   2.679766E-002
   4.030000E+002   2.685499E-002
   4.040000E+002   2.691730E-002
   4.050000E+002   2.698450E-002
   4.060000E+002   2.705648E-002
   4.070000E+002   2.713313E-002
   4.080000E+002   2.721435E-002
   4.090000E+002   2.730004E-002
   4.100000E+002   2.739009E-002
   4.110000E+002   2.748440E-002
   4.120000E+002   2.758286E-002
   4.130000E+002   2.768537E-002
   4.140000E+002   2.779182E-002
   4.150000E+002   2.790212E-002
   4.160000E+002   2.801616E-002
   4.170000E+002   2.813382E-002
   4.180000E+002   2.825502E-002
   4.190000E+002   2.837964E-002
   4.200000E+002   2.850758E-002
   4.210000E+002   2.863873E-002
   4.220000E+002   2.877300E-002
   4.230000E+002   2.891027E-002
   4.240000E+002   2.905045E-002
   4.250000E+002   2.919343E-002
   4.260000E+002   2.933910E-002
   4.270000E+002   2.948737E-002
   4.280000E+002   2.963812E-002
   4.290000E+002   2.979125E-002
   4.300000E+002   2.994666E-002
   4.310000E+002   3.010424E-002
   4.320000E+002   3.026390E-002
   4.330000E+002   3.042552E-002
   4.340000E+002   3.058900E-002
   4.350000E+002   3.075424E-002
   4.360000E+002   3.092113E-002
   4.370000E+002   3.108957E-002
   4.380000E+002   3.125946E-002
   4.390000E+002   3.143069E-002
   4.400000E+002   3.160315E-002
   4.410000E+002   3.177674E-002
   4.420000E+002   3.195137E-002
   4.430000E+002   3.212691E-002
   4.440000E+002   3.230328E-002
   4.450000E+002   3.248036E-002
   4.460000E+002   3.265806E-002
   4.470000E+002   3.283626E-002
   4.480000E+002   3.301486E-002
   4.490000E+002   3.319376E-002
   4.500000E+002   3.337286E-002
   4.510000E+002   3.355205E-002
   4.520000E+002   3.373124E-002
   4.530000E+002   3.391036E-002
   4.540000E+002   3.408930E-002
   4.550000E+002   3.426799E-002
   4.560000E+002   3.444634E-002
   4.570000E+002   3.462427E-002
   4.580000E+002   3.480168E-002
   4.590000E+002   3.497850E-002
   4.600000E+002   3.515463E-002
   4.610000E+002   3.533000E-002
   4.620000E+002   3.550450E-002
   4.630000E+002   3.567807E-002
   4.640000E+002   3.585060E-002
   4.650000E+002   3.602203E-002
   4.660000E+002   3.619225E-002
   4.670000E+002   3.636119E-002
   4.680000E+002   3.652876E-002
   4.690000E+002   3.669486E-002
   4.700000E+002   3.685943E-002
   4.710000E+002   3.702236E-002
   4.720000E+002   3.718358E-002
   4.730000E+002   3.734299E-002
   4.740000E+002   3.750052E-002
   4.750000E+002   3.765608E-002
   4.760000E+002   3.780957E-002
   4.770000E+002   3.796092E-002
   4.780000E+002   3.811003E-002
   4.790000E+002   3.825683E-002
   4.800000E+002   3.840123E-002
   4.810000E+002   3.854313E-002
   4.820000E+002   3.868246E-002
   4.830000E+002   3.881912E-002
   4.840000E+002   3.895304E-002
   4.850000E+002   3.908412E-002
   4.860000E+002   3.921228E-002
   4.870000E+002   3.933744E-002
   4.880000E+002   3.945951E-002
   4.890000E+002   3.957839E-002
   4.900000E+002   3.969401E-002
   4.910000E+002   3.980629E-002
   4.920000E+002   3.991512E-002
   4.930000E+002   4.002043E-002
   4.940000E+002   4.012214E-002
   4.950000E+002   4.022015E-002
   4.960000E+002   4.031438E-002
   4.970000E+002   4.040474E-002
   4.980000E+002   4.049116E-002
   4.990000E+002   4.057353E-002
   5.000000E+002   4.065178E-002
   5.010000E+002   4.072583E-002
   5.020000E+002   4.079570E-002
   5.030000E+002   4.086140E-002
   5.040000E+002   4.092296E-002
   5.050000E+002   4.098039E-002
   5.060000E+002   4.103372E-002
   5.070000E+002   4.108298E-002
   5.080000E+002   4.112817E-002
   5.090000E+002   4.116933E-002
   5.100000E+002   4.120647E-002
   5.110000E+002   4.123962E-002
   5.120000E+002   4.126880E-002
   5.130000E+002   4.129404E-002
   5.140000E+002   4.131534E-002
   5.150000E+002   4.133274E-002
   5.160000E+002   4.134626E-002
   5.170000E+002   4.135591E-002
   5.180000E+002   4.136173E-002
   5.190000E+002   4.136372E-002
   5.200000E+002   4.136192E-002
   5.210000E+002   4.135635E-002
   5.220000E+002   4.134702E-002
   5.230000E+002   4.133397E-002
   5.240000E+002   4.131720E-002
   5.250000E+002   4.129675E-002
   5.260000E+002   4.127263E-002
   5.270000E+002   4.124487E-002
   5.280000E+002   4.121348E-002
   5.290000E+002   4.117850E-002
   5.300000E+002   4.113994E-002
   5.310000E+002   4.109782E-002
   5.320000E+002   4.105216E-002
   5.330000E+002   4.100300E-002
   5.340000E+002   4.095034E-002
   5.350000E+002   4.089421E-002
   5.360000E+002   4.083464E-002
   5.370000E+002   4.077164E-002
   5.380000E+002   4.070523E-002
   5.390000E+002   4.063545E-002
   5.400000E+002   4.056230E-002
   5.410000E+002   4.048582E-002
   5.420000E+002   4.040602E-002
   5.430000E+002   4.032292E-002
   5.440000E+002   4.023655E-002
   5.450000E+002   4.014693E-002
   5.460000E+002   4.005408E-002
   5.470000E+002   3.995802E-002
   5.480000E+002   3.985878E-002
   5.490000E+002   3.975637E-002
   5.500000E+002   3.965082E-002
   5.510000E+002   3.954217E-002
   5.520000E+002   3.943047E-002
   5.530000E+002   3.931583E-002
   5.540000E+002   3.919833E-002
   5.550000E+002   3.907805E-002
   5.560000E+002   3.895508E-002
   5.570000E+002   3.882951E-002
   5.580000E+002   3.870142E-002
   5.590000E+002   3.857091E-002
   5.600000E+002   3.843804E-002
   5.610000E+002   3.830292E-002
   5.620000E+002   3.816563E-002
   5.630000E+002   3.802626E-002
   5.640000E+002   3.788488E-002
   5.650000E+002   3.774159E-002
   5.660000E+002   3.759648E-002
   5.670000E+002   3.744962E-002
   5.680000E+002   3.730111E-002
   5.690000E+002   3.715104E-002
   5.700000E+002   3.699948E-002
   5.710000E+002   3.684652E-002
   5.720000E+002   3.669226E-002
   5.730000E+002   3.653677E-002
   5.740000E+002   3.638015E-002
   5.750000E+002   3.622248E-002
   5.760000E+002   3.606384E-002
   5.770000E+002   3.590433E-002
   5.780000E+002   3.574402E-002
   5.790000E+002   3.558301E-002
   5.800000E+002   3.542138E-002
   5.810000E+002   3.525922E-002
   5.820000E+002   3.509661E-002
   5.830000E+002   3.493364E-002
   5.840000E+002   3.477040E-002
   5.850000E+002   3.460697E-002
   5.860000E+002   3.444344E-002
   5.870000E+002   3.427989E-002
   5.880000E+002   3.411642E-002
   5.890000E+002   3.395310E-002
   5.900000E+002   3.379003E-002
   5.910000E+002   3.362728E-002
   5.920000E+002   3.346495E-002
   5.930000E+002   3.330313E-002
   5.940000E+002   3.314189E-002
   5.950000E+002   3.298133E-002
   5.960000E+002   3.282153E-002
   5.970000E+002   3.266257E-002
   5.980000E+002   3.250455E-002
   5.990000E+002   3.234756E-002
   6.000000E+002   3.219166E-002
   6.010000E+002   3.203696E-002
   6.020000E+002   3.188349E-002
   6.030000E+002   3.173132E-002
   6.040000E+002   3.158050E-002
   6.050000E+002   3.143107E-002
   6.060000E+002   3.128309E-002
   6.070000E+002   3.113660E-002
   6.080000E+002   3.099167E-002
   6.090000E+002   3.084833E-002
   6.100000E+002   3.070664E-002
   6.110000E+002   3.056665E-002
   6.120000E+002   3.042841E-002
   6.130000E+002   3.029197E-002
   6.140000E+002   3.015739E-002
   6.150000E+002   3.002471E-002
   6.160000E+002   2.989398E-002
   6.170000E+002   2.976526E-002
   6.180000E+002   2.963859E-002
   6.190000E+002   2.951403E-002
   6.200000E+002   2.939163E-002
   6.210000E+002   2.927143E-002
   6.220000E+002   2.915350E-002
   6.230000E+002   2.903787E-002
   6.240000E+002   2.892460E-002
   6.250000E+002   2.881375E-002
   6.260000E+002   2.870535E-002
   6.270000E+002   2.859947E-002
   6.280000E+002   2.849615E-002
   6.290000E+002   2.839544E-002
   6.300000E+002   2.829740E-002
   6.310000E+002   2.820208E-002
   6.320000E+002   2.810952E-002
   6.330000E+002   2.801977E-002
   6.340000E+002   2.793290E-002
   6.350000E+002   2.784894E-002
   6.360000E+002   2.776796E-002
   6.370000E+002   2.768999E-002
   6.380000E+002   2.761509E-002
   6.390000E+002   2.754332E-002
   6.400000E+002   2.747472E-002
   6.410000E+002   2.740934E-002
   6.420000E+002   2.734723E-002
   6.430000E+002   2.728845E-002
   6.440000E+002   2.723305E-002
   6.450000E+002   2.718107E-002
   6.460000E+002   2.713256E-002
   6.470000E+002   2.708759E-002
   6.480000E+002   2.704619E-002
   6.490000E+002   2.700842E-002
   6.500000E+002   2.697434E-002
   6.510000E+002   2.694397E-002
   6.520000E+002   2.691729E-002
   6.530000E+002   2.689427E-002
   6.540000E+002   2.687488E-002
   6.550000E+002   2.685907E-002
   6.560000E+002   2.684681E-002
   6.570000E+002   2.683807E-002
   6.580000E+002   2.683280E-002
   6.590000E+002   2.683098E-002
   6.600000E+002   2.683256E-002
   6.610000E+002   2.683752E-002
   6.620000E+002   2.684581E-002
   6.630000E+002   2.685740E-002
   6.640000E+002   2.687225E-002
   6.650000E+002   2.689033E-002
   6.660000E+002   2.691160E-002
   6.670000E+002   2.693602E-002
   6.680000E+002   2.696356E-002
   6.690000E+002   2.699419E-002
   6.700000E+002   2.702786E-002
   6.710000E+002   2.706454E-002
   6.720000E+002   2.710419E-002
   6.730000E+002   2.714679E-002
   6.740000E+002   2.719229E-002
   6.750000E+002   2.724065E-002
   6.760000E+002   2.729185E-002
   6.770000E+002   2.734583E-002
   6.780000E+002   2.740258E-002
   6.790000E+002   2.746205E-002
   6.800000E+002   2.752421E-002
   6.810000E+002   2.758902E-002
   6.820000E+002   2.765644E-002
   6.830000E+002   2.772644E-002
   6.840000E+002   2.779898E-002
   6.850000E+002   2.787403E-002
   6.860000E+002   2.795155E-002
   6.870000E+002   2.803151E-002
   6.880000E+002   2.811386E-002
   6.890000E+002   2.819858E-002
   6.900000E+002   2.828562E-002
   6.910000E+002   2.837496E-002
   6.920000E+002   2.846654E-002
   6.930000E+002   2.856035E-002
   6.940000E+002   2.865634E-002
   6.950000E+002   2.875447E-002
   6.960000E+002   2.885472E-002
   6.970000E+002   2.895704E-002
   6.980000E+002   2.906140E-002
   6.990000E+002   2.916776E-002
   7.000000E+002   2.927609E-002
   7.010000E+002   2.938634E-002
   7.020000E+002   2.949845E-002
   7.030000E+002   2.961234E-002
   7.040000E+002   2.972794E-002
   7.050000E+002   2.984518E-002
   7.060000E+002   2.996397E-002
   7.070000E+002   3.008425E-002
   7.080000E+002   3.020594E-002
   7.090000E+002   3.032897E-002
   7.100000E+002   3.045327E-002
   7.110000E+002   3.057875E-002
   7.120000E+002   3.070535E-002
   7.130000E+002   3.083300E-002
   7.140000E+002   3.096161E-002
   7.150000E+002   3.109111E-002
   7.160000E+002   3.122144E-002
   7.170000E+002   3.135251E-002
   7.180000E+002   3.148425E-002
   7.190000E+002   3.161659E-002
   7.200000E+002   3.174945E-002
   7.210000E+002   3.188276E-002
   7.220000E+002   3.201645E-002
   7.230000E+002   3.215044E-002
   7.240000E+002   3.228465E-002
   7.250000E+002   3.241902E-002
   7.260000E+002   3.255347E-002
   7.270000E+002   3.268793E-002
   7.280000E+002   3.282231E-002
   7.290000E+002   3.295655E-002
   7.300000E+002   3.309058E-002
   7.310000E+002   3.322431E-002
   7.320000E+002   3.335768E-002
   7.330000E+002   3.349061E-002
   7.340000E+002   3.362303E-002
   7.350000E+002   3.375486E-002
   7.360000E+002   3.388603E-002
   7.370000E+002   3.401646E-002
   7.380000E+002   3.414608E-002
   7.390000E+002   3.427482E-002
   7.400000E+002   3.440261E-002
   7.410000E+002   3.452936E-002
   7.420000E+002   3.465500E-002
   7.430000E+002   3.477947E-002
   7.440000E+002   3.490268E-002
   7.450000E+002   3.502457E-002
   7.460000E+002   3.514505E-002
   7.470000E+002   3.526406E-002
   7.480000E+002   3.538151E-002
   7.490000E+002   3.549735E-002
   7.500000E+002   3.561148E-002
   7.510000E+002   3.572385E-002
   7.520000E+002   3.583441E-002
   7.530000E+002   3.594312E-002
   7.540000E+002   3.604995E-002
   7.550000E+002   3.615485E-002
   7.560000E+002   3.625779E-002
   7.570000E+002   3.635874E-002
   7.580000E+002   3.645765E-002
   7.590000E+002   3.655449E-002
   7.600000E+002   3.664921E-002
   7.610000E+002   3.674179E-002
   7.620000E+002   3.683217E-002
   7.630000E+002   3.692034E-002
   7.640000E+002   3.700624E-002
   7.650000E+002   3.708984E-002
   7.660000E+002   3.717111E-002
   7.670000E+002   3.725000E-002
   7.680000E+002   3.732648E-002
   7.690000E+002   3.740050E-002
   7.700000E+002   3.747204E-002
   7.710000E+002   3.754106E-002
   7.720000E+002   3.760750E-002
   7.730000E+002   3.767135E-002
   7.740000E+002   3.773256E-002
   7.750000E+002   3.779109E-002
   7.760000E+002   3.784691E-002
   7.770000E+002   3.789998E-002
   7.780000E+002   3.795025E-002
   7.790000E+002   3.799770E-002
   7.800000E+002   3.804229E-002
   7.810000E+002   3.808397E-002
   7.820000E+002   3.812271E-002
   7.830000E+002   3.815847E-002
   7.840000E+002   3.819122E-002
   7.850000E+002   3.822091E-002
   7.860000E+002   3.824751E-002
   7.870000E+002   3.827098E-002
   7.880000E+002   3.829129E-002
   7.890000E+002   3.830839E-002
   7.900000E+002   3.832225E-002
   7.910000E+002   3.833283E-002
   7.920000E+002   3.834009E-002
   7.930000E+002   3.834400E-002
   7.940000E+002   3.834452E-002
   7.950000E+002   3.834160E-002
   7.960000E+002   3.833522E-002
   7.970000E+002   3.832533E-002
   7.980000E+002   3.831189E-002
   7.990000E+002   3.829488E-002
   8.000000E+002   3.827424E-002
   8.010000E+002   3.824997E-002
   8.020000E+002   3.822207E-002
   8.030000E+002   3.819060E-002
   8.040000E+002   3.815559E-002
   8.050000E+002   3.811708E-002
   8.060000E+002   3.807511E-002
   8.070000E+002   3.802972E-002
   8.080000E+002   3.798095E-002
   8.090000E+002   3.792884E-002
   8.100000E+002   3.787343E-002
   8.110000E+002   3.781476E-002
   8.120000E+002   3.775286E-002
   8.130000E+002   3.768778E-002
   8.140000E+002   3.761956E-002
   8.150000E+002   3.754823E-002
   8.160000E+002   3.747384E-002
   8.170000E+002   3.739643E-002
   8.180000E+002   3.731602E-002
   8.190000E+002   3.723267E-002
   8.200000E+002   3.714642E-002
   8.210000E+002   3.705730E-002
   8.220000E+002   3.696534E-002
   8.230000E+002   3.687060E-002
   8.240000E+002   3.677312E-002
   8.250000E+002   3.667292E-002
   8.260000E+002   3.657005E-002
   8.270000E+002   3.646455E-002
   8.280000E+002   3.635646E-002
   8.290000E+002   3.624582E-002
   8.300000E+002   3.613266E-002
   8.310000E+002   3.601704E-002
   8.320000E+002   3.589898E-002
   8.330000E+002   3.577852E-002
   8.340000E+002   3.565571E-002
   8.350000E+002   3.553059E-002
   8.360000E+002   3.540319E-002
   8.370000E+002   3.527356E-002
   8.380000E+002   3.514173E-002
   8.390000E+002   3.500774E-002
   8.400000E+002   3.487163E-002
   8.410000E+002   3.473345E-002
   8.420000E+002   3.459322E-002
   8.430000E+002   3.445100E-002
   8.440000E+002   3.430682E-002
   8.450000E+002   3.416072E-002
   8.460000E+002   3.401273E-002
   8.470000E+002   3.386291E-002
   8.480000E+002   3.371128E-002
   8.490000E+002   3.355789E-002
   8.500000E+002   3.340278E-002
   8.510000E+002   3.324599E-002
   8.520000E+002   3.308757E-002
   8.530000E+002   3.292760E-002
   8.540000E+002   3.276613E-002
   8.550000E+002   3.260321E-002
   8.560000E+002   3.243893E-002
   8.570000E+002   3.227333E-002
   8.580000E+002   3.210648E-002
   8.590000E+002   3.193843E-002
   8.600000E+002   3.176926E-002
   8.610000E+002   3.159902E-002
   8.620000E+002   3.142778E-002
   8.630000E+002   3.125559E-002
   8.640000E+002   3.108252E-002
   8.650000E+002   3.090862E-002
   8.660000E+002   3.073397E-002
   8.670000E+002   3.055862E-002
   8.680000E+002   3.038263E-002
   8.690000E+002   3.020607E-002
   8.700000E+002   3.002900E-002
   8.710000E+002   2.985147E-002
   8.720000E+002   2.967355E-002
   8.730000E+002   2.949531E-002
   8.740000E+002   2.931680E-002
   8.750000E+002   2.913808E-002
   8.760000E+002   2.895922E-002
   8.770000E+002   2.878028E-002
   8.780000E+002   2.860132E-002
   8.790000E+002   2.842240E-002
   8.800000E+002   2.824358E-002
   8.810000E+002   2.806493E-002
   8.820000E+002   2.788651E-002
   8.830000E+002   2.770837E-002
   8.840000E+002   2.753058E-002
   8.850000E+002   2.735320E-002
   8.860000E+002   2.717630E-002
   8.870000E+002   2.699992E-002
   8.880000E+002   2.682415E-002
   8.890000E+002   2.664903E-002
   8.900000E+002   2.647463E-002
   8.910000E+002   2.630102E-002
   8.920000E+002   2.612824E-002
   8.930000E+002   2.595637E-002
   8.940000E+002   2.578546E-002
   8.950000E+002   2.561558E-002
   8.960000E+002   2.544679E-002
   8.970000E+002   2.527915E-002
   8.980000E+002   2.511272E-002
   8.990000E+002   2.494757E-002
   9.000000E+002   2.478375E-002
   9.010000E+002   2.462132E-002
   9.020000E+002   2.446032E-002
   9.030000E+002   2.430077E-002
   9.040000E+002   2.414270E-002
   9.050000E+002   2.398614E-002
   9.060000E+002   2.383112E-002
   9.070000E+002   2.367767E-002
   9.080000E+002   2.352581E-002
   9.090000E+002   2.337557E-002
   9.100000E+002   2.322698E-002
   9.110000E+002   2.308008E-002
   9.120000E+002   2.293488E-002
   9.130000E+002   2.279142E-002
   9.140000E+002   2.264972E-002
   9.150000E+002   2.250981E-002
   9.160000E+002   2.237173E-002
   9.170000E+002   2.223549E-002
   9.180000E+002   2.210113E-002
   9.190000E+002   2.196868E-002
   9.200000E+002   2.183816E-002
   9.210000E+002   2.170961E-002
   9.220000E+002   2.158304E-002
   9.230000E+002   2.145849E-002
   9.240000E+002   2.133599E-002
   9.250000E+002   2.121557E-002
   9.260000E+002   2.109724E-002
   9.270000E+002   2.098105E-002
   9.280000E+002   2.086703E-002
   9.290000E+002   2.075518E-002
   9.300000E+002   2.064556E-002
   9.310000E+002   2.053818E-002
   9.320000E+002   2.043307E-002
   9.330000E+002   2.033027E-002
   9.340000E+002   2.022979E-002
   9.350000E+002   2.013168E-002
   9.360000E+002   2.003594E-002
   9.370000E+002   1.994263E-002
   9.380000E+002   1.985175E-002
   9.390000E+002   1.976335E-002
   9.400000E+002   1.967745E-002
   9.410000E+002   1.959407E-002
   9.420000E+002   1.951325E-002
   9.430000E+002   1.943502E-002
   9.440000E+002   1.935940E-002
   9.450000E+002   1.928641E-002
   9.460000E+002   1.921610E-002
   9.470000E+002   1.914848E-002
   9.480000E+002   1.908359E-002
   9.490000E+002   1.902146E-002
   9.500000E+002   1.896210E-002
   9.510000E+002   1.890555E-002
   9.520000E+002   1.885178E-002
   9.530000E+002   1.880076E-002
   9.540000E+002   1.875246E-002
   9.550000E+002   1.870686E-002
   9.560000E+002   1.866393E-002
   9.570000E+002   1.862363E-002
   9.580000E+002   1.858595E-002
   9.590000E+002   1.855084E-002
   9.600000E+002   1.851828E-002
   9.610000E+002   1.848825E-002
   9.620000E+002   1.846071E-002
   9.630000E+002   1.843563E-002
   9.640000E+002   1.841299E-002
   9.650000E+002   1.839276E-002
   9.660000E+002   1.837490E-002
   9.670000E+002   1.835940E-002
   9.680000E+002   1.834622E-002
   9.690000E+002   1.833532E-002
   9.700000E+002   1.832669E-002
   9.710000E+002   1.832030E-002
   9.720000E+002   1.831611E-002
   9.730000E+002   1.831410E-002
   9.740000E+002   1.831423E-002
   9.750000E+002   1.831649E-002
   9.760000E+002   1.832083E-002
   9.770000E+002   1.832724E-002
   9.780000E+002   1.833567E-002
   9.790000E+002   1.834612E-002
   9.800000E+002   1.835853E-002
   9.810000E+002   1.837290E-002
   9.820000E+002   1.838918E-002
   9.830000E+002   1.840735E-002
   9.840000E+002   1.842738E-002
   9.850000E+002   1.844924E-002
   9.860000E+002   1.847290E-002
   9.870000E+002   1.849833E-002
   9.880000E+002   1.852551E-002
   9.890000E+002   1.855441E-002
   9.900000E+002   1.858499E-002
   9.910000E+002   1.861723E-002
   9.920000E+002   1.865110E-002
   9.930000E+002   1.868658E-002
   9.940000E+002   1.872362E-002
   9.950000E+002   1.876220E-002
   9.960000E+002   1.880230E-002
   9.970000E+002   1.884389E-002
   9.980000E+002   1.888693E-002
   9.990000E+002   1.893140E-002
   1.000000E+003   1.897727E-002
   1.001000E+003   1.902450E-002
   1.002000E+003   1.907306E-002
   1.003000E+003   1.912289E-002
   1.004000E+003   1.917395E-002
   1.005000E+003   1.922619E-002
   1.006000E+003   1.927955E-002
   1.007000E+003   1.933400E-002
   1.008000E+003   1.938948E-002
   1.009000E+003   1.944595E-002
   1.010000E+003   1.950336E-002
   1.011000E+003   1.956165E-002
   1.012000E+003   1.962079E-002
   1.013000E+003   1.968072E-002
   1.014000E+003   1.974140E-002
   1.015000E+003   1.980278E-002
   1.016000E+003   1.986481E-002
   1.017000E+003   1.992744E-002
   1.018000E+003   1.999062E-002
   1.019000E+003   2.005431E-002
   1.020000E+003   2.011846E-002
   1.021000E+003   2.018302E-002
   1.022000E+003   2.024794E-002
   1.023000E+003   2.031317E-002
   1.024000E+003   2.037867E-002
   1.025000E+003   2.044439E-002
   1.026000E+003   2.051028E-002
   1.027000E+003   2.057629E-002
   1.028000E+003   2.064237E-002
   1.029000E+003   2.070849E-002
   1.030000E+003   2.077457E-002
   1.031000E+003   2.084059E-002
   1.032000E+003   2.090650E-002
   1.033000E+003   2.097223E-002
   1.034000E+003   2.103776E-002
   1.035000E+003   2.110302E-002
   1.036000E+003   2.116797E-002
   1.037000E+003   2.123256E-002
   1.038000E+003   2.129675E-002
   1.039000E+003   2.136048E-002
   1.040000E+003   2.142371E-002
   1.041000E+003   2.148639E-002
   1.042000E+003   2.154848E-002
   1.043000E+003   2.160992E-002
   1.044000E+003   2.167066E-002
   1.045000E+003   2.173066E-002
   1.046000E+003   2.178988E-002
   1.047000E+003   2.184825E-002
   1.048000E+003   2.190574E-002
   1.049000E+003   2.196230E-002
   1.050000E+003   2.201787E-002
   1.051000E+003   2.207242E-002
   1.052000E+003   2.212592E-002
   1.053000E+003   2.217836E-002
   1.054000E+003   2.222970E-002
   1.055000E+003   2.227995E-002
   1.056000E+003   2.232907E-002
   1.057000E+003   2.237704E-002
   1.058000E+003   2.242386E-002
   1.059000E+003   2.246949E-002
   1.060000E+003   2.251393E-002
   1.061000E+003   2.255715E-002
   1.062000E+003   2.259913E-002
   1.063000E+003   2.263986E-002
   1.064000E+003   2.267931E-002
   1.065000E+003   2.271747E-002
   1.066000E+003   2.275432E-002
   1.067000E+003   2.278984E-002
   1.068000E+003   2.282400E-002
   1.069000E+003   2.285681E-002
   1.070000E+003   2.288822E-002
   1.071000E+003   2.291823E-002
   1.072000E+003   2.294681E-002
   1.073000E+003   2.297395E-002
   1.074000E+003   2.299963E-002
   1.075000E+003   2.302383E-002
   1.076000E+003   2.304653E-002
   1.077000E+003   2.306771E-002
   1.078000E+003   2.308736E-002
   1.079000E+003   2.310545E-002
   1.080000E+003   2.312196E-002
   1.081000E+003   2.313688E-002
   1.082000E+003   2.315019E-002
   1.083000E+003   2.316186E-002
   1.084000E+003   2.317189E-002
   1.085000E+003   2.318025E-002
   1.086000E+003   2.318692E-002
   1.087000E+003   2.319189E-002
   1.088000E+003   2.319513E-002
   1.089000E+003   2.319662E-002
   1.090000E+003   2.319636E-002
   1.091000E+003   2.319431E-002
   1.092000E+003   2.319046E-002
   1.093000E+003   2.318480E-002
   1.094000E+003   2.317729E-002
   1.095000E+003   2.316793E-002
   1.096000E+003   2.315670E-002
   1.097000E+003   2.314357E-002
   1.098000E+003   2.312852E-002
   1.099000E+003   2.311155E-002
   1.100000E+003   2.309262E-002
   1.101000E+003   2.307174E-002
   1.102000E+003   2.304891E-002
   1.103000E+003   2.302418E-002
   1.104000E+003   2.299756E-002
   1.105000E+003   2.296909E-002
   1.106000E+003   2.293881E-002
   1.107000E+003   2.290673E-002
   1.108000E+003   2.287288E-002
   1.109000E+003   2.283731E-002
   1.110000E+003   2.280003E-002
   1.111000E+003   2.276108E-002
   1.112000E+003   2.272048E-002
   1.113000E+003   2.267827E-002
   1.114000E+003   2.263448E-002
   1.115000E+003   2.258913E-002
   1.116000E+003   2.254225E-002
   1.117000E+003   2.249388E-002
   1.118000E+003   2.244404E-002
   1.119000E+003   2.239276E-002
   1.120000E+003   2.234008E-002
   1.121000E+003   2.228602E-002
   1.122000E+003   2.223061E-002
   1.123000E+003   2.217388E-002
   1.124000E+003   2.211586E-002
   1.125000E+003   2.205659E-002
   1.126000E+003   2.199608E-002
   1.127000E+003   2.193437E-002
   1.128000E+003   2.187149E-002
   1.129000E+003   2.180747E-002
   1.130000E+003   2.174234E-002
   1.131000E+003   2.167613E-002
   1.132000E+003   2.160886E-002
   1.133000E+003   2.154057E-002
   1.134000E+003   2.147129E-002
   1.135000E+003   2.140104E-002
   1.136000E+003   2.132986E-002
   1.137000E+003   2.125777E-002
   1.138000E+003   2.118481E-002
   1.139000E+003   2.111100E-002
   1.140000E+003   2.103638E-002
   1.141000E+003   2.096097E-002
   1.142000E+003   2.088480E-002
   1.143000E+003   2.080791E-002
   1.144000E+003   2.073031E-002
   1.145000E+003   2.065205E-002
   1.146000E+003   2.057315E-002
   1.147000E+003   2.049364E-002
   1.148000E+003   2.041356E-002
   1.149000E+003   2.033292E-002
   1.150000E+003   2.025176E-002
   1.151000E+003   2.017010E-002
   1.152000E+003   2.008797E-002
   1.153000E+003   2.000536E-002
   1.154000E+003   1.992230E-002
   1.155000E+003   1.983878E-002
   1.156000E+003   1.975482E-002
   1.157000E+003   1.967042E-002
   1.158000E+003   1.958561E-002
   1.159000E+003   1.950038E-002
   1.160000E+003   1.941475E-002
   1.161000E+003   1.932873E-002
   1.162000E+003   1.924232E-002
   1.163000E+003   1.915554E-002
   1.164000E+003   1.906840E-002
   1.165000E+003   1.898091E-002
   1.166000E+003   1.889307E-002
   1.167000E+003   1.880489E-002
   1.168000E+003   1.871640E-002
   1.169000E+003   1.862759E-002
   1.170000E+003   1.853847E-002
   1.171000E+003   1.844906E-002
   1.172000E+003   1.835937E-002
   1.173000E+003   1.826940E-002
   1.174000E+003   1.817916E-002
   1.175000E+003   1.808867E-002
   1.176000E+003   1.799794E-002
   1.177000E+003   1.790696E-002
   1.178000E+003   1.781577E-002
   1.179000E+003   1.772435E-002
   1.180000E+003   1.763273E-002
   1.181000E+003   1.754092E-002
   1.182000E+003   1.744892E-002
   1.183000E+003   1.735674E-002
   1.184000E+003   1.726439E-002
   1.185000E+003   1.717189E-002
   1.186000E+003   1.707924E-002
   1.187000E+003   1.698645E-002
   1.188000E+003   1.689353E-002
   1.189000E+003   1.680050E-002
   1.190000E+003   1.670736E-002
   1.191000E+003   1.661412E-002
   1.192000E+003   1.652079E-002
   1.193000E+003   1.642739E-002
   1.194000E+003   1.633391E-002
   1.195000E+003   1.624038E-002
   1.196000E+003   1.614679E-002
   1.197000E+003   1.605317E-002
   1.198000E+003   1.595952E-002
   1.199000E+003   1.586585E-002
   1.200000E+003   1.577217E-002
