   1.000000E+000   1.813256E-002
   2.000000E+000   2.273263E-002
   3.000000E+000   2.733270E-002
   4.000000E+000   2.755693E-002
   5.000000E+000   2.712172E-002
   6.000000E+000   2.695696E-002
   7.000000E+000   2.678116E-002
   8.000000E+000   2.659751E-002
   9.000000E+000   2.646234E-002
   1.000000E+001   2.635988E-002
   1.100000E+001   2.626269E-002
   1.200000E+001   2.616870E-002
   1.300000E+001   2.608101E-002
   1.400000E+001   2.599784E-002
   1.500000E+001   2.591623E-002
   1.600000E+001   2.583366E-002
   1.700000E+001   2.574953E-002
   1.800000E+001   2.566368E-002
   1.900000E+001   2.557597E-002
   2.000000E+001   2.548625E-002
   2.100000E+001   2.539441E-002
   2.200000E+001   2.530049E-002
   2.300000E+001   2.520456E-002
   2.400000E+001   2.510670E-002
   2.500000E+001   2.500697E-002
   2.600000E+001   2.490547E-002
   2.700000E+001   2.480225E-002
   2.800000E+001   2.469739E-002
   2.900000E+001   2.459097E-002
   3.000000E+001   2.448307E-002
   3.100000E+001   2.437378E-002
   3.200000E+001   2.426334E-002
   3.300000E+001   2.415202E-002
   3.400000E+001   2.404010E-002
   3.500000E+001   2.392783E-002
   3.600000E+001   2.381549E-002
   3.700000E+001   2.370335E-002
   3.800000E+001   2.359167E-002
   3.900000E+001   2.348073E-002
   4.000000E+001   2.337079E-002
   4.100000E+001   2.326210E-002
   4.200000E+001   2.315487E-002
   4.300000E+001   2.304927E-002
   4.400000E+001   2.294550E-002
   4.500000E+001   2.284373E-002
   4.600000E+001   2.274415E-002
   4.700000E+001   2.264694E-002
   4.800000E+001   2.255229E-002
   4.900000E+001   2.246038E-002
   5.000000E+001   2.237140E-002
   5.100000E+001   2.228552E-002
   5.200000E+001   2.220291E-002
   5.300000E+001   2.212376E-002
   5.400000E+001   2.204823E-002
   5.500000E+001   2.197648E-002
   5.600000E+001   2.190870E-002
   5.700000E+001   2.184504E-002
   5.800000E+001   2.178569E-002
   5.900000E+001   2.173081E-002
   6.000000E+001   2.168057E-002
   6.100000E+001   2.163514E-002
   6.200000E+001   2.159464E-002
   6.300000E+001   2.155920E-002
   6.400000E+001   2.152894E-002
   6.500000E+001   2.150399E-002
   6.600000E+001   2.148447E-002
   6.700000E+001   2.147050E-002
   6.800000E+001   2.146220E-002
   6.900000E+001   2.145969E-002
   7.000000E+001   2.146311E-002
   7.100000E+001   2.147256E-002
   7.200000E+001   2.148814E-002
   7.300000E+001   2.150993E-002
   7.400000E+001   2.153800E-002
   7.500000E+001   2.157244E-002
   7.600000E+001   2.161334E-002
   7.700000E+001   2.166077E-002
   7.800000E+001   2.171483E-002
   7.900000E+001   2.177558E-002
   8.000000E+001   2.184311E-002
   8.100000E+001   2.191749E-002
   8.200000E+001   2.199877E-002
   8.300000E+001   2.208696E-002
   8.400000E+001   2.218208E-002
   8.500000E+001   2.228417E-002
   8.600000E+001   2.239325E-002
   8.700000E+001   2.250935E-002
   8.800000E+001   2.263248E-002
   8.900000E+001   2.276268E-002
   9.000000E+001   2.289996E-002
   9.100000E+001   2.304436E-002
   9.200000E+001   2.319585E-002
   9.300000E+001   2.335443E-002
   9.400000E+001   2.352008E-002
   9.500000E+001   2.369280E-002
   9.600000E+001   2.387255E-002
   9.700000E+001   2.405934E-002
   9.800000E+001   2.425314E-002
   9.900000E+001   2.445395E-002
   1.000000E+002   2.466174E-002
   1.010000E+002   2.487650E-002
   1.020000E+002   2.509815E-002
   1.030000E+002   2.532662E-002
   1.040000E+002   2.556183E-002
   1.050000E+002   2.580370E-002
   1.060000E+002   2.605215E-002
   1.070000E+002   2.630711E-002
   1.080000E+002   2.656849E-002
   1.090000E+002   2.683621E-002
   1.100000E+002   2.711020E-002
   1.110000E+002   2.739038E-002
   1.120000E+002   2.767666E-002
   1.130000E+002   2.796898E-002
   1.140000E+002   2.826725E-002
   1.150000E+002   2.857140E-002
   1.160000E+002   2.888133E-002
   1.170000E+002   2.919699E-002
   1.180000E+002   2.951828E-002
   1.190000E+002   2.984513E-002
   1.200000E+002   3.017746E-002
   1.210000E+002   3.051518E-002
   1.220000E+002   3.085814E-002
   1.230000E+002   3.120619E-002
   1.240000E+002   3.155917E-002
   1.250000E+002   3.191693E-002
   1.260000E+002   3.227930E-002
   1.270000E+002   3.264614E-002
   1.280000E+002   3.301727E-002
   1.290000E+002   3.339256E-002
   1.300000E+002   3.377183E-002
   1.310000E+002   3.415494E-002
   1.320000E+002   3.454172E-002
   1.330000E+002   3.493203E-002
   1.340000E+002   3.532569E-002
   1.350000E+002   3.572256E-002
   1.360000E+002   3.612248E-002
   1.370000E+002   3.652530E-002
   1.380000E+002   3.693085E-002
   1.390000E+002   3.733897E-002
   1.400000E+002   3.774952E-002
   1.410000E+002   3.816234E-002
   1.420000E+002   3.857724E-002
   1.430000E+002   3.899408E-002
   1.440000E+002   3.941267E-002
   1.450000E+002   3.983285E-002
   1.460000E+002   4.025444E-002
   1.470000E+002   4.067729E-002
   1.480000E+002   4.110121E-002
   1.490000E+002   4.152604E-002
   1.500000E+002   4.195161E-002
   1.510000E+002   4.237776E-002
   1.520000E+002   4.280430E-002
   1.530000E+002   4.323107E-002
   1.540000E+002   4.365791E-002
   1.550000E+002   4.408464E-002
   1.560000E+002   4.451109E-002
   1.570000E+002   4.493709E-002
   1.580000E+002   4.536248E-002
   1.590000E+002   4.578709E-002
   1.600000E+002   4.621074E-002
   1.610000E+002   4.663326E-002
   1.620000E+002   4.705447E-002
   1.630000E+002   4.747420E-002
   1.640000E+002   4.789225E-002
   1.650000E+002   4.830844E-002
   1.660000E+002   4.872260E-002
   1.670000E+002   4.913453E-002
   1.680000E+002   4.954406E-002
   1.690000E+002   4.995099E-002
   1.700000E+002   5.035516E-002
   1.710000E+002   5.075637E-002
   1.720000E+002   5.115445E-002
   1.730000E+002   5.154920E-002
   1.740000E+002   5.194045E-002
   1.750000E+002   5.232801E-002
   1.760000E+002   5.271171E-002
   1.770000E+002   5.309135E-002
   1.780000E+002   5.346675E-002
   1.790000E+002   5.383774E-002
   1.800000E+002   5.420412E-002
   1.810000E+002   5.456573E-002
   1.820000E+002   5.492244E-002
   1.830000E+002   5.527413E-002
   1.840000E+002   5.562069E-002
   1.850000E+002   5.596200E-002
   1.860000E+002   5.629794E-002
   1.870000E+002   5.662840E-002
   1.880000E+002   5.695326E-002
   1.890000E+002   5.727241E-002
   1.900000E+002   5.758573E-002
   1.910000E+002   5.789310E-002
   1.920000E+002   5.819440E-002
   1.930000E+002   5.848953E-002
   1.940000E+002   5.877836E-002
   1.950000E+002   5.906079E-002
   1.960000E+002   5.933668E-002
   1.970000E+002   5.960593E-002
   1.980000E+002   5.986842E-002
   1.990000E+002   6.012403E-002
   2.000000E+002   6.037266E-002
   2.010000E+002   6.061418E-002
   2.020000E+002   6.084854E-002
   2.030000E+002   6.107568E-002
   2.040000E+002   6.129554E-002
   2.050000E+002   6.150807E-002
   2.060000E+002   6.171321E-002
   2.070000E+002   6.191091E-002
   2.080000E+002   6.210111E-002
   2.090000E+002   6.228375E-002
   2.100000E+002   6.245878E-002
   2.110000E+002   6.262614E-002
   2.120000E+002   6.278578E-002
   2.130000E+002   6.293764E-002
   2.140000E+002   6.308167E-002
   2.150000E+002   6.321780E-002
   2.160000E+002   6.334599E-002
   2.170000E+002   6.346617E-002
   2.180000E+002   6.357830E-002
   2.190000E+002   6.368231E-002
   2.200000E+002   6.377815E-002
   2.210000E+002   6.386576E-002
   2.220000E+002   6.394509E-002
   2.230000E+002   6.401608E-002
   2.240000E+002   6.407868E-002
   2.250000E+002   6.413283E-002
   2.260000E+002   6.417849E-002
   2.270000E+002   6.421568E-002
   2.280000E+002   6.424445E-002
   2.290000E+002   6.426485E-002
   2.300000E+002   6.427691E-002
   2.310000E+002   6.428068E-002
   2.320000E+002   6.427619E-002
   2.330000E+002   6.426350E-002
   2.340000E+002   6.424264E-002
   2.350000E+002   6.421367E-002
   2.360000E+002   6.417661E-002
   2.370000E+002   6.413151E-002
   2.380000E+002   6.407842E-002
   2.390000E+002   6.401738E-002
   2.400000E+002   6.394843E-002
   2.410000E+002   6.387161E-002
   2.420000E+002   6.378697E-002
   2.430000E+002   6.369455E-002
   2.440000E+002   6.359438E-002
   2.450000E+002   6.348653E-002
   2.460000E+002   6.337102E-002
   2.470000E+002   6.324789E-002
   2.480000E+002   6.311720E-002
   2.490000E+002   6.297899E-002
   2.500000E+002   6.283329E-002
   2.510000E+002   6.268016E-002
   2.520000E+002   6.251970E-002
   2.530000E+002   6.235201E-002
   2.540000E+002   6.217719E-002
   2.550000E+002   6.199535E-002
   2.560000E+002   6.180660E-002
   2.570000E+002   6.161104E-002
   2.580000E+002   6.140877E-002
   2.590000E+002   6.119991E-002
   2.600000E+002   6.098455E-002
   2.610000E+002   6.076280E-002
   2.620000E+002   6.053476E-002
   2.630000E+002   6.030055E-002
   2.640000E+002   6.006027E-002
   2.650000E+002   5.981401E-002
   2.660000E+002   5.956189E-002
   2.670000E+002   5.930402E-002
   2.680000E+002   5.904049E-002
   2.690000E+002   5.877141E-002
   2.700000E+002   5.849689E-002
   2.710000E+002   5.821703E-002
   2.720000E+002   5.793193E-002
   2.730000E+002   5.764171E-002
   2.740000E+002   5.734647E-002
   2.750000E+002   5.704631E-002
   2.760000E+002   5.674134E-002
   2.770000E+002   5.643173E-002
   2.780000E+002   5.611764E-002
   2.790000E+002   5.579922E-002
   2.800000E+002   5.547665E-002
   2.810000E+002   5.515009E-002
   2.820000E+002   5.481971E-002
   2.830000E+002   5.448567E-002
   2.840000E+002   5.414813E-002
   2.850000E+002   5.380725E-002
   2.860000E+002   5.346321E-002
   2.870000E+002   5.311617E-002
   2.880000E+002   5.276629E-002
   2.890000E+002   5.241374E-002
   2.900000E+002   5.205868E-002
   2.910000E+002   5.170127E-002
   2.920000E+002   5.134169E-002
   2.930000E+002   5.098009E-002
   2.940000E+002   5.061663E-002
   2.950000E+002   5.025150E-002
   2.960000E+002   4.988484E-002
   2.970000E+002   4.951682E-002
   2.980000E+002   4.914761E-002
   2.990000E+002   4.877738E-002
   3.000000E+002   4.840628E-002
   3.010000E+002   4.803448E-002
   3.020000E+002   4.766210E-002
   3.030000E+002   4.728929E-002
   3.040000E+002   4.691616E-002
   3.050000E+002   4.654284E-002
   3.060000E+002   4.616946E-002
   3.070000E+002   4.579616E-002
   3.080000E+002   4.542305E-002
   3.090000E+002   4.505027E-002
   3.100000E+002   4.467794E-002
   3.110000E+002   4.430620E-002
   3.120000E+002   4.393516E-002
   3.130000E+002   4.356496E-002
   3.140000E+002   4.319573E-002
   3.150000E+002   4.282760E-002
   3.160000E+002   4.246069E-002
   3.170000E+002   4.209512E-002
   3.180000E+002   4.173104E-002
   3.190000E+002   4.136857E-002
   3.200000E+002   4.100782E-002
   3.210000E+002   4.064895E-002
   3.220000E+002   4.029206E-002
   3.230000E+002   3.993729E-002
   3.240000E+002   3.958477E-002
   3.250000E+002   3.923463E-002
   3.260000E+002   3.888699E-002
   3.270000E+002   3.854198E-002
   3.280000E+002   3.819973E-002
   3.290000E+002   3.786036E-002
   3.300000E+002   3.752402E-002
   3.310000E+002   3.719082E-002
   3.320000E+002   3.686089E-002
   3.330000E+002   3.653436E-002
   3.340000E+002   3.621135E-002
   3.350000E+002   3.589201E-002
   3.360000E+002   3.557645E-002
   3.370000E+002   3.526480E-002
   3.380000E+002   3.495719E-002
   3.390000E+002   3.465375E-002
   3.400000E+002   3.435461E-002
   3.410000E+002   3.405989E-002
   3.420000E+002   3.376972E-002
   3.430000E+002   3.348424E-002
   3.440000E+002   3.320357E-002
   3.450000E+002   3.292783E-002
   3.460000E+002   3.265716E-002
   3.470000E+002   3.239168E-002
   3.480000E+002   3.213152E-002
   3.490000E+002   3.187681E-002
   3.500000E+002   3.162768E-002
   3.510000E+002   3.138423E-002
   3.520000E+002   3.114649E-002
   3.530000E+002   3.091445E-002
   3.540000E+002   3.068810E-002
   3.550000E+002   3.046745E-002
   3.560000E+002   3.025250E-002
   3.570000E+002   3.004323E-002
   3.580000E+002   2.983966E-002
   3.590000E+002   2.964177E-002
   3.600000E+002   2.944956E-002
   3.610000E+002   2.926304E-002
   3.620000E+002   2.908219E-002
   3.630000E+002   2.890702E-002
   3.640000E+002   2.873752E-002
   3.650000E+002   2.857370E-002
   3.660000E+002   2.841554E-002
   3.670000E+002   2.826305E-002
   3.680000E+002   2.811622E-002
   3.690000E+002   2.797505E-002
   3.700000E+002   2.783955E-002
   3.710000E+002   2.770970E-002
   3.720000E+002   2.758550E-002
   3.730000E+002   2.746695E-002
   3.740000E+002   2.735406E-002
   3.750000E+002   2.724681E-002
   3.760000E+002   2.714520E-002
   3.770000E+002   2.704923E-002
   3.780000E+002   2.695891E-002
   3.790000E+002   2.687422E-002
   3.800000E+002   2.679517E-002
   3.810000E+002   2.672174E-002
   3.820000E+002   2.665395E-002
   3.830000E+002   2.659178E-002
   3.840000E+002   2.653524E-002
   3.850000E+002   2.648432E-002
   3.860000E+002   2.643901E-002
   3.870000E+002   2.639933E-002
   3.880000E+002   2.636526E-002
   3.890000E+002   2.633680E-002
   3.900000E+002   2.631395E-002
   3.910000E+002   2.629671E-002
   3.920000E+002   2.628507E-002
   3.930000E+002   2.627904E-002
   3.940000E+002   2.627860E-002
   3.950000E+002   2.628376E-002
   3.960000E+002   2.629452E-002
   3.970000E+002   2.631087E-002
   3.980000E+002   2.633280E-002
   3.990000E+002   2.636033E-002
   4.000000E+002   2.639344E-002
   4.010000E+002   2.643211E-002
   4.020000E+002   2.647626E-002
   4.030000E+002   2.652577E-002
   4.040000E+002   2.658054E-002
   4.050000E+002   2.664045E-002
   4.060000E+002   2.670541E-002
   4.070000E+002   2.677529E-002
   4.080000E+002   2.684999E-002
   4.090000E+002   2.692940E-002
   4.100000E+002   2.701341E-002
   4.110000E+002   2.710192E-002
   4.120000E+002   2.719481E-002
   4.130000E+002   2.729197E-002
   4.140000E+002   2.739330E-002
   4.150000E+002   2.749869E-002
   4.160000E+002   2.760803E-002
   4.170000E+002   2.772121E-002
   4.180000E+002   2.783811E-002
   4.190000E+002   2.795864E-002
   4.200000E+002   2.808268E-002
   4.210000E+002   2.821012E-002
   4.220000E+002   2.834086E-002
   4.230000E+002   2.847479E-002
   4.240000E+002   2.861179E-002
   4.250000E+002   2.875176E-002
   4.260000E+002   2.889458E-002
   4.270000E+002   2.904016E-002
   4.280000E+002   2.918838E-002
   4.290000E+002   2.933913E-002
   4.300000E+002   2.949230E-002
   4.310000E+002   2.964779E-002
   4.320000E+002   2.980548E-002
   4.330000E+002   2.996527E-002
   4.340000E+002   3.012705E-002
   4.350000E+002   3.029070E-002
   4.360000E+002   3.045613E-002
   4.370000E+002   3.062321E-002
   4.380000E+002   3.079185E-002
   4.390000E+002   3.096193E-002
   4.400000E+002   3.113334E-002
   4.410000E+002   3.130598E-002
   4.420000E+002   3.147973E-002
   4.430000E+002   3.165449E-002
   4.440000E+002   3.183015E-002
   4.450000E+002   3.200660E-002
   4.460000E+002   3.218373E-002
   4.470000E+002   3.236142E-002
   4.480000E+002   3.253958E-002
   4.490000E+002   3.271810E-002
   4.500000E+002   3.289686E-002
   4.510000E+002   3.307575E-002
   4.520000E+002   3.325470E-002
   4.530000E+002   3.343362E-002
   4.540000E+002   3.361242E-002
   4.550000E+002   3.379101E-002
   4.560000E+002   3.396932E-002
   4.570000E+002   3.414725E-002
   4.580000E+002   3.432473E-002
   4.590000E+002   3.450167E-002
   4.600000E+002   3.467799E-002
   4.610000E+002   3.485359E-002
   4.620000E+002   3.502840E-002
   4.630000E+002   3.520233E-002
   4.640000E+002   3.537530E-002
   4.650000E+002   3.554723E-002
   4.660000E+002   3.571802E-002
   4.670000E+002   3.588759E-002
   4.680000E+002   3.605586E-002
   4.690000E+002   3.622275E-002
   4.700000E+002   3.638817E-002
   4.710000E+002   3.655203E-002
   4.720000E+002   3.671426E-002
   4.730000E+002   3.687476E-002
   4.740000E+002   3.703345E-002
   4.750000E+002   3.719025E-002
   4.760000E+002   3.734508E-002
   4.770000E+002   3.749784E-002
   4.780000E+002   3.764846E-002
   4.790000E+002   3.779684E-002
   4.800000E+002   3.794291E-002
   4.810000E+002   3.808659E-002
   4.820000E+002   3.822778E-002
   4.830000E+002   3.836640E-002
   4.840000E+002   3.850237E-002
   4.850000E+002   3.863560E-002
   4.860000E+002   3.876601E-002
   4.870000E+002   3.889351E-002
   4.880000E+002   3.901803E-002
   4.890000E+002   3.913946E-002
   4.900000E+002   3.925774E-002
   4.910000E+002   3.937278E-002
   4.920000E+002   3.948448E-002
   4.930000E+002   3.959277E-002
   4.940000E+002   3.969757E-002
   4.950000E+002   3.979878E-002
   4.960000E+002   3.989633E-002
   4.970000E+002   3.999013E-002
   4.980000E+002   4.008009E-002
   4.990000E+002   4.016613E-002
   5.000000E+002   4.024816E-002
   5.010000E+002   4.032613E-002
   5.020000E+002   4.040002E-002
   5.030000E+002   4.046985E-002
   5.040000E+002   4.053565E-002
   5.050000E+002   4.059743E-002
   5.060000E+002   4.065520E-002
   5.070000E+002   4.070898E-002
   5.080000E+002   4.075880E-002
   5.090000E+002   4.080465E-002
   5.100000E+002   4.084658E-002
   5.110000E+002   4.088458E-002
   5.120000E+002   4.091867E-002
   5.130000E+002   4.094888E-002
   5.140000E+002   4.097522E-002
   5.150000E+002   4.099771E-002
   5.160000E+002   4.101636E-002
   5.170000E+002   4.103119E-002
   5.180000E+002   4.104221E-002
   5.190000E+002   4.104946E-002
   5.200000E+002   4.105293E-002
   5.210000E+002   4.105265E-002
   5.220000E+002   4.104863E-002
   5.230000E+002   4.104090E-002
   5.240000E+002   4.102946E-002
   5.250000E+002   4.101434E-002
   5.260000E+002   4.099555E-002
   5.270000E+002   4.097311E-002
   5.280000E+002   4.094704E-002
   5.290000E+002   4.091734E-002
   5.300000E+002   4.088405E-002
   5.310000E+002   4.084717E-002
   5.320000E+002   4.080673E-002
   5.330000E+002   4.076273E-002
   5.340000E+002   4.071520E-002
   5.350000E+002   4.066416E-002
   5.360000E+002   4.060961E-002
   5.370000E+002   4.055159E-002
   5.380000E+002   4.049009E-002
   5.390000E+002   4.042515E-002
   5.400000E+002   4.035677E-002
   5.410000E+002   4.028498E-002
   5.420000E+002   4.020979E-002
   5.430000E+002   4.013122E-002
   5.440000E+002   4.004928E-002
   5.450000E+002   3.996399E-002
   5.460000E+002   3.987538E-002
   5.470000E+002   3.978344E-002
   5.480000E+002   3.968821E-002
   5.490000E+002   3.958970E-002
   5.500000E+002   3.948793E-002
   5.510000E+002   3.938292E-002
   5.520000E+002   3.927475E-002
   5.530000E+002   3.916351E-002
   5.540000E+002   3.904929E-002
   5.550000E+002   3.893218E-002
   5.560000E+002   3.881226E-002
   5.570000E+002   3.868963E-002
   5.580000E+002   3.856438E-002
   5.590000E+002   3.843659E-002
   5.600000E+002   3.830636E-002
   5.610000E+002   3.817376E-002
   5.620000E+002   3.803890E-002
   5.630000E+002   3.790185E-002
   5.640000E+002   3.776272E-002
   5.650000E+002   3.762158E-002
   5.660000E+002   3.747853E-002
   5.670000E+002   3.733365E-002
   5.680000E+002   3.718704E-002
   5.690000E+002   3.703878E-002
   5.700000E+002   3.688896E-002
   5.710000E+002   3.673768E-002
   5.720000E+002   3.658501E-002
   5.730000E+002   3.643105E-002
   5.740000E+002   3.627589E-002
   5.750000E+002   3.611962E-002
   5.760000E+002   3.596232E-002
   5.770000E+002   3.580408E-002
   5.780000E+002   3.564500E-002
   5.790000E+002   3.548516E-002
   5.800000E+002   3.532466E-002
   5.810000E+002   3.516357E-002
   5.820000E+002   3.500199E-002
   5.830000E+002   3.484001E-002
   5.840000E+002   3.467772E-002
   5.850000E+002   3.451520E-002
   5.860000E+002   3.435255E-002
   5.870000E+002   3.418985E-002
   5.880000E+002   3.402719E-002
   5.890000E+002   3.386466E-002
   5.900000E+002   3.370236E-002
   5.910000E+002   3.354036E-002
   5.920000E+002   3.337876E-002
   5.930000E+002   3.321765E-002
   5.940000E+002   3.305711E-002
   5.950000E+002   3.289724E-002
   5.960000E+002   3.273812E-002
   5.970000E+002   3.257985E-002
   5.980000E+002   3.242251E-002
   5.990000E+002   3.226618E-002
   6.000000E+002   3.211097E-002
   6.010000E+002   3.195695E-002
   6.020000E+002   3.180417E-002
   6.030000E+002   3.165270E-002
   6.040000E+002   3.150257E-002
   6.050000E+002   3.135384E-002
   6.060000E+002   3.120656E-002
   6.070000E+002   3.106077E-002
   6.080000E+002   3.091653E-002
   6.090000E+002   3.077389E-002
   6.100000E+002   3.063289E-002
   6.110000E+002   3.049359E-002
   6.120000E+002   3.035603E-002
   6.130000E+002   3.022027E-002
   6.140000E+002   3.008636E-002
   6.150000E+002   2.995434E-002
   6.160000E+002   2.982426E-002
   6.170000E+002   2.969618E-002
   6.180000E+002   2.957015E-002
   6.190000E+002   2.944620E-002
   6.200000E+002   2.932441E-002
   6.210000E+002   2.920480E-002
   6.220000E+002   2.908744E-002
   6.230000E+002   2.897237E-002
   6.240000E+002   2.885965E-002
   6.250000E+002   2.874932E-002
   6.260000E+002   2.864143E-002
   6.270000E+002   2.853603E-002
   6.280000E+002   2.843318E-002
   6.290000E+002   2.833291E-002
   6.300000E+002   2.823529E-002
   6.310000E+002   2.814036E-002
   6.320000E+002   2.804817E-002
   6.330000E+002   2.795878E-002
   6.340000E+002   2.787222E-002
   6.350000E+002   2.778855E-002
   6.360000E+002   2.770782E-002
   6.370000E+002   2.763009E-002
   6.380000E+002   2.755539E-002
   6.390000E+002   2.748378E-002
   6.400000E+002   2.741532E-002
   6.410000E+002   2.735004E-002
   6.420000E+002   2.728800E-002
   6.430000E+002   2.722925E-002
   6.440000E+002   2.717383E-002
   6.450000E+002   2.712181E-002
   6.460000E+002   2.707322E-002
   6.470000E+002   2.702812E-002
   6.480000E+002   2.698656E-002
   6.490000E+002   2.694859E-002
   6.500000E+002   2.691425E-002
   6.510000E+002   2.688358E-002
   6.520000E+002   2.685657E-002
   6.530000E+002   2.683318E-002
   6.540000E+002   2.681337E-002
   6.550000E+002   2.679711E-002
   6.560000E+002   2.678437E-002
   6.570000E+002   2.677512E-002
   6.580000E+002   2.676931E-002
   6.590000E+002   2.676692E-002
   6.600000E+002   2.676791E-002
   6.610000E+002   2.677225E-002
   6.620000E+002   2.677990E-002
   6.630000E+002   2.679084E-002
   6.640000E+002   2.680501E-002
   6.650000E+002   2.682241E-002
   6.660000E+002   2.684297E-002
   6.670000E+002   2.686669E-002
   6.680000E+002   2.689351E-002
   6.690000E+002   2.692341E-002
   6.700000E+002   2.695636E-002
   6.710000E+002   2.699231E-002
   6.720000E+002   2.703124E-002
   6.730000E+002   2.707311E-002
   6.740000E+002   2.711788E-002
   6.750000E+002   2.716553E-002
   6.760000E+002   2.721602E-002
   6.770000E+002   2.726932E-002
   6.780000E+002   2.732538E-002
   6.790000E+002   2.738419E-002
   6.800000E+002   2.744569E-002
   6.810000E+002   2.750987E-002
   6.820000E+002   2.757668E-002
   6.830000E+002   2.764610E-002
   6.840000E+002   2.771808E-002
   6.850000E+002   2.779260E-002
   6.860000E+002   2.786962E-002
   6.870000E+002   2.794911E-002
   6.880000E+002   2.803102E-002
   6.890000E+002   2.811534E-002
   6.900000E+002   2.820202E-002
   6.910000E+002   2.829103E-002
   6.920000E+002   2.838234E-002
   6.930000E+002   2.847592E-002
   6.940000E+002   2.857172E-002
   6.950000E+002   2.866972E-002
   6.960000E+002   2.876988E-002
   6.970000E+002   2.887216E-002
   6.980000E+002   2.897654E-002
   6.990000E+002   2.908299E-002
   7.000000E+002   2.919145E-002
   7.010000E+002   2.930190E-002
   7.020000E+002   2.941427E-002
   7.030000E+002   2.952848E-002
   7.040000E+002   2.964446E-002
   7.050000E+002   2.976213E-002
   7.060000E+002   2.988142E-002
   7.070000E+002   3.000225E-002
   7.080000E+002   3.012455E-002
   7.090000E+002   3.024824E-002
   7.100000E+002   3.037325E-002
   7.110000E+002   3.049950E-002
   7.120000E+002   3.062692E-002
   7.130000E+002   3.075543E-002
   7.140000E+002   3.088496E-002
   7.150000E+002   3.101544E-002
   7.160000E+002   3.114678E-002
   7.170000E+002   3.127892E-002
   7.180000E+002   3.141177E-002
   7.190000E+002   3.154527E-002
   7.200000E+002   3.167933E-002
   7.210000E+002   3.181389E-002
   7.220000E+002   3.194887E-002
   7.230000E+002   3.208419E-002
   7.240000E+002   3.221979E-002
   7.250000E+002   3.235557E-002
   7.260000E+002   3.249147E-002
   7.270000E+002   3.262742E-002
   7.280000E+002   3.276334E-002
   7.290000E+002   3.289915E-002
   7.300000E+002   3.303478E-002
   7.310000E+002   3.317016E-002
   7.320000E+002   3.330520E-002
   7.330000E+002   3.343984E-002
   7.340000E+002   3.357400E-002
   7.350000E+002   3.370761E-002
   7.360000E+002   3.384058E-002
   7.370000E+002   3.397285E-002
   7.380000E+002   3.410434E-002
   7.390000E+002   3.423497E-002
   7.400000E+002   3.436468E-002
   7.410000E+002   3.449338E-002
   7.420000E+002   3.462100E-002
   7.430000E+002   3.474746E-002
   7.440000E+002   3.487270E-002
   7.450000E+002   3.499663E-002
   7.460000E+002   3.511918E-002
   7.470000E+002   3.524028E-002
   7.480000E+002   3.535985E-002
   7.490000E+002   3.547781E-002
   7.500000E+002   3.559410E-002
   7.510000E+002   3.570863E-002
   7.520000E+002   3.582138E-002
   7.530000E+002   3.593230E-002
   7.540000E+002   3.604134E-002
   7.550000E+002   3.614849E-002
   7.560000E+002   3.625368E-002
   7.570000E+002   3.635690E-002
   7.580000E+002   3.645810E-002
   7.590000E+002   3.655724E-002
   7.600000E+002   3.665429E-002
   7.610000E+002   3.674920E-002
   7.620000E+002   3.684194E-002
   7.630000E+002   3.693247E-002
   7.640000E+002   3.702075E-002
   7.650000E+002   3.710675E-002
   7.660000E+002   3.719043E-002
   7.670000E+002   3.727175E-002
   7.680000E+002   3.735066E-002
   7.690000E+002   3.742714E-002
   7.700000E+002   3.750115E-002
   7.710000E+002   3.757264E-002
   7.720000E+002   3.764158E-002
   7.730000E+002   3.770794E-002
   7.740000E+002   3.777167E-002
   7.750000E+002   3.783273E-002
   7.760000E+002   3.789109E-002
   7.770000E+002   3.794671E-002
   7.780000E+002   3.799956E-002
   7.790000E+002   3.804958E-002
   7.800000E+002   3.809676E-002
   7.810000E+002   3.814104E-002
   7.820000E+002   3.818239E-002
   7.830000E+002   3.822078E-002
   7.840000E+002   3.825615E-002
   7.850000E+002   3.828849E-002
   7.860000E+002   3.831774E-002
   7.870000E+002   3.834388E-002
   7.880000E+002   3.836685E-002
   7.890000E+002   3.838663E-002
   7.900000E+002   3.840318E-002
   7.910000E+002   3.841646E-002
   7.920000E+002   3.842643E-002
   7.930000E+002   3.843305E-002
   7.940000E+002   3.843629E-002
   7.950000E+002   3.843610E-002
   7.960000E+002   3.843245E-002
   7.970000E+002   3.842531E-002
   7.980000E+002   3.841462E-002
   7.990000E+002   3.840037E-002
   8.000000E+002   3.838250E-002
   8.010000E+002   3.836099E-002
   8.020000E+002   3.833587E-002
   8.030000E+002   3.830717E-002
   8.040000E+002   3.827494E-002
   8.050000E+002   3.823920E-002
   8.060000E+002   3.820001E-002
   8.070000E+002   3.815738E-002
   8.080000E+002   3.811137E-002
   8.090000E+002   3.806201E-002
   8.100000E+002   3.800934E-002
   8.110000E+002   3.795339E-002
   8.120000E+002   3.789420E-002
   8.130000E+002   3.783181E-002
   8.140000E+002   3.776626E-002
   8.150000E+002   3.769759E-002
   8.160000E+002   3.762582E-002
   8.170000E+002   3.755101E-002
   8.180000E+002   3.747318E-002
   8.190000E+002   3.739238E-002
   8.200000E+002   3.730864E-002
   8.210000E+002   3.722200E-002
   8.220000E+002   3.713249E-002
   8.230000E+002   3.704016E-002
   8.240000E+002   3.694504E-002
   8.250000E+002   3.684718E-002
   8.260000E+002   3.674660E-002
   8.270000E+002   3.664334E-002
   8.280000E+002   3.653744E-002
   8.290000E+002   3.642895E-002
   8.300000E+002   3.631789E-002
   8.310000E+002   3.620431E-002
   8.320000E+002   3.608824E-002
   8.330000E+002   3.596972E-002
   8.340000E+002   3.584878E-002
   8.350000E+002   3.572547E-002
   8.360000E+002   3.559983E-002
   8.370000E+002   3.547188E-002
   8.380000E+002   3.534167E-002
   8.390000E+002   3.520923E-002
   8.400000E+002   3.507460E-002
   8.410000E+002   3.493783E-002
   8.420000E+002   3.479894E-002
   8.430000E+002   3.465798E-002
   8.440000E+002   3.451498E-002
   8.450000E+002   3.436998E-002
   8.460000E+002   3.422301E-002
   8.470000E+002   3.407412E-002
   8.480000E+002   3.392334E-002
   8.490000E+002   3.377071E-002
   8.500000E+002   3.361627E-002
   8.510000E+002   3.346006E-002
   8.520000E+002   3.330213E-002
   8.530000E+002   3.314256E-002
   8.540000E+002   3.298140E-002
   8.550000E+002   3.281873E-002
   8.560000E+002   3.265459E-002
   8.570000E+002   3.248906E-002
   8.580000E+002   3.232220E-002
   8.590000E+002   3.215407E-002
   8.600000E+002   3.198474E-002
   8.610000E+002   3.181427E-002
   8.620000E+002   3.164272E-002
   8.630000E+002   3.147016E-002
   8.640000E+002   3.129665E-002
   8.650000E+002   3.112225E-002
   8.660000E+002   3.094703E-002
   8.670000E+002   3.077106E-002
   8.680000E+002   3.059439E-002
   8.690000E+002   3.041709E-002
   8.700000E+002   3.023921E-002
   8.710000E+002   3.006084E-002
   8.720000E+002   2.988202E-002
   8.730000E+002   2.970283E-002
   8.740000E+002   2.952333E-002
   8.750000E+002   2.934357E-002
   8.760000E+002   2.916363E-002
   8.770000E+002   2.898356E-002
   8.780000E+002   2.880344E-002
   8.790000E+002   2.862331E-002
   8.800000E+002   2.844326E-002
   8.810000E+002   2.826334E-002
   8.820000E+002   2.808361E-002
   8.830000E+002   2.790414E-002
   8.840000E+002   2.772499E-002
   8.850000E+002   2.754623E-002
   8.860000E+002   2.736792E-002
   8.870000E+002   2.719012E-002
   8.880000E+002   2.701290E-002
   8.890000E+002   2.683631E-002
   8.900000E+002   2.666043E-002
   8.910000E+002   2.648532E-002
   8.920000E+002   2.631103E-002
   8.930000E+002   2.613764E-002
   8.940000E+002   2.596521E-002
   8.950000E+002   2.579380E-002
   8.960000E+002   2.562347E-002
   8.970000E+002   2.545430E-002
   8.980000E+002   2.528633E-002
   8.990000E+002   2.511964E-002
   9.000000E+002   2.495428E-002
   9.010000E+002   2.479033E-002
   9.020000E+002   2.462780E-002
   9.030000E+002   2.446673E-002
   9.040000E+002   2.430715E-002
   9.050000E+002   2.414908E-002
   9.060000E+002   2.399255E-002
   9.070000E+002   2.383758E-002
   9.080000E+002   2.368422E-002
   9.090000E+002   2.353247E-002
   9.100000E+002   2.338237E-002
   9.110000E+002   2.323396E-002
   9.120000E+002   2.308724E-002
   9.130000E+002   2.294226E-002
   9.140000E+002   2.279904E-002
   9.150000E+002   2.265761E-002
   9.160000E+002   2.251800E-002
   9.170000E+002   2.238022E-002
   9.180000E+002   2.224432E-002
   9.190000E+002   2.211032E-002
   9.200000E+002   2.197824E-002
   9.210000E+002   2.184811E-002
   9.220000E+002   2.171997E-002
   9.230000E+002   2.159383E-002
   9.240000E+002   2.146973E-002
   9.250000E+002   2.134769E-002
   9.260000E+002   2.122774E-002
   9.270000E+002   2.110991E-002
   9.280000E+002   2.099423E-002
   9.290000E+002   2.088072E-002
   9.300000E+002   2.076941E-002
   9.310000E+002   2.066033E-002
   9.320000E+002   2.055351E-002
   9.330000E+002   2.044897E-002
   9.340000E+002   2.034674E-002
   9.350000E+002   2.024685E-002
   9.360000E+002   2.014932E-002
   9.370000E+002   2.005419E-002
   9.380000E+002   1.996148E-002
   9.390000E+002   1.987122E-002
   9.400000E+002   1.978343E-002
   9.410000E+002   1.969815E-002
   9.420000E+002   1.961540E-002
   9.430000E+002   1.953521E-002
   9.440000E+002   1.945761E-002
   9.450000E+002   1.938261E-002
   9.460000E+002   1.931027E-002
   9.470000E+002   1.924059E-002
   9.480000E+002   1.917360E-002
   9.490000E+002   1.910934E-002
   9.500000E+002   1.904784E-002
   9.510000E+002   1.898910E-002
   9.520000E+002   1.893311E-002
   9.530000E+002   1.887985E-002
   9.540000E+002   1.882929E-002
   9.550000E+002   1.878141E-002
   9.560000E+002   1.873617E-002
   9.570000E+002   1.869354E-002
   9.580000E+002   1.865352E-002
   9.590000E+002   1.861605E-002
   9.600000E+002   1.858113E-002
   9.610000E+002   1.854872E-002
   9.620000E+002   1.851880E-002
   9.630000E+002   1.849134E-002
   9.640000E+002   1.846631E-002
   9.650000E+002   1.844369E-002
   9.660000E+002   1.842344E-002
   9.670000E+002   1.840555E-002
   9.680000E+002   1.838999E-002
   9.690000E+002   1.837673E-002
   9.700000E+002   1.836574E-002
   9.710000E+002   1.835700E-002
   9.720000E+002   1.835048E-002
   9.730000E+002   1.834615E-002
   9.740000E+002   1.834400E-002
   9.750000E+002   1.834398E-002
   9.760000E+002   1.834607E-002
   9.770000E+002   1.835025E-002
   9.780000E+002   1.835650E-002
   9.790000E+002   1.836478E-002
   9.800000E+002   1.837506E-002
   9.810000E+002   1.838733E-002
   9.820000E+002   1.840155E-002
   9.830000E+002   1.841770E-002
   9.840000E+002   1.843575E-002
   9.850000E+002   1.845567E-002
   9.860000E+002   1.847745E-002
   9.870000E+002   1.850104E-002
   9.880000E+002   1.852643E-002
   9.890000E+002   1.855359E-002
   9.900000E+002   1.858248E-002
   9.910000E+002   1.861310E-002
   9.920000E+002   1.864540E-002
   9.930000E+002   1.867936E-002
   9.940000E+002   1.871496E-002
   9.950000E+002   1.875217E-002
   9.960000E+002   1.879096E-002
   9.970000E+002   1.883130E-002
   9.980000E+002   1.887318E-002
   9.990000E+002   1.891655E-002
   1.000000E+003   1.896140E-002
   1.001000E+003   1.900770E-002
   1.002000E+003   1.905540E-002
   1.003000E+003   1.910445E-002
   1.004000E+003   1.915480E-002
   1.005000E+003   1.920640E-002
   1.006000E+003   1.925921E-002
   1.007000E+003   1.931317E-002
   1.008000E+003   1.936825E-002
   1.009000E+003   1.942438E-002
   1.010000E+003   1.948152E-002
   1.011000E+003   1.953962E-002
   1.012000E+003   1.959863E-002
   1.013000E+003   1.965851E-002
   1.014000E+003   1.971920E-002
   1.015000E+003   1.978065E-002
   1.016000E+003   1.984283E-002
   1.017000E+003   1.990567E-002
   1.018000E+003   1.996913E-002
   1.019000E+003   2.003315E-002
   1.020000E+003   2.009771E-002
   1.021000E+003   2.016273E-002
   1.022000E+003   2.022818E-002
   1.023000E+003   2.029400E-002
   1.024000E+003   2.036015E-002
   1.025000E+003   2.042657E-002
   1.026000E+003   2.049323E-002
   1.027000E+003   2.056006E-002
   1.028000E+003   2.062703E-002
   1.029000E+003   2.069407E-002
   1.030000E+003   2.076115E-002
   1.031000E+003   2.082822E-002
   1.032000E+003   2.089522E-002
   1.033000E+003   2.096210E-002
   1.034000E+003   2.102883E-002
   1.035000E+003   2.109534E-002
   1.036000E+003   2.116159E-002
   1.037000E+003   2.122754E-002
   1.038000E+003   2.129313E-002
   1.039000E+003   2.135831E-002
   1.040000E+003   2.142304E-002
   1.041000E+003   2.148726E-002
   1.042000E+003   2.155093E-002
   1.043000E+003   2.161400E-002
   1.044000E+003   2.167642E-002
   1.045000E+003   2.173814E-002
   1.046000E+003   2.179911E-002
   1.047000E+003   2.185929E-002
   1.048000E+003   2.191862E-002
   1.049000E+003   2.197705E-002
   1.050000E+003   2.203454E-002
   1.051000E+003   2.209105E-002
   1.052000E+003   2.214654E-002
   1.053000E+003   2.220100E-002
   1.054000E+003   2.225441E-002
   1.055000E+003   2.230675E-002
   1.056000E+003   2.235800E-002
   1.057000E+003   2.240813E-002
   1.058000E+003   2.245713E-002
   1.059000E+003   2.250499E-002
   1.060000E+003   2.255167E-002
   1.061000E+003   2.259715E-002
   1.062000E+003   2.264143E-002
   1.063000E+003   2.268448E-002
   1.064000E+003   2.272627E-002
   1.065000E+003   2.276679E-002
   1.066000E+003   2.280602E-002
   1.067000E+003   2.284394E-002
   1.068000E+003   2.288053E-002
   1.069000E+003   2.291577E-002
   1.070000E+003   2.294964E-002
   1.071000E+003   2.298211E-002
   1.072000E+003   2.301318E-002
   1.073000E+003   2.304281E-002
   1.074000E+003   2.307100E-002
   1.075000E+003   2.309771E-002
   1.076000E+003   2.312293E-002
   1.077000E+003   2.314664E-002
   1.078000E+003   2.316882E-002
   1.079000E+003   2.318945E-002
   1.080000E+003   2.320851E-002
   1.081000E+003   2.322598E-002
   1.082000E+003   2.324184E-002
   1.083000E+003   2.325606E-002
   1.084000E+003   2.326864E-002
   1.085000E+003   2.327955E-002
   1.086000E+003   2.328876E-002
   1.087000E+003   2.329627E-002
   1.088000E+003   2.330205E-002
   1.089000E+003   2.330607E-002
   1.090000E+003   2.330833E-002
   1.091000E+003   2.330880E-002
   1.092000E+003   2.330745E-002
   1.093000E+003   2.330428E-002
   1.094000E+003   2.329925E-002
   1.095000E+003   2.329236E-002
   1.096000E+003   2.328358E-002
   1.097000E+003   2.327288E-002
   1.098000E+003   2.326026E-002
   1.099000E+003   2.324569E-002
   1.100000E+003   2.322914E-002
   1.101000E+003   2.321062E-002
   1.102000E+003   2.319014E-002
   1.103000E+003   2.316772E-002
   1.104000E+003   2.314340E-002
   1.105000E+003   2.311721E-002
   1.106000E+003   2.308917E-002
   1.107000E+003   2.305931E-002
   1.108000E+003   2.302767E-002
   1.109000E+003   2.299427E-002
   1.110000E+003   2.295914E-002
   1.111000E+003   2.292230E-002
   1.112000E+003   2.288380E-002
   1.113000E+003   2.284365E-002
   1.114000E+003   2.280189E-002
   1.115000E+003   2.275854E-002
   1.116000E+003   2.271363E-002
   1.117000E+003   2.266720E-002
   1.118000E+003   2.261927E-002
   1.119000E+003   2.256986E-002
   1.120000E+003   2.251902E-002
   1.121000E+003   2.246676E-002
   1.122000E+003   2.241312E-002
   1.123000E+003   2.235812E-002
   1.124000E+003   2.230180E-002
   1.125000E+003   2.224418E-002
   1.126000E+003   2.218530E-002
   1.127000E+003   2.212517E-002
   1.128000E+003   2.206383E-002
   1.129000E+003   2.200131E-002
   1.130000E+003   2.193764E-002
   1.131000E+003   2.187284E-002
   1.132000E+003   2.180695E-002
   1.133000E+003   2.173999E-002
   1.134000E+003   2.167200E-002
   1.135000E+003   2.160299E-002
   1.136000E+003   2.153301E-002
   1.137000E+003   2.146207E-002
   1.138000E+003   2.139022E-002
   1.139000E+003   2.131746E-002
   1.140000E+003   2.124385E-002
   1.141000E+003   2.116940E-002
   1.142000E+003   2.109414E-002
   1.143000E+003   2.101810E-002
   1.144000E+003   2.094132E-002
   1.145000E+003   2.086381E-002
   1.146000E+003   2.078562E-002
   1.147000E+003   2.070676E-002
   1.148000E+003   2.062727E-002
   1.149000E+003   2.054717E-002
   1.150000E+003   2.046649E-002
   1.151000E+003   2.038527E-002
   1.152000E+003   2.030351E-002
   1.153000E+003   2.022122E-002
   1.154000E+003   2.013842E-002
   1.155000E+003   2.005512E-002
   1.156000E+003   1.997133E-002
   1.157000E+003   1.988705E-002
   1.158000E+003   1.980230E-002
   1.159000E+003   1.971709E-002
   1.160000E+003   1.963144E-002
   1.161000E+003   1.954534E-002
   1.162000E+003   1.945882E-002
   1.163000E+003   1.937189E-002
   1.164000E+003   1.928454E-002
   1.165000E+003   1.919681E-002
   1.166000E+003   1.910869E-002
   1.167000E+003   1.902020E-002
   1.168000E+003   1.893135E-002
   1.169000E+003   1.884215E-002
   1.170000E+003   1.875261E-002
   1.171000E+003   1.866274E-002
   1.172000E+003   1.857255E-002
   1.173000E+003   1.848206E-002
   1.174000E+003   1.839127E-002
   1.175000E+003   1.830020E-002
   1.176000E+003   1.820885E-002
   1.177000E+003   1.811724E-002
   1.178000E+003   1.802538E-002
   1.179000E+003   1.793328E-002
   1.180000E+003   1.784095E-002
   1.181000E+003   1.774840E-002
   1.182000E+003   1.765564E-002
   1.183000E+003   1.756268E-002
   1.184000E+003   1.746954E-002
   1.185000E+003   1.737622E-002
   1.186000E+003   1.728274E-002
   1.187000E+003   1.718911E-002
   1.188000E+003   1.709533E-002
   1.189000E+003   1.700143E-002
   1.190000E+003   1.690740E-002
   1.191000E+003   1.681326E-002
   1.192000E+003   1.671903E-002
   1.193000E+003   1.662470E-002
   1.194000E+003   1.653030E-002
   1.195000E+003   1.643584E-002
   1.196000E+003   1.634132E-002
   1.197000E+003   1.624675E-002
   1.198000E+003   1.615216E-002
   1.199000E+003   1.605754E-002
   1.200000E+003   1.596291E-002
