   1.000000E+000   1.946312E-002
   2.000000E+000   2.458201E-002
   3.000000E+000   2.970090E-002
   4.000000E+000   3.005204E-002
   5.000000E+000   2.965572E-002
   6.000000E+000   2.952348E-002
   7.000000E+000   2.935538E-002
   8.000000E+000   2.915851E-002
   9.000000E+000   2.899790E-002
   1.000000E+001   2.886320E-002
   1.100000E+001   2.873053E-002
   1.200000E+001   2.859745E-002
   1.300000E+001   2.846604E-002
   1.400000E+001   2.833532E-002
   1.500000E+001   2.820351E-002
   1.600000E+001   2.806910E-002
   1.700000E+001   2.793165E-002
   1.800000E+001   2.779099E-002
   1.900000E+001   2.764696E-002
   2.000000E+001   2.749937E-002
   2.100000E+001   2.734812E-002
   2.200000E+001   2.719334E-002
   2.300000E+001   2.703519E-002
   2.400000E+001   2.687387E-002
   2.500000E+001   2.670956E-002
   2.600000E+001   2.654243E-002
   2.700000E+001   2.637267E-002
   2.800000E+001   2.620047E-002
   2.900000E+001   2.602600E-002
   3.000000E+001   2.584945E-002
   3.100000E+001   2.567101E-002
   3.200000E+001   2.549092E-002
   3.300000E+001   2.530946E-002
   3.400000E+001   2.512688E-002
   3.500000E+001   2.494343E-002
   3.600000E+001   2.475939E-002
   3.700000E+001   2.457501E-002
   3.800000E+001   2.439055E-002
   3.900000E+001   2.420627E-002
   4.000000E+001   2.402244E-002
   4.100000E+001   2.383930E-002
   4.200000E+001   2.365709E-002
   4.300000E+001   2.347604E-002
   4.400000E+001   2.329637E-002
   4.500000E+001   2.311831E-002
   4.600000E+001   2.294208E-002
   4.700000E+001   2.276792E-002
   4.800000E+001   2.259605E-002
   4.900000E+001   2.242669E-002
   5.000000E+001   2.226007E-002
   5.100000E+001   2.209642E-002
   5.200000E+001   2.193592E-002
   5.300000E+001   2.177879E-002
   5.400000E+001   2.162521E-002
   5.500000E+001   2.147537E-002
   5.600000E+001   2.132948E-002
   5.700000E+001   2.118773E-002
   5.800000E+001   2.105030E-002
   5.900000E+001   2.091740E-002
   6.000000E+001   2.078922E-002
   6.100000E+001   2.066595E-002
   6.200000E+001   2.054774E-002
   6.300000E+001   2.043471E-002
   6.400000E+001   2.032702E-002
   6.500000E+001   2.022480E-002
   6.600000E+001   2.012819E-002
   6.700000E+001   2.003733E-002
   6.800000E+001   1.995236E-002
   6.900000E+001   1.987341E-002
   7.000000E+001   1.980063E-002
   7.100000E+001   1.973415E-002
   7.200000E+001   1.967406E-002
   7.300000E+001   1.962046E-002
   7.400000E+001   1.957345E-002
   7.500000E+001   1.953311E-002
   7.600000E+001   1.949953E-002
   7.700000E+001   1.947281E-002
   7.800000E+001   1.945305E-002
   7.900000E+001   1.944033E-002
   8.000000E+001   1.943474E-002
   8.100000E+001   1.943637E-002
   8.200000E+001   1.944525E-002
   8.300000E+001   1.946141E-002
   8.400000E+001   1.948489E-002
   8.500000E+001   1.951570E-002
   8.600000E+001   1.955387E-002
   8.700000E+001   1.959943E-002
   8.800000E+001   1.965241E-002
   8.900000E+001   1.971283E-002
   9.000000E+001   1.978072E-002
   9.100000E+001   1.985611E-002
   9.200000E+001   1.993900E-002
   9.300000E+001   2.002938E-002
   9.400000E+001   2.012725E-002
   9.500000E+001   2.023263E-002
   9.600000E+001   2.034549E-002
   9.700000E+001   2.046585E-002
   9.800000E+001   2.059371E-002
   9.900000E+001   2.072905E-002
   1.000000E+002   2.087189E-002
   1.010000E+002   2.102221E-002
   1.020000E+002   2.117991E-002
   1.030000E+002   2.134492E-002
   1.040000E+002   2.151711E-002
   1.050000E+002   2.169641E-002
   1.060000E+002   2.188270E-002
   1.070000E+002   2.207590E-002
   1.080000E+002   2.227589E-002
   1.090000E+002   2.248260E-002
   1.100000E+002   2.269590E-002
   1.110000E+002   2.291572E-002
   1.120000E+002   2.314194E-002
   1.130000E+002   2.337447E-002
   1.140000E+002   2.361322E-002
   1.150000E+002   2.385808E-002
   1.160000E+002   2.410895E-002
   1.170000E+002   2.436574E-002
   1.180000E+002   2.462835E-002
   1.190000E+002   2.489668E-002
   1.200000E+002   2.517063E-002
   1.210000E+002   2.545010E-002
   1.220000E+002   2.573497E-002
   1.230000E+002   2.602511E-002
   1.240000E+002   2.632039E-002
   1.250000E+002   2.662069E-002
   1.260000E+002   2.692587E-002
   1.270000E+002   2.723583E-002
   1.280000E+002   2.755042E-002
   1.290000E+002   2.786952E-002
   1.300000E+002   2.819301E-002
   1.310000E+002   2.852075E-002
   1.320000E+002   2.885263E-002
   1.330000E+002   2.918851E-002
   1.340000E+002   2.952827E-002
   1.350000E+002   2.987179E-002
   1.360000E+002   3.021893E-002
   1.370000E+002   3.056957E-002
   1.380000E+002   3.092358E-002
   1.390000E+002   3.128084E-002
   1.400000E+002   3.164122E-002
   1.410000E+002   3.200458E-002
   1.420000E+002   3.237068E-002
   1.430000E+002   3.273927E-002
   1.440000E+002   3.311011E-002
   1.450000E+002   3.348294E-002
   1.460000E+002   3.385752E-002
   1.470000E+002   3.423360E-002
   1.480000E+002   3.461093E-002
   1.490000E+002   3.498925E-002
   1.500000E+002   3.536833E-002
   1.510000E+002   3.574790E-002
   1.520000E+002   3.612772E-002
   1.530000E+002   3.650754E-002
   1.540000E+002   3.688712E-002
   1.550000E+002   3.726620E-002
   1.560000E+002   3.764453E-002
   1.570000E+002   3.802186E-002
   1.580000E+002   3.839794E-002
   1.590000E+002   3.877253E-002
   1.600000E+002   3.914538E-002
   1.610000E+002   3.951625E-002
   1.620000E+002   3.988504E-002
   1.630000E+002   4.025163E-002
   1.640000E+002   4.061593E-002
   1.650000E+002   4.097785E-002
   1.660000E+002   4.133729E-002
   1.670000E+002   4.169415E-002
   1.680000E+002   4.204833E-002
   1.690000E+002   4.239973E-002
   1.700000E+002   4.274826E-002
   1.710000E+002   4.309382E-002
   1.720000E+002   4.343631E-002
   1.730000E+002   4.377564E-002
   1.740000E+002   4.411170E-002
   1.750000E+002   4.444440E-002
   1.760000E+002   4.477364E-002
   1.770000E+002   4.509933E-002
   1.780000E+002   4.542136E-002
   1.790000E+002   4.573964E-002
   1.800000E+002   4.605408E-002
   1.810000E+002   4.636455E-002
   1.820000E+002   4.667092E-002
   1.830000E+002   4.697302E-002
   1.840000E+002   4.727070E-002
   1.850000E+002   4.756378E-002
   1.860000E+002   4.785213E-002
   1.870000E+002   4.813556E-002
   1.880000E+002   4.841393E-002
   1.890000E+002   4.868707E-002
   1.900000E+002   4.895482E-002
   1.910000E+002   4.921703E-002
   1.920000E+002   4.947353E-002
   1.930000E+002   4.972416E-002
   1.940000E+002   4.996876E-002
   1.950000E+002   5.020718E-002
   1.960000E+002   5.043925E-002
   1.970000E+002   5.066481E-002
   1.980000E+002   5.088370E-002
   1.990000E+002   5.109577E-002
   2.000000E+002   5.130085E-002
   2.010000E+002   5.149880E-002
   2.020000E+002   5.168959E-002
   2.030000E+002   5.187318E-002
   2.040000E+002   5.204955E-002
   2.050000E+002   5.221870E-002
   2.060000E+002   5.238058E-002
   2.070000E+002   5.253518E-002
   2.080000E+002   5.268247E-002
   2.090000E+002   5.282245E-002
   2.100000E+002   5.295507E-002
   2.110000E+002   5.308032E-002
   2.120000E+002   5.319818E-002
   2.130000E+002   5.330863E-002
   2.140000E+002   5.341164E-002
   2.150000E+002   5.350719E-002
   2.160000E+002   5.359526E-002
   2.170000E+002   5.367582E-002
   2.180000E+002   5.374886E-002
   2.190000E+002   5.381435E-002
   2.200000E+002   5.387227E-002
   2.210000E+002   5.392260E-002
   2.220000E+002   5.396531E-002
   2.230000E+002   5.400039E-002
   2.240000E+002   5.402780E-002
   2.250000E+002   5.404754E-002
   2.260000E+002   5.405958E-002
   2.270000E+002   5.406396E-002
   2.280000E+002   5.406073E-002
   2.290000E+002   5.404993E-002
   2.300000E+002   5.403160E-002
   2.310000E+002   5.400579E-002
   2.320000E+002   5.397255E-002
   2.330000E+002   5.393191E-002
   2.340000E+002   5.388393E-002
   2.350000E+002   5.382865E-002
   2.360000E+002   5.376611E-002
   2.370000E+002   5.369636E-002
   2.380000E+002   5.361944E-002
   2.390000E+002   5.353539E-002
   2.400000E+002   5.344427E-002
   2.410000E+002   5.334611E-002
   2.420000E+002   5.324097E-002
   2.430000E+002   5.312888E-002
   2.440000E+002   5.300989E-002
   2.450000E+002   5.288405E-002
   2.460000E+002   5.275139E-002
   2.470000E+002   5.261197E-002
   2.480000E+002   5.246583E-002
   2.490000E+002   5.231301E-002
   2.500000E+002   5.215356E-002
   2.510000E+002   5.198754E-002
   2.520000E+002   5.181506E-002
   2.530000E+002   5.163625E-002
   2.540000E+002   5.145125E-002
   2.550000E+002   5.126018E-002
   2.560000E+002   5.106317E-002
   2.570000E+002   5.086035E-002
   2.580000E+002   5.065186E-002
   2.590000E+002   5.043783E-002
   2.600000E+002   5.021838E-002
   2.610000E+002   4.999364E-002
   2.620000E+002   4.976374E-002
   2.630000E+002   4.952882E-002
   2.640000E+002   4.928901E-002
   2.650000E+002   4.904442E-002
   2.660000E+002   4.879521E-002
   2.670000E+002   4.854148E-002
   2.680000E+002   4.828339E-002
   2.690000E+002   4.802104E-002
   2.700000E+002   4.775458E-002
   2.710000E+002   4.748414E-002
   2.720000E+002   4.720984E-002
   2.730000E+002   4.693182E-002
   2.740000E+002   4.665020E-002
   2.750000E+002   4.636511E-002
   2.760000E+002   4.607670E-002
   2.770000E+002   4.578511E-002
   2.780000E+002   4.549050E-002
   2.790000E+002   4.519304E-002
   2.800000E+002   4.489287E-002
   2.810000E+002   4.459016E-002
   2.820000E+002   4.428507E-002
   2.830000E+002   4.397775E-002
   2.840000E+002   4.366836E-002
   2.850000E+002   4.335706E-002
   2.860000E+002   4.304402E-002
   2.870000E+002   4.272938E-002
   2.880000E+002   4.241331E-002
   2.890000E+002   4.209596E-002
   2.900000E+002   4.177750E-002
   2.910000E+002   4.145807E-002
   2.920000E+002   4.113785E-002
   2.930000E+002   4.081699E-002
   2.940000E+002   4.049564E-002
   2.950000E+002   4.017397E-002
   2.960000E+002   3.985214E-002
   2.970000E+002   3.953029E-002
   2.980000E+002   3.920860E-002
   2.990000E+002   3.888721E-002
   3.000000E+002   3.856629E-002
   3.010000E+002   3.824599E-002
   3.020000E+002   3.792642E-002
   3.030000E+002   3.760769E-002
   3.040000E+002   3.728990E-002
   3.050000E+002   3.697316E-002
   3.060000E+002   3.665758E-002
   3.070000E+002   3.634325E-002
   3.080000E+002   3.603029E-002
   3.090000E+002   3.571880E-002
   3.100000E+002   3.540888E-002
   3.110000E+002   3.510065E-002
   3.120000E+002   3.479421E-002
   3.130000E+002   3.448966E-002
   3.140000E+002   3.418711E-002
   3.150000E+002   3.388667E-002
   3.160000E+002   3.358844E-002
   3.170000E+002   3.329252E-002
   3.180000E+002   3.299902E-002
   3.190000E+002   3.270806E-002
   3.200000E+002   3.241972E-002
   3.210000E+002   3.213413E-002
   3.220000E+002   3.185138E-002
   3.230000E+002   3.157158E-002
   3.240000E+002   3.129484E-002
   3.250000E+002   3.102125E-002
   3.260000E+002   3.075094E-002
   3.270000E+002   3.048400E-002
   3.280000E+002   3.022053E-002
   3.290000E+002   2.996066E-002
   3.300000E+002   2.970447E-002
   3.310000E+002   2.945207E-002
   3.320000E+002   2.920358E-002
   3.330000E+002   2.895910E-002
   3.340000E+002   2.871872E-002
   3.350000E+002   2.848257E-002
   3.360000E+002   2.825074E-002
   3.370000E+002   2.802334E-002
   3.380000E+002   2.780047E-002
   3.390000E+002   2.758225E-002
   3.400000E+002   2.736877E-002
   3.410000E+002   2.716015E-002
   3.420000E+002   2.695648E-002
   3.430000E+002   2.675787E-002
   3.440000E+002   2.656444E-002
   3.450000E+002   2.637628E-002
   3.460000E+002   2.619350E-002
   3.470000E+002   2.601620E-002
   3.480000E+002   2.584450E-002
   3.490000E+002   2.567850E-002
   3.500000E+002   2.551830E-002
   3.510000E+002   2.536398E-002
   3.520000E+002   2.521554E-002
   3.530000E+002   2.507293E-002
   3.540000E+002   2.493612E-002
   3.550000E+002   2.480508E-002
   3.560000E+002   2.467976E-002
   3.570000E+002   2.456013E-002
   3.580000E+002   2.444616E-002
   3.590000E+002   2.433781E-002
   3.600000E+002   2.423504E-002
   3.610000E+002   2.413782E-002
   3.620000E+002   2.404610E-002
   3.630000E+002   2.395986E-002
   3.640000E+002   2.387905E-002
   3.650000E+002   2.380365E-002
   3.660000E+002   2.373361E-002
   3.670000E+002   2.366890E-002
   3.680000E+002   2.360948E-002
   3.690000E+002   2.355531E-002
   3.700000E+002   2.350637E-002
   3.710000E+002   2.346260E-002
   3.720000E+002   2.342399E-002
   3.730000E+002   2.339048E-002
   3.740000E+002   2.336205E-002
   3.750000E+002   2.333866E-002
   3.760000E+002   2.332026E-002
   3.770000E+002   2.330684E-002
   3.780000E+002   2.329834E-002
   3.790000E+002   2.329473E-002
   3.800000E+002   2.329598E-002
   3.810000E+002   2.330205E-002
   3.820000E+002   2.331290E-002
   3.830000E+002   2.332850E-002
   3.840000E+002   2.334882E-002
   3.850000E+002   2.337380E-002
   3.860000E+002   2.340343E-002
   3.870000E+002   2.343765E-002
   3.880000E+002   2.347645E-002
   3.890000E+002   2.351977E-002
   3.900000E+002   2.356758E-002
   3.910000E+002   2.361986E-002
   3.920000E+002   2.367655E-002
   3.930000E+002   2.373763E-002
   3.940000E+002   2.380305E-002
   3.950000E+002   2.387279E-002
   3.960000E+002   2.394680E-002
   3.970000E+002   2.402506E-002
   3.980000E+002   2.410751E-002
   3.990000E+002   2.419413E-002
   4.000000E+002   2.428489E-002
   4.010000E+002   2.437972E-002
   4.020000E+002   2.447853E-002
   4.030000E+002   2.458122E-002
   4.040000E+002   2.468765E-002
   4.050000E+002   2.479773E-002
   4.060000E+002   2.491134E-002
   4.070000E+002   2.502837E-002
   4.080000E+002   2.514870E-002
   4.090000E+002   2.527222E-002
   4.100000E+002   2.539882E-002
   4.110000E+002   2.552839E-002
   4.120000E+002   2.566080E-002
   4.130000E+002   2.579596E-002
   4.140000E+002   2.593374E-002
   4.150000E+002   2.607404E-002
   4.160000E+002   2.621673E-002
   4.170000E+002   2.636172E-002
   4.180000E+002   2.650887E-002
   4.190000E+002   2.665810E-002
   4.200000E+002   2.680926E-002
   4.210000E+002   2.696227E-002
   4.220000E+002   2.711700E-002
   4.230000E+002   2.727334E-002
   4.240000E+002   2.743117E-002
   4.250000E+002   2.759040E-002
   4.260000E+002   2.775089E-002
   4.270000E+002   2.791254E-002
   4.280000E+002   2.807524E-002
   4.290000E+002   2.823887E-002
   4.300000E+002   2.840332E-002
   4.310000E+002   2.856848E-002
   4.320000E+002   2.873423E-002
   4.330000E+002   2.890046E-002
   4.340000E+002   2.906706E-002
   4.350000E+002   2.923392E-002
   4.360000E+002   2.940092E-002
   4.370000E+002   2.956795E-002
   4.380000E+002   2.973489E-002
   4.390000E+002   2.990164E-002
   4.400000E+002   3.006809E-002
   4.410000E+002   3.023411E-002
   4.420000E+002   3.039959E-002
   4.430000E+002   3.056443E-002
   4.440000E+002   3.072851E-002
   4.450000E+002   3.089171E-002
   4.460000E+002   3.105393E-002
   4.470000E+002   3.121504E-002
   4.480000E+002   3.137495E-002
   4.490000E+002   3.153353E-002
   4.500000E+002   3.169068E-002
   4.510000E+002   3.184628E-002
   4.520000E+002   3.200028E-002
   4.530000E+002   3.215262E-002
   4.540000E+002   3.230326E-002
   4.550000E+002   3.245214E-002
   4.560000E+002   3.259920E-002
   4.570000E+002   3.274440E-002
   4.580000E+002   3.288769E-002
   4.590000E+002   3.302901E-002
   4.600000E+002   3.316830E-002
   4.610000E+002   3.330552E-002
   4.620000E+002   3.344062E-002
   4.630000E+002   3.357354E-002
   4.640000E+002   3.370423E-002
   4.650000E+002   3.383264E-002
   4.660000E+002   3.395872E-002
   4.670000E+002   3.408241E-002
   4.680000E+002   3.420366E-002
   4.690000E+002   3.432242E-002
   4.700000E+002   3.443863E-002
   4.710000E+002   3.455226E-002
   4.720000E+002   3.466323E-002
   4.730000E+002   3.477151E-002
   4.740000E+002   3.487703E-002
   4.750000E+002   3.497975E-002
   4.760000E+002   3.507961E-002
   4.770000E+002   3.517657E-002
   4.780000E+002   3.527056E-002
   4.790000E+002   3.536154E-002
   4.800000E+002   3.544946E-002
   4.810000E+002   3.553426E-002
   4.820000E+002   3.561588E-002
   4.830000E+002   3.569429E-002
   4.840000E+002   3.576943E-002
   4.850000E+002   3.584123E-002
   4.860000E+002   3.590966E-002
   4.870000E+002   3.597466E-002
   4.880000E+002   3.603618E-002
   4.890000E+002   3.609416E-002
   4.900000E+002   3.614855E-002
   4.910000E+002   3.619930E-002
   4.920000E+002   3.624637E-002
   4.930000E+002   3.628969E-002
   4.940000E+002   3.632921E-002
   4.950000E+002   3.636488E-002
   4.960000E+002   3.639666E-002
   4.970000E+002   3.642448E-002
   4.980000E+002   3.644829E-002
   4.990000E+002   3.646805E-002
   5.000000E+002   3.648370E-002
   5.010000E+002   3.649520E-002
   5.020000E+002   3.650260E-002
   5.030000E+002   3.650595E-002
   5.040000E+002   3.650530E-002
   5.050000E+002   3.650070E-002
   5.060000E+002   3.649222E-002
   5.070000E+002   3.647991E-002
   5.080000E+002   3.646382E-002
   5.090000E+002   3.644400E-002
   5.100000E+002   3.642051E-002
   5.110000E+002   3.639342E-002
   5.120000E+002   3.636276E-002
   5.130000E+002   3.632860E-002
   5.140000E+002   3.629098E-002
   5.150000E+002   3.624998E-002
   5.160000E+002   3.620563E-002
   5.170000E+002   3.615800E-002
   5.180000E+002   3.610714E-002
   5.190000E+002   3.605310E-002
   5.200000E+002   3.599594E-002
   5.210000E+002   3.593571E-002
   5.220000E+002   3.587248E-002
   5.230000E+002   3.580628E-002
   5.240000E+002   3.573719E-002
   5.250000E+002   3.566525E-002
   5.260000E+002   3.559051E-002
   5.270000E+002   3.551304E-002
   5.280000E+002   3.543288E-002
   5.290000E+002   3.535010E-002
   5.300000E+002   3.526474E-002
   5.310000E+002   3.517687E-002
   5.320000E+002   3.508653E-002
   5.330000E+002   3.499378E-002
   5.340000E+002   3.489868E-002
   5.350000E+002   3.480128E-002
   5.360000E+002   3.470164E-002
   5.370000E+002   3.459980E-002
   5.380000E+002   3.449583E-002
   5.390000E+002   3.438978E-002
   5.400000E+002   3.428170E-002
   5.410000E+002   3.417165E-002
   5.420000E+002   3.405969E-002
   5.430000E+002   3.394587E-002
   5.440000E+002   3.383024E-002
   5.450000E+002   3.371285E-002
   5.460000E+002   3.359378E-002
   5.470000E+002   3.347305E-002
   5.480000E+002   3.335075E-002
   5.490000E+002   3.322690E-002
   5.500000E+002   3.310158E-002
   5.510000E+002   3.297485E-002
   5.520000E+002   3.284677E-002
   5.530000E+002   3.271743E-002
   5.540000E+002   3.258692E-002
   5.550000E+002   3.245531E-002
   5.560000E+002   3.232268E-002
   5.570000E+002   3.218913E-002
   5.580000E+002   3.205473E-002
   5.590000E+002   3.191956E-002
   5.600000E+002   3.178370E-002
   5.610000E+002   3.164724E-002
   5.620000E+002   3.151026E-002
   5.630000E+002   3.137284E-002
   5.640000E+002   3.123507E-002
   5.650000E+002   3.109701E-002
   5.660000E+002   3.095877E-002
   5.670000E+002   3.082041E-002
   5.680000E+002   3.068203E-002
   5.690000E+002   3.054370E-002
   5.700000E+002   3.040550E-002
   5.710000E+002   3.026752E-002
   5.720000E+002   3.012983E-002
   5.730000E+002   2.999253E-002
   5.740000E+002   2.985569E-002
   5.750000E+002   2.971940E-002
   5.760000E+002   2.958373E-002
   5.770000E+002   2.944877E-002
   5.780000E+002   2.931460E-002
   5.790000E+002   2.918130E-002
   5.800000E+002   2.904896E-002
   5.810000E+002   2.891766E-002
   5.820000E+002   2.878747E-002
   5.830000E+002   2.865848E-002
   5.840000E+002   2.853078E-002
   5.850000E+002   2.840444E-002
   5.860000E+002   2.827955E-002
   5.870000E+002   2.815618E-002
   5.880000E+002   2.803443E-002
   5.890000E+002   2.791437E-002
   5.900000E+002   2.779608E-002
   5.910000E+002   2.767965E-002
   5.920000E+002   2.756516E-002
   5.930000E+002   2.745268E-002
   5.940000E+002   2.734231E-002
   5.950000E+002   2.723413E-002
   5.960000E+002   2.712821E-002
   5.970000E+002   2.702464E-002
   5.980000E+002   2.692350E-002
   5.990000E+002   2.682487E-002
   6.000000E+002   2.672883E-002
   6.010000E+002   2.663546E-002
   6.020000E+002   2.654478E-002
   6.030000E+002   2.645679E-002
   6.040000E+002   2.637152E-002
   6.050000E+002   2.628895E-002
   6.060000E+002   2.620912E-002
   6.070000E+002   2.613203E-002
   6.080000E+002   2.605768E-002
   6.090000E+002   2.598610E-002
   6.100000E+002   2.591728E-002
   6.110000E+002   2.585125E-002
   6.120000E+002   2.578801E-002
   6.130000E+002   2.572757E-002
   6.140000E+002   2.566994E-002
   6.150000E+002   2.561513E-002
   6.160000E+002   2.556315E-002
   6.170000E+002   2.551402E-002
   6.180000E+002   2.546774E-002
   6.190000E+002   2.542433E-002
   6.200000E+002   2.538379E-002
   6.210000E+002   2.534613E-002
   6.220000E+002   2.531137E-002
   6.230000E+002   2.527952E-002
   6.240000E+002   2.525058E-002
   6.250000E+002   2.522457E-002
   6.260000E+002   2.520150E-002
   6.270000E+002   2.518137E-002
   6.280000E+002   2.516420E-002
   6.290000E+002   2.515000E-002
   6.300000E+002   2.513878E-002
   6.310000E+002   2.513055E-002
   6.320000E+002   2.512531E-002
   6.330000E+002   2.512309E-002
   6.340000E+002   2.512389E-002
   6.350000E+002   2.512771E-002
   6.360000E+002   2.513458E-002
   6.370000E+002   2.514451E-002
   6.380000E+002   2.515749E-002
   6.390000E+002   2.517354E-002
   6.400000E+002   2.519268E-002
   6.410000E+002   2.521492E-002
   6.420000E+002   2.524025E-002
   6.430000E+002   2.526870E-002
   6.440000E+002   2.530028E-002
   6.450000E+002   2.533499E-002
   6.460000E+002   2.537285E-002
   6.470000E+002   2.541386E-002
   6.480000E+002   2.545804E-002
   6.490000E+002   2.550539E-002
   6.500000E+002   2.555593E-002
   6.510000E+002   2.560966E-002
   6.520000E+002   2.566652E-002
   6.530000E+002   2.572645E-002
   6.540000E+002   2.578938E-002
   6.550000E+002   2.585524E-002
   6.560000E+002   2.592398E-002
   6.570000E+002   2.599552E-002
   6.580000E+002   2.606980E-002
   6.590000E+002   2.614676E-002
   6.600000E+002   2.622632E-002
   6.610000E+002   2.630843E-002
   6.620000E+002   2.639301E-002
   6.630000E+002   2.648001E-002
   6.640000E+002   2.656936E-002
   6.650000E+002   2.666099E-002
   6.660000E+002   2.675483E-002
   6.670000E+002   2.685082E-002
   6.680000E+002   2.694890E-002
   6.690000E+002   2.704901E-002
   6.700000E+002   2.715106E-002
   6.710000E+002   2.725500E-002
   6.720000E+002   2.736077E-002
   6.730000E+002   2.746830E-002
   6.740000E+002   2.757752E-002
   6.750000E+002   2.768837E-002
   6.760000E+002   2.780078E-002
   6.770000E+002   2.791468E-002
   6.780000E+002   2.803002E-002
   6.790000E+002   2.814672E-002
   6.800000E+002   2.826473E-002
   6.810000E+002   2.838397E-002
   6.820000E+002   2.850438E-002
   6.830000E+002   2.862589E-002
   6.840000E+002   2.874844E-002
   6.850000E+002   2.887197E-002
   6.860000E+002   2.899640E-002
   6.870000E+002   2.912167E-002
   6.880000E+002   2.924773E-002
   6.890000E+002   2.937449E-002
   6.900000E+002   2.950190E-002
   6.910000E+002   2.962989E-002
   6.920000E+002   2.975840E-002
   6.930000E+002   2.988735E-002
   6.940000E+002   3.001669E-002
   6.950000E+002   3.014635E-002
   6.960000E+002   3.027627E-002
   6.970000E+002   3.040637E-002
   6.980000E+002   3.053660E-002
   6.990000E+002   3.066688E-002
   7.000000E+002   3.079715E-002
   7.010000E+002   3.092735E-002
   7.020000E+002   3.105741E-002
   7.030000E+002   3.118727E-002
   7.040000E+002   3.131686E-002
   7.050000E+002   3.144611E-002
   7.060000E+002   3.157497E-002
   7.070000E+002   3.170336E-002
   7.080000E+002   3.183121E-002
   7.090000E+002   3.195848E-002
   7.100000E+002   3.208508E-002
   7.110000E+002   3.221095E-002
   7.120000E+002   3.233603E-002
   7.130000E+002   3.246026E-002
   7.140000E+002   3.258356E-002
   7.150000E+002   3.270588E-002
   7.160000E+002   3.282714E-002
   7.170000E+002   3.294728E-002
   7.180000E+002   3.306624E-002
   7.190000E+002   3.318395E-002
   7.200000E+002   3.330035E-002
   7.210000E+002   3.341536E-002
   7.220000E+002   3.352893E-002
   7.230000E+002   3.364099E-002
   7.240000E+002   3.375148E-002
   7.250000E+002   3.386032E-002
   7.260000E+002   3.396746E-002
   7.270000E+002   3.407283E-002
   7.280000E+002   3.417636E-002
   7.290000E+002   3.427798E-002
   7.300000E+002   3.437764E-002
   7.310000E+002   3.447527E-002
   7.320000E+002   3.457080E-002
   7.330000E+002   3.466416E-002
   7.340000E+002   3.475530E-002
   7.350000E+002   3.484414E-002
   7.360000E+002   3.493063E-002
   7.370000E+002   3.501469E-002
   7.380000E+002   3.509625E-002
   7.390000E+002   3.517527E-002
   7.400000E+002   3.525166E-002
   7.410000E+002   3.532537E-002
   7.420000E+002   3.539632E-002
   7.430000E+002   3.546446E-002
   7.440000E+002   3.552972E-002
   7.450000E+002   3.559203E-002
   7.460000E+002   3.565132E-002
   7.470000E+002   3.570754E-002
   7.480000E+002   3.576062E-002
   7.490000E+002   3.581048E-002
   7.500000E+002   3.585708E-002
   7.510000E+002   3.590035E-002
   7.520000E+002   3.594028E-002
   7.530000E+002   3.597690E-002
   7.540000E+002   3.601022E-002
   7.550000E+002   3.604023E-002
   7.560000E+002   3.606696E-002
   7.570000E+002   3.609041E-002
   7.580000E+002   3.611060E-002
   7.590000E+002   3.612753E-002
   7.600000E+002   3.614121E-002
   7.610000E+002   3.615166E-002
   7.620000E+002   3.615889E-002
   7.630000E+002   3.616290E-002
   7.640000E+002   3.616371E-002
   7.650000E+002   3.616133E-002
   7.660000E+002   3.615576E-002
   7.670000E+002   3.614702E-002
   7.680000E+002   3.613512E-002
   7.690000E+002   3.612007E-002
   7.700000E+002   3.610188E-002
   7.710000E+002   3.608056E-002
   7.720000E+002   3.605611E-002
   7.730000E+002   3.602856E-002
   7.740000E+002   3.599791E-002
   7.750000E+002   3.596417E-002
   7.760000E+002   3.592736E-002
   7.770000E+002   3.588747E-002
   7.780000E+002   3.584453E-002
   7.790000E+002   3.579854E-002
   7.800000E+002   3.574951E-002
   7.810000E+002   3.569746E-002
   7.820000E+002   3.564239E-002
   7.830000E+002   3.558432E-002
   7.840000E+002   3.552325E-002
   7.850000E+002   3.545920E-002
   7.860000E+002   3.539218E-002
   7.870000E+002   3.532219E-002
   7.880000E+002   3.524925E-002
   7.890000E+002   3.517337E-002
   7.900000E+002   3.509455E-002
   7.910000E+002   3.501281E-002
   7.920000E+002   3.492817E-002
   7.930000E+002   3.484062E-002
   7.940000E+002   3.475018E-002
   7.950000E+002   3.465686E-002
   7.960000E+002   3.456067E-002
   7.970000E+002   3.446162E-002
   7.980000E+002   3.435973E-002
   7.990000E+002   3.425499E-002
   8.000000E+002   3.414743E-002
   8.010000E+002   3.403706E-002
   8.020000E+002   3.392394E-002
   8.030000E+002   3.380812E-002
   8.040000E+002   3.368966E-002
   8.050000E+002   3.356864E-002
   8.060000E+002   3.344511E-002
   8.070000E+002   3.331913E-002
   8.080000E+002   3.319077E-002
   8.090000E+002   3.306008E-002
   8.100000E+002   3.292713E-002
   8.110000E+002   3.279198E-002
   8.120000E+002   3.265469E-002
   8.130000E+002   3.251532E-002
   8.140000E+002   3.237394E-002
   8.150000E+002   3.223060E-002
   8.160000E+002   3.208537E-002
   8.170000E+002   3.193831E-002
   8.180000E+002   3.178948E-002
   8.190000E+002   3.163895E-002
   8.200000E+002   3.148676E-002
   8.210000E+002   3.133300E-002
   8.220000E+002   3.117771E-002
   8.230000E+002   3.102096E-002
   8.240000E+002   3.086281E-002
   8.250000E+002   3.070332E-002
   8.260000E+002   3.054256E-002
   8.270000E+002   3.038059E-002
   8.280000E+002   3.021746E-002
   8.290000E+002   3.005324E-002
   8.300000E+002   2.988799E-002
   8.310000E+002   2.972177E-002
   8.320000E+002   2.955465E-002
   8.330000E+002   2.938669E-002
   8.340000E+002   2.921794E-002
   8.350000E+002   2.904847E-002
   8.360000E+002   2.887834E-002
   8.370000E+002   2.870761E-002
   8.380000E+002   2.853635E-002
   8.390000E+002   2.836461E-002
   8.400000E+002   2.819246E-002
   8.410000E+002   2.801996E-002
   8.420000E+002   2.784717E-002
   8.430000E+002   2.767416E-002
   8.440000E+002   2.750097E-002
   8.450000E+002   2.732768E-002
   8.460000E+002   2.715435E-002
   8.470000E+002   2.698104E-002
   8.480000E+002   2.680781E-002
   8.490000E+002   2.663472E-002
   8.500000E+002   2.646184E-002
   8.510000E+002   2.628922E-002
   8.520000E+002   2.611691E-002
   8.530000E+002   2.594497E-002
   8.540000E+002   2.577344E-002
   8.550000E+002   2.560238E-002
   8.560000E+002   2.543183E-002
   8.570000E+002   2.526184E-002
   8.580000E+002   2.509247E-002
   8.590000E+002   2.492375E-002
   8.600000E+002   2.475575E-002
   8.610000E+002   2.458851E-002
   8.620000E+002   2.442208E-002
   8.630000E+002   2.425651E-002
   8.640000E+002   2.409186E-002
   8.650000E+002   2.392815E-002
   8.660000E+002   2.376546E-002
   8.670000E+002   2.360383E-002
   8.680000E+002   2.344330E-002
   8.690000E+002   2.328394E-002
   8.700000E+002   2.312578E-002
   8.710000E+002   2.296887E-002
   8.720000E+002   2.281327E-002
   8.730000E+002   2.265903E-002
   8.740000E+002   2.250620E-002
   8.750000E+002   2.235481E-002
   8.760000E+002   2.220493E-002
   8.770000E+002   2.205661E-002
   8.780000E+002   2.190989E-002
   8.790000E+002   2.176482E-002
   8.800000E+002   2.162146E-002
   8.810000E+002   2.147984E-002
   8.820000E+002   2.134003E-002
   8.830000E+002   2.120207E-002
   8.840000E+002   2.106601E-002
   8.850000E+002   2.093190E-002
   8.860000E+002   2.079979E-002
   8.870000E+002   2.066973E-002
   8.880000E+002   2.054177E-002
   8.890000E+002   2.041596E-002
   8.900000E+002   2.029235E-002
   8.910000E+002   2.017098E-002
   8.920000E+002   2.005191E-002
   8.930000E+002   1.993518E-002
   8.940000E+002   1.982086E-002
   8.950000E+002   1.970898E-002
   8.960000E+002   1.959959E-002
   8.970000E+002   1.949275E-002
   8.980000E+002   1.938850E-002
   8.990000E+002   1.928690E-002
   9.000000E+002   1.918799E-002
   9.010000E+002   1.909181E-002
   9.020000E+002   1.899837E-002
   9.030000E+002   1.890763E-002
   9.040000E+002   1.881960E-002
   9.050000E+002   1.873426E-002
   9.060000E+002   1.865159E-002
   9.070000E+002   1.857158E-002
   9.080000E+002   1.849422E-002
   9.090000E+002   1.841949E-002
   9.100000E+002   1.834737E-002
   9.110000E+002   1.827786E-002
   9.120000E+002   1.821094E-002
   9.130000E+002   1.814660E-002
   9.140000E+002   1.808482E-002
   9.150000E+002   1.802559E-002
   9.160000E+002   1.796890E-002
   9.170000E+002   1.791472E-002
   9.180000E+002   1.786305E-002
   9.190000E+002   1.781388E-002
   9.200000E+002   1.776718E-002
   9.210000E+002   1.772295E-002
   9.220000E+002   1.768117E-002
   9.230000E+002   1.764183E-002
   9.240000E+002   1.760492E-002
   9.250000E+002   1.757041E-002
   9.260000E+002   1.753830E-002
   9.270000E+002   1.750857E-002
   9.280000E+002   1.748121E-002
   9.290000E+002   1.745621E-002
   9.300000E+002   1.743354E-002
   9.310000E+002   1.741320E-002
   9.320000E+002   1.739518E-002
   9.330000E+002   1.737945E-002
   9.340000E+002   1.736601E-002
   9.350000E+002   1.735484E-002
   9.360000E+002   1.734592E-002
   9.370000E+002   1.733926E-002
   9.380000E+002   1.733481E-002
   9.390000E+002   1.733259E-002
   9.400000E+002   1.733257E-002
   9.410000E+002   1.733473E-002
   9.420000E+002   1.733907E-002
   9.430000E+002   1.734557E-002
   9.440000E+002   1.735422E-002
   9.450000E+002   1.736500E-002
   9.460000E+002   1.737789E-002
   9.470000E+002   1.739289E-002
   9.480000E+002   1.740998E-002
   9.490000E+002   1.742915E-002
   9.500000E+002   1.745039E-002
   9.510000E+002   1.747366E-002
   9.520000E+002   1.749893E-002
   9.530000E+002   1.752616E-002
   9.540000E+002   1.755528E-002
   9.550000E+002   1.758625E-002
   9.560000E+002   1.761903E-002
   9.570000E+002   1.765355E-002
   9.580000E+002   1.768978E-002
   9.590000E+002   1.772765E-002
   9.600000E+002   1.776713E-002
   9.610000E+002   1.780815E-002
   9.620000E+002   1.785068E-002
   9.630000E+002   1.789466E-002
   9.640000E+002   1.794004E-002
   9.650000E+002   1.798678E-002
   9.660000E+002   1.803481E-002
   9.670000E+002   1.808410E-002
   9.680000E+002   1.813459E-002
   9.690000E+002   1.818623E-002
   9.700000E+002   1.823898E-002
   9.710000E+002   1.829278E-002
   9.720000E+002   1.834758E-002
   9.730000E+002   1.840334E-002
   9.740000E+002   1.846000E-002
   9.750000E+002   1.851751E-002
   9.760000E+002   1.857583E-002
   9.770000E+002   1.863490E-002
   9.780000E+002   1.869468E-002
   9.790000E+002   1.875511E-002
   9.800000E+002   1.881614E-002
   9.810000E+002   1.887773E-002
   9.820000E+002   1.893983E-002
   9.830000E+002   1.900238E-002
   9.840000E+002   1.906534E-002
   9.850000E+002   1.912865E-002
   9.860000E+002   1.919227E-002
   9.870000E+002   1.925615E-002
   9.880000E+002   1.932023E-002
   9.890000E+002   1.938447E-002
   9.900000E+002   1.944882E-002
   9.910000E+002   1.951322E-002
   9.920000E+002   1.957763E-002
   9.930000E+002   1.964200E-002
   9.940000E+002   1.970628E-002
   9.950000E+002   1.977041E-002
   9.960000E+002   1.983436E-002
   9.970000E+002   1.989806E-002
   9.980000E+002   1.996147E-002
   9.990000E+002   2.002453E-002
   1.000000E+003   2.008721E-002
   1.001000E+003   2.014945E-002
   1.002000E+003   2.021122E-002
   1.003000E+003   2.027248E-002
   1.004000E+003   2.033322E-002
   1.005000E+003   2.039340E-002
   1.006000E+003   2.045298E-002
   1.007000E+003   2.051194E-002
   1.008000E+003   2.057025E-002
   1.009000E+003   2.062788E-002
   1.010000E+003   2.068479E-002
   1.011000E+003   2.074096E-002
   1.012000E+003   2.079637E-002
   1.013000E+003   2.085096E-002
   1.014000E+003   2.090473E-002
   1.015000E+003   2.095763E-002
   1.016000E+003   2.100964E-002
   1.017000E+003   2.106073E-002
   1.018000E+003   2.111086E-002
   1.019000E+003   2.116001E-002
   1.020000E+003   2.120815E-002
   1.021000E+003   2.125524E-002
   1.022000E+003   2.130126E-002
   1.023000E+003   2.134618E-002
   1.024000E+003   2.138996E-002
   1.025000E+003   2.143258E-002
   1.026000E+003   2.147400E-002
   1.027000E+003   2.151420E-002
   1.028000E+003   2.155314E-002
   1.029000E+003   2.159080E-002
   1.030000E+003   2.162714E-002
   1.031000E+003   2.166214E-002
   1.032000E+003   2.169577E-002
   1.033000E+003   2.172799E-002
   1.034000E+003   2.175877E-002
   1.035000E+003   2.178809E-002
   1.036000E+003   2.181591E-002
   1.037000E+003   2.184221E-002
   1.038000E+003   2.186695E-002
   1.039000E+003   2.189010E-002
   1.040000E+003   2.191164E-002
   1.041000E+003   2.193153E-002
   1.042000E+003   2.194975E-002
   1.043000E+003   2.196626E-002
   1.044000E+003   2.198103E-002
   1.045000E+003   2.199403E-002
   1.046000E+003   2.200524E-002
   1.047000E+003   2.201462E-002
   1.048000E+003   2.202214E-002
   1.049000E+003   2.202778E-002
   1.050000E+003   2.203150E-002
   1.051000E+003   2.203328E-002
   1.052000E+003   2.203312E-002
   1.053000E+003   2.203105E-002
   1.054000E+003   2.202707E-002
   1.055000E+003   2.202121E-002
   1.056000E+003   2.201347E-002
   1.057000E+003   2.200388E-002
   1.058000E+003   2.199244E-002
   1.059000E+003   2.197918E-002
   1.060000E+003   2.196411E-002
   1.061000E+003   2.194723E-002
   1.062000E+003   2.192858E-002
   1.063000E+003   2.190815E-002
   1.064000E+003   2.188598E-002
   1.065000E+003   2.186206E-002
   1.066000E+003   2.183643E-002
   1.067000E+003   2.180908E-002
   1.068000E+003   2.178005E-002
   1.069000E+003   2.174934E-002
   1.070000E+003   2.171696E-002
   1.071000E+003   2.168294E-002
   1.072000E+003   2.164728E-002
   1.073000E+003   2.161001E-002
   1.074000E+003   2.157114E-002
   1.075000E+003   2.153068E-002
   1.076000E+003   2.148864E-002
   1.077000E+003   2.144505E-002
   1.078000E+003   2.139992E-002
   1.079000E+003   2.135326E-002
   1.080000E+003   2.130509E-002
   1.081000E+003   2.125542E-002
   1.082000E+003   2.120427E-002
   1.083000E+003   2.115165E-002
   1.084000E+003   2.109758E-002
   1.085000E+003   2.104207E-002
   1.086000E+003   2.098514E-002
   1.087000E+003   2.092681E-002
   1.088000E+003   2.086708E-002
   1.089000E+003   2.080597E-002
   1.090000E+003   2.074351E-002
   1.091000E+003   2.067969E-002
   1.092000E+003   2.061455E-002
   1.093000E+003   2.054809E-002
   1.094000E+003   2.048032E-002
   1.095000E+003   2.041127E-002
   1.096000E+003   2.034095E-002
   1.097000E+003   2.026937E-002
   1.098000E+003   2.019655E-002
   1.099000E+003   2.012251E-002
   1.100000E+003   2.004725E-002
   1.101000E+003   1.997080E-002
   1.102000E+003   1.989320E-002
   1.103000E+003   1.981450E-002
   1.104000E+003   1.973475E-002
   1.105000E+003   1.965400E-002
   1.106000E+003   1.957229E-002
   1.107000E+003   1.948967E-002
   1.108000E+003   1.940620E-002
   1.109000E+003   1.932192E-002
   1.110000E+003   1.923687E-002
   1.111000E+003   1.915111E-002
   1.112000E+003   1.906468E-002
   1.113000E+003   1.897764E-002
   1.114000E+003   1.889003E-002
   1.115000E+003   1.880190E-002
   1.116000E+003   1.871329E-002
   1.117000E+003   1.862426E-002
   1.118000E+003   1.853486E-002
   1.119000E+003   1.844513E-002
   1.120000E+003   1.835512E-002
   1.121000E+003   1.826487E-002
   1.122000E+003   1.817445E-002
   1.123000E+003   1.808389E-002
   1.124000E+003   1.799324E-002
   1.125000E+003   1.790256E-002
   1.126000E+003   1.781189E-002
   1.127000E+003   1.772127E-002
   1.128000E+003   1.763076E-002
   1.129000E+003   1.754041E-002
   1.130000E+003   1.745026E-002
   1.131000E+003   1.736036E-002
   1.132000E+003   1.727077E-002
   1.133000E+003   1.718152E-002
   1.134000E+003   1.709267E-002
   1.135000E+003   1.700426E-002
   1.136000E+003   1.691635E-002
   1.137000E+003   1.682898E-002
   1.138000E+003   1.674219E-002
   1.139000E+003   1.665605E-002
   1.140000E+003   1.657059E-002
   1.141000E+003   1.648587E-002
   1.142000E+003   1.640193E-002
   1.143000E+003   1.631882E-002
   1.144000E+003   1.623659E-002
   1.145000E+003   1.615529E-002
   1.146000E+003   1.607496E-002
   1.147000E+003   1.599566E-002
   1.148000E+003   1.591743E-002
   1.149000E+003   1.584032E-002
   1.150000E+003   1.576438E-002
   1.151000E+003   1.568965E-002
   1.152000E+003   1.561611E-002
   1.153000E+003   1.554373E-002
   1.154000E+003   1.547251E-002
   1.155000E+003   1.540240E-002
   1.156000E+003   1.533339E-002
   1.157000E+003   1.526545E-002
   1.158000E+003   1.519855E-002
   1.159000E+003   1.513268E-002
   1.160000E+003   1.506781E-002
   1.161000E+003   1.500391E-002
   1.162000E+003   1.494096E-002
   1.163000E+003   1.487894E-002
   1.164000E+003   1.481781E-002
   1.165000E+003   1.475757E-002
   1.166000E+003   1.469817E-002
   1.167000E+003   1.463961E-002
   1.168000E+003   1.458184E-002
   1.169000E+003   1.452486E-002
   1.170000E+003   1.446863E-002
   1.171000E+003   1.441313E-002
   1.172000E+003   1.435834E-002
   1.173000E+003   1.430423E-002
   1.174000E+003   1.425077E-002
   1.175000E+003   1.419795E-002
   1.176000E+003   1.414574E-002
   1.177000E+003   1.409411E-002
   1.178000E+003   1.404305E-002
   1.179000E+003   1.399252E-002
   1.180000E+003   1.394250E-002
   1.181000E+003   1.389296E-002
   1.182000E+003   1.384389E-002
   1.183000E+003   1.379526E-002
   1.184000E+003   1.374704E-002
   1.185000E+003   1.369921E-002
   1.186000E+003   1.365175E-002
   1.187000E+003   1.360462E-002
   1.188000E+003   1.355782E-002
   1.189000E+003   1.351130E-002
   1.190000E+003   1.346506E-002
   1.191000E+003   1.341906E-002
   1.192000E+003   1.337327E-002
   1.193000E+003   1.332768E-002
   1.194000E+003   1.328226E-002
   1.195000E+003   1.323699E-002
   1.196000E+003   1.319184E-002
   1.197000E+003   1.314679E-002
   1.198000E+003   1.310181E-002
   1.199000E+003   1.305688E-002
   1.200000E+003   1.301197E-002
