   1.000000E+000   1.130898E-002
   2.000000E+000   1.388043E-002
   3.000000E+000   1.645189E-002
   4.000000E+000   1.660525E-002
   5.000000E+000   1.649745E-002
   6.000000E+000   1.661345E-002
   7.000000E+000   1.673979E-002
   8.000000E+000   1.687299E-002
   9.000000E+000   1.704890E-002
   1.000000E+001   1.725060E-002
   1.100000E+001   1.745420E-002
   1.200000E+001   1.766044E-002
   1.300000E+001   1.787448E-002
   1.400000E+001   1.809457E-002
   1.500000E+001   1.831722E-002
   1.600000E+001   1.853951E-002
   1.700000E+001   1.876093E-002
   1.800000E+001   1.898154E-002
   1.900000E+001   1.920138E-002
   2.000000E+001   1.942054E-002
   2.100000E+001   1.963906E-002
   2.200000E+001   1.985692E-002
   2.300000E+001   2.007412E-002
   2.400000E+001   2.029063E-002
   2.500000E+001   2.050644E-002
   2.600000E+001   2.072152E-002
   2.700000E+001   2.093585E-002
   2.800000E+001   2.114942E-002
   2.900000E+001   2.136221E-002
   3.000000E+001   2.157420E-002
   3.100000E+001   2.178537E-002
   3.200000E+001   2.199574E-002
   3.300000E+001   2.220532E-002
   3.400000E+001   2.241414E-002
   3.500000E+001   2.262223E-002
   3.600000E+001   2.282959E-002
   3.700000E+001   2.303624E-002
   3.800000E+001   2.324222E-002
   3.900000E+001   2.344753E-002
   4.000000E+001   2.365220E-002
   4.100000E+001   2.385625E-002
   4.200000E+001   2.405971E-002
   4.300000E+001   2.426261E-002
   4.400000E+001   2.446497E-002
   4.500000E+001   2.466684E-002
   4.600000E+001   2.486824E-002
   4.700000E+001   2.506920E-002
   4.800000E+001   2.526975E-002
   4.900000E+001   2.546993E-002
   5.000000E+001   2.566976E-002
   5.100000E+001   2.586927E-002
   5.200000E+001   2.606848E-002
   5.300000E+001   2.626742E-002
   5.400000E+001   2.646610E-002
   5.500000E+001   2.666454E-002
   5.600000E+001   2.686276E-002
   5.700000E+001   2.706079E-002
   5.800000E+001   2.725863E-002
   5.900000E+001   2.745631E-002
   6.000000E+001   2.765385E-002
   6.100000E+001   2.785126E-002
   6.200000E+001   2.804859E-002
   6.300000E+001   2.824587E-002
   6.400000E+001   2.844311E-002
   6.500000E+001   2.864037E-002
   6.600000E+001   2.883767E-002
   6.700000E+001   2.903504E-002
   6.800000E+001   2.923253E-002
   6.900000E+001   2.943015E-002
   7.000000E+001   2.962795E-002
   7.100000E+001   2.982596E-002
   7.200000E+001   3.002420E-002
   7.300000E+001   3.022272E-002
   7.400000E+001   3.042155E-002
   7.500000E+001   3.062071E-002
   7.600000E+001   3.082025E-002
   7.700000E+001   3.102019E-002
   7.800000E+001   3.122058E-002
   7.900000E+001   3.142143E-002
   8.000000E+001   3.162279E-002
   8.100000E+001   3.182469E-002
   8.200000E+001   3.202715E-002
   8.300000E+001   3.223019E-002
   8.400000E+001   3.243384E-002
   8.500000E+001   3.263812E-002
   8.600000E+001   3.284305E-002
   8.700000E+001   3.304866E-002
   8.800000E+001   3.325497E-002
   8.900000E+001   3.346201E-002
   9.000000E+001   3.366979E-002
   9.100000E+001   3.387834E-002
   9.200000E+001   3.408769E-002
   9.300000E+001   3.429786E-002
   9.400000E+001   3.450889E-002
   9.500000E+001   3.472080E-002
   9.600000E+001   3.493362E-002
   9.700000E+001   3.514738E-002
   9.800000E+001   3.536211E-002
   9.900000E+001   3.557784E-002
   1.000000E+002   3.579459E-002
   1.010000E+002   3.601240E-002
   1.020000E+002   3.623127E-002
   1.030000E+002   3.645122E-002
   1.040000E+002   3.667226E-002
   1.050000E+002   3.689441E-002
   1.060000E+002   3.711768E-002
   1.070000E+002   3.734209E-002
   1.080000E+002   3.756765E-002
   1.090000E+002   3.779436E-002
   1.100000E+002   3.802226E-002
   1.110000E+002   3.825134E-002
   1.120000E+002   3.848162E-002
   1.130000E+002   3.871312E-002
   1.140000E+002   3.894585E-002
   1.150000E+002   3.917982E-002
   1.160000E+002   3.941505E-002
   1.170000E+002   3.965155E-002
   1.180000E+002   3.988933E-002
   1.190000E+002   4.012841E-002
   1.200000E+002   4.036880E-002
   1.210000E+002   4.061052E-002
   1.220000E+002   4.085356E-002
   1.230000E+002   4.109792E-002
   1.240000E+002   4.134362E-002
   1.250000E+002   4.159064E-002
   1.260000E+002   4.183899E-002
   1.270000E+002   4.208868E-002
   1.280000E+002   4.233970E-002
   1.290000E+002   4.259206E-002
   1.300000E+002   4.284575E-002
   1.310000E+002   4.310078E-002
   1.320000E+002   4.335715E-002
   1.330000E+002   4.361486E-002
   1.340000E+002   4.387392E-002
   1.350000E+002   4.413431E-002
   1.360000E+002   4.439605E-002
   1.370000E+002   4.465914E-002
   1.380000E+002   4.492357E-002
   1.390000E+002   4.518935E-002
   1.400000E+002   4.545648E-002
   1.410000E+002   4.572496E-002
   1.420000E+002   4.599478E-002
   1.430000E+002   4.626591E-002
   1.440000E+002   4.653836E-002
   1.450000E+002   4.681209E-002
   1.460000E+002   4.708710E-002
   1.470000E+002   4.736337E-002
   1.480000E+002   4.764089E-002
   1.490000E+002   4.791964E-002
   1.500000E+002   4.819960E-002
   1.510000E+002   4.848076E-002
   1.520000E+002   4.876311E-002
   1.530000E+002   4.904663E-002
   1.540000E+002   4.933131E-002
   1.550000E+002   4.961712E-002
   1.560000E+002   4.990406E-002
   1.570000E+002   5.019212E-002
   1.580000E+002   5.048126E-002
   1.590000E+002   5.077149E-002
   1.600000E+002   5.106278E-002
   1.610000E+002   5.135512E-002
   1.620000E+002   5.164848E-002
   1.630000E+002   5.194283E-002
   1.640000E+002   5.223814E-002
   1.650000E+002   5.253438E-002
   1.660000E+002   5.283151E-002
   1.670000E+002   5.312951E-002
   1.680000E+002   5.342835E-002
   1.690000E+002   5.372800E-002
   1.700000E+002   5.402842E-002
   1.710000E+002   5.432959E-002
   1.720000E+002   5.463147E-002
   1.730000E+002   5.493404E-002
   1.740000E+002   5.523726E-002
   1.750000E+002   5.554111E-002
   1.760000E+002   5.584555E-002
   1.770000E+002   5.615056E-002
   1.780000E+002   5.645610E-002
   1.790000E+002   5.676214E-002
   1.800000E+002   5.706865E-002
   1.810000E+002   5.737560E-002
   1.820000E+002   5.768296E-002
   1.830000E+002   5.799069E-002
   1.840000E+002   5.829876E-002
   1.850000E+002   5.860713E-002
   1.860000E+002   5.891576E-002
   1.870000E+002   5.922463E-002
   1.880000E+002   5.953369E-002
   1.890000E+002   5.984290E-002
   1.900000E+002   6.015224E-002
   1.910000E+002   6.046168E-002
   1.920000E+002   6.077116E-002
   1.930000E+002   6.108066E-002
   1.940000E+002   6.139015E-002
   1.950000E+002   6.169958E-002
   1.960000E+002   6.200893E-002
   1.970000E+002   6.231815E-002
   1.980000E+002   6.262722E-002
   1.990000E+002   6.293609E-002
   2.000000E+002   6.324473E-002
   2.010000E+002   6.355311E-002
   2.020000E+002   6.386118E-002
   2.030000E+002   6.416890E-002
   2.040000E+002   6.447623E-002
   2.050000E+002   6.478312E-002
   2.060000E+002   6.508953E-002
   2.070000E+002   6.539542E-002
   2.080000E+002   6.570075E-002
   2.090000E+002   6.600547E-002
   2.100000E+002   6.630953E-002
   2.110000E+002   6.661291E-002
   2.120000E+002   6.691554E-002
   2.130000E+002   6.721739E-002
   2.140000E+002   6.751843E-002
   2.150000E+002   6.781859E-002
   2.160000E+002   6.811785E-002
   2.170000E+002   6.841615E-002
   2.180000E+002   6.871346E-002
   2.190000E+002   6.900972E-002
   2.200000E+002   6.930491E-002
   2.210000E+002   6.959898E-002
   2.220000E+002   6.989187E-002
   2.230000E+002   7.018356E-002
   2.240000E+002   7.047399E-002
   2.250000E+002   7.076312E-002
   2.260000E+002   7.105092E-002
   2.270000E+002   7.133733E-002
   2.280000E+002   7.162231E-002
   2.290000E+002   7.190582E-002
   2.300000E+002   7.218781E-002
   2.310000E+002   7.246825E-002
   2.320000E+002   7.274707E-002
   2.330000E+002   7.302425E-002
   2.340000E+002   7.329973E-002
   2.350000E+002   7.357348E-002
   2.360000E+002   7.384544E-002
   2.370000E+002   7.411558E-002
   2.380000E+002   7.438384E-002
   2.390000E+002   7.465019E-002
   2.400000E+002   7.491458E-002
   2.410000E+002   7.517696E-002
   2.420000E+002   7.543730E-002
   2.430000E+002   7.569555E-002
   2.440000E+002   7.595165E-002
   2.450000E+002   7.620558E-002
   2.460000E+002   7.645728E-002
   2.470000E+002   7.670671E-002
   2.480000E+002   7.695383E-002
   2.490000E+002   7.719859E-002
   2.500000E+002   7.744095E-002
   2.510000E+002   7.768086E-002
   2.520000E+002   7.791829E-002
   2.530000E+002   7.815322E-002
   2.540000E+002   7.838561E-002
   2.550000E+002   7.861544E-002
   2.560000E+002   7.884266E-002
   2.570000E+002   7.906726E-002
   2.580000E+002   7.928920E-002
   2.590000E+002   7.950845E-002
   2.600000E+002   7.972498E-002
   2.610000E+002   7.993877E-002
   2.620000E+002   8.014977E-002
   2.630000E+002   8.035797E-002
   2.640000E+002   8.056333E-002
   2.650000E+002   8.076582E-002
   2.660000E+002   8.096541E-002
   2.670000E+002   8.116207E-002
   2.680000E+002   8.135577E-002
   2.690000E+002   8.154647E-002
   2.700000E+002   8.173416E-002
   2.710000E+002   8.191880E-002
   2.720000E+002   8.210036E-002
   2.730000E+002   8.227881E-002
   2.740000E+002   8.245412E-002
   2.750000E+002   8.262625E-002
   2.760000E+002   8.279519E-002
   2.770000E+002   8.296089E-002
   2.780000E+002   8.312334E-002
   2.790000E+002   8.328251E-002
   2.800000E+002   8.343837E-002
   2.810000E+002   8.359088E-002
   2.820000E+002   8.374004E-002
   2.830000E+002   8.388579E-002
   2.840000E+002   8.402813E-002
   2.850000E+002   8.416702E-002
   2.860000E+002   8.430243E-002
   2.870000E+002   8.443434E-002
   2.880000E+002   8.456272E-002
   2.890000E+002   8.468754E-002
   2.900000E+002   8.480877E-002
   2.910000E+002   8.492639E-002
   2.920000E+002   8.504037E-002
   2.930000E+002   8.515069E-002
   2.940000E+002   8.525730E-002
   2.950000E+002   8.536020E-002
   2.960000E+002   8.545934E-002
   2.970000E+002   8.555471E-002
   2.980000E+002   8.564627E-002
   2.990000E+002   8.573399E-002
   3.000000E+002   8.581786E-002
   3.010000E+002   8.589784E-002
   3.020000E+002   8.597394E-002
   3.030000E+002   8.604615E-002
   3.040000E+002   8.611449E-002
   3.050000E+002   8.617894E-002
   3.060000E+002   8.623952E-002
   3.070000E+002   8.629622E-002
   3.080000E+002   8.634905E-002
   3.090000E+002   8.639802E-002
   3.100000E+002   8.644311E-002
   3.110000E+002   8.648434E-002
   3.120000E+002   8.652170E-002
   3.130000E+002   8.655521E-002
   3.140000E+002   8.658485E-002
   3.150000E+002   8.661064E-002
   3.160000E+002   8.663258E-002
   3.170000E+002   8.665066E-002
   3.180000E+002   8.666489E-002
   3.190000E+002   8.667528E-002
   3.200000E+002   8.668182E-002
   3.210000E+002   8.668452E-002
   3.220000E+002   8.668337E-002
   3.230000E+002   8.667839E-002
   3.240000E+002   8.666957E-002
   3.250000E+002   8.665692E-002
   3.260000E+002   8.664044E-002
   3.270000E+002   8.662013E-002
   3.280000E+002   8.659599E-002
   3.290000E+002   8.656802E-002
   3.300000E+002   8.653623E-002
   3.310000E+002   8.650062E-002
   3.320000E+002   8.646120E-002
   3.330000E+002   8.641795E-002
   3.340000E+002   8.637090E-002
   3.350000E+002   8.632003E-002
   3.360000E+002   8.626535E-002
   3.370000E+002   8.620687E-002
   3.380000E+002   8.614458E-002
   3.390000E+002   8.607849E-002
   3.400000E+002   8.600859E-002
   3.410000E+002   8.593490E-002
   3.420000E+002   8.585742E-002
   3.430000E+002   8.577614E-002
   3.440000E+002   8.569107E-002
   3.450000E+002   8.560221E-002
   3.460000E+002   8.550956E-002
   3.470000E+002   8.541313E-002
   3.480000E+002   8.531291E-002
   3.490000E+002   8.520892E-002
   3.500000E+002   8.510115E-002
   3.510000E+002   8.498960E-002
   3.520000E+002   8.487432E-002
   3.530000E+002   8.475533E-002
   3.540000E+002   8.463266E-002
   3.550000E+002   8.450636E-002
   3.560000E+002   8.437645E-002
   3.570000E+002   8.424297E-002
   3.580000E+002   8.410596E-002
   3.590000E+002   8.396544E-002
   3.600000E+002   8.382145E-002
   3.610000E+002   8.367403E-002
   3.620000E+002   8.352320E-002
   3.630000E+002   8.336901E-002
   3.640000E+002   8.321149E-002
   3.650000E+002   8.305067E-002
   3.660000E+002   8.288659E-002
   3.670000E+002   8.271928E-002
   3.680000E+002   8.254877E-002
   3.690000E+002   8.237510E-002
   3.700000E+002   8.219830E-002
   3.710000E+002   8.201841E-002
   3.720000E+002   8.183546E-002
   3.730000E+002   8.164949E-002
   3.740000E+002   8.146052E-002
   3.750000E+002   8.126860E-002
   3.760000E+002   8.107375E-002
   3.770000E+002   8.087602E-002
   3.780000E+002   8.067543E-002
   3.790000E+002   8.047202E-002
   3.800000E+002   8.026583E-002
   3.810000E+002   8.005688E-002
   3.820000E+002   7.984521E-002
   3.830000E+002   7.963086E-002
   3.840000E+002   7.941386E-002
   3.850000E+002   7.919425E-002
   3.860000E+002   7.897205E-002
   3.870000E+002   7.874731E-002
   3.880000E+002   7.852005E-002
   3.890000E+002   7.829031E-002
   3.900000E+002   7.805813E-002
   3.910000E+002   7.782354E-002
   3.920000E+002   7.758657E-002
   3.930000E+002   7.734726E-002
   3.940000E+002   7.710564E-002
   3.950000E+002   7.686174E-002
   3.960000E+002   7.661560E-002
   3.970000E+002   7.636726E-002
   3.980000E+002   7.611675E-002
   3.990000E+002   7.586409E-002
   4.000000E+002   7.560934E-002
   4.010000E+002   7.535251E-002
   4.020000E+002   7.509367E-002
   4.030000E+002   7.483284E-002
   4.040000E+002   7.457009E-002
   4.050000E+002   7.430546E-002
   4.060000E+002   7.403900E-002
   4.070000E+002   7.377075E-002
   4.080000E+002   7.350076E-002
   4.090000E+002   7.322908E-002
   4.100000E+002   7.295576E-002
   4.110000E+002   7.268084E-002
   4.120000E+002   7.240437E-002
   4.130000E+002   7.212640E-002
   4.140000E+002   7.184698E-002
   4.150000E+002   7.156614E-002
   4.160000E+002   7.128395E-002
   4.170000E+002   7.100045E-002
   4.180000E+002   7.071567E-002
   4.190000E+002   7.042969E-002
   4.200000E+002   7.014253E-002
   4.210000E+002   6.985425E-002
   4.220000E+002   6.956489E-002
   4.230000E+002   6.927450E-002
   4.240000E+002   6.898313E-002
   4.250000E+002   6.869083E-002
   4.260000E+002   6.839764E-002
   4.270000E+002   6.810362E-002
   4.280000E+002   6.780880E-002
   4.290000E+002   6.751323E-002
   4.300000E+002   6.721697E-002
   4.310000E+002   6.692006E-002
   4.320000E+002   6.662255E-002
   4.330000E+002   6.632448E-002
   4.340000E+002   6.602590E-002
   4.350000E+002   6.572686E-002
   4.360000E+002   6.542741E-002
   4.370000E+002   6.512760E-002
   4.380000E+002   6.482746E-002
   4.390000E+002   6.452705E-002
   4.400000E+002   6.422642E-002
   4.410000E+002   6.392562E-002
   4.420000E+002   6.362468E-002
   4.430000E+002   6.332366E-002
   4.440000E+002   6.302261E-002
   4.450000E+002   6.272157E-002
   4.460000E+002   6.242059E-002
   4.470000E+002   6.211971E-002
   4.480000E+002   6.181900E-002
   4.490000E+002   6.151848E-002
   4.500000E+002   6.121821E-002
   4.510000E+002   6.091824E-002
   4.520000E+002   6.061861E-002
   4.530000E+002   6.031935E-002
   4.540000E+002   6.002050E-002
   4.550000E+002   5.972212E-002
   4.560000E+002   5.942423E-002
   4.570000E+002   5.912687E-002
   4.580000E+002   5.883010E-002
   4.590000E+002   5.853393E-002
   4.600000E+002   5.823842E-002
   4.610000E+002   5.794361E-002
   4.620000E+002   5.764954E-002
   4.630000E+002   5.735623E-002
   4.640000E+002   5.706375E-002
   4.650000E+002   5.677211E-002
   4.660000E+002   5.648137E-002
   4.670000E+002   5.619157E-002
   4.680000E+002   5.590274E-002
   4.690000E+002   5.561493E-002
   4.700000E+002   5.532817E-002
   4.710000E+002   5.504250E-002
   4.720000E+002   5.475796E-002
   4.730000E+002   5.447460E-002
   4.740000E+002   5.419246E-002
   4.750000E+002   5.391156E-002
   4.760000E+002   5.363196E-002
   4.770000E+002   5.335370E-002
   4.780000E+002   5.307680E-002
   4.790000E+002   5.280132E-002
   4.800000E+002   5.252729E-002
   4.810000E+002   5.225476E-002
   4.820000E+002   5.198375E-002
   4.830000E+002   5.171432E-002
   4.840000E+002   5.144650E-002
   4.850000E+002   5.118033E-002
   4.860000E+002   5.091586E-002
   4.870000E+002   5.065311E-002
   4.880000E+002   5.039214E-002
   4.890000E+002   5.013298E-002
   4.900000E+002   4.987567E-002
   4.910000E+002   4.962025E-002
   4.920000E+002   4.936676E-002
   4.930000E+002   4.911524E-002
   4.940000E+002   4.886574E-002
   4.950000E+002   4.861828E-002
   4.960000E+002   4.837291E-002
   4.970000E+002   4.812968E-002
   4.980000E+002   4.788861E-002
   4.990000E+002   4.764976E-002
   5.000000E+002   4.741315E-002
   5.010000E+002   4.717883E-002
   5.020000E+002   4.694681E-002
   5.030000E+002   4.671712E-002
   5.040000E+002   4.648976E-002
   5.050000E+002   4.626476E-002
   5.060000E+002   4.604212E-002
   5.070000E+002   4.582186E-002
   5.080000E+002   4.560400E-002
   5.090000E+002   4.538856E-002
   5.100000E+002   4.517555E-002
   5.110000E+002   4.496498E-002
   5.120000E+002   4.475687E-002
   5.130000E+002   4.455124E-002
   5.140000E+002   4.434810E-002
   5.150000E+002   4.414747E-002
   5.160000E+002   4.394936E-002
   5.170000E+002   4.375379E-002
   5.180000E+002   4.356078E-002
   5.190000E+002   4.337033E-002
   5.200000E+002   4.318247E-002
   5.210000E+002   4.299721E-002
   5.220000E+002   4.281457E-002
   5.230000E+002   4.263456E-002
   5.240000E+002   4.245720E-002
   5.250000E+002   4.228250E-002
   5.260000E+002   4.211048E-002
   5.270000E+002   4.194115E-002
   5.280000E+002   4.177453E-002
   5.290000E+002   4.161064E-002
   5.300000E+002   4.144949E-002
   5.310000E+002   4.129110E-002
   5.320000E+002   4.113548E-002
   5.330000E+002   4.098264E-002
   5.340000E+002   4.083261E-002
   5.350000E+002   4.068540E-002
   5.360000E+002   4.054102E-002
   5.370000E+002   4.039950E-002
   5.380000E+002   4.026083E-002
   5.390000E+002   4.012505E-002
   5.400000E+002   3.999217E-002
   5.410000E+002   3.986220E-002
   5.420000E+002   3.973515E-002
   5.430000E+002   3.961105E-002
   5.440000E+002   3.948991E-002
   5.450000E+002   3.937174E-002
   5.460000E+002   3.925657E-002
   5.470000E+002   3.914439E-002
   5.480000E+002   3.903524E-002
   5.490000E+002   3.892913E-002
   5.500000E+002   3.882607E-002
   5.510000E+002   3.872607E-002
   5.520000E+002   3.862912E-002
   5.530000E+002   3.853523E-002
   5.540000E+002   3.844436E-002
   5.550000E+002   3.835651E-002
   5.560000E+002   3.827166E-002
   5.570000E+002   3.818981E-002
   5.580000E+002   3.811095E-002
   5.590000E+002   3.803505E-002
   5.600000E+002   3.796211E-002
   5.610000E+002   3.789211E-002
   5.620000E+002   3.782505E-002
   5.630000E+002   3.776091E-002
   5.640000E+002   3.769967E-002
   5.650000E+002   3.764133E-002
   5.660000E+002   3.758588E-002
   5.670000E+002   3.753329E-002
   5.680000E+002   3.748357E-002
   5.690000E+002   3.743669E-002
   5.700000E+002   3.739265E-002
   5.710000E+002   3.735143E-002
   5.720000E+002   3.731302E-002
   5.730000E+002   3.727740E-002
   5.740000E+002   3.724458E-002
   5.750000E+002   3.721452E-002
   5.760000E+002   3.718723E-002
   5.770000E+002   3.716268E-002
   5.780000E+002   3.714087E-002
   5.790000E+002   3.712179E-002
   5.800000E+002   3.710541E-002
   5.810000E+002   3.709174E-002
   5.820000E+002   3.708075E-002
   5.830000E+002   3.707244E-002
   5.840000E+002   3.706679E-002
   5.850000E+002   3.706379E-002
   5.860000E+002   3.706343E-002
   5.870000E+002   3.706569E-002
   5.880000E+002   3.707057E-002
   5.890000E+002   3.707805E-002
   5.900000E+002   3.708811E-002
   5.910000E+002   3.710076E-002
   5.920000E+002   3.711597E-002
   5.930000E+002   3.713373E-002
   5.940000E+002   3.715403E-002
   5.950000E+002   3.717685E-002
   5.960000E+002   3.720220E-002
   5.970000E+002   3.723004E-002
   5.980000E+002   3.726038E-002
   5.990000E+002   3.729319E-002
   6.000000E+002   3.732847E-002
   6.010000E+002   3.736620E-002
   6.020000E+002   3.740635E-002
   6.030000E+002   3.744890E-002
   6.040000E+002   3.749380E-002
   6.050000E+002   3.754103E-002
   6.060000E+002   3.759055E-002
   6.070000E+002   3.764234E-002
   6.080000E+002   3.769636E-002
   6.090000E+002   3.775258E-002
   6.100000E+002   3.781096E-002
   6.110000E+002   3.787149E-002
   6.120000E+002   3.793412E-002
   6.130000E+002   3.799882E-002
   6.140000E+002   3.806556E-002
   6.150000E+002   3.813431E-002
   6.160000E+002   3.820505E-002
   6.170000E+002   3.827772E-002
   6.180000E+002   3.835232E-002
   6.190000E+002   3.842879E-002
   6.200000E+002   3.850712E-002
   6.210000E+002   3.858726E-002
   6.220000E+002   3.866919E-002
   6.230000E+002   3.875288E-002
   6.240000E+002   3.883830E-002
   6.250000E+002   3.892540E-002
   6.260000E+002   3.901417E-002
   6.270000E+002   3.910457E-002
   6.280000E+002   3.919656E-002
   6.290000E+002   3.929012E-002
   6.300000E+002   3.938521E-002
   6.310000E+002   3.948181E-002
   6.320000E+002   3.957987E-002
   6.330000E+002   3.967938E-002
   6.340000E+002   3.978029E-002
   6.350000E+002   3.988258E-002
   6.360000E+002   3.998621E-002
   6.370000E+002   4.009115E-002
   6.380000E+002   4.019738E-002
   6.390000E+002   4.030485E-002
   6.400000E+002   4.041354E-002
   6.410000E+002   4.052341E-002
   6.420000E+002   4.063444E-002
   6.430000E+002   4.074659E-002
   6.440000E+002   4.085983E-002
   6.450000E+002   4.097412E-002
   6.460000E+002   4.108945E-002
   6.470000E+002   4.120577E-002
   6.480000E+002   4.132305E-002
   6.490000E+002   4.144126E-002
   6.500000E+002   4.156038E-002
   6.510000E+002   4.168036E-002
   6.520000E+002   4.180117E-002
   6.530000E+002   4.192278E-002
   6.540000E+002   4.204516E-002
   6.550000E+002   4.216826E-002
   6.560000E+002   4.229206E-002
   6.570000E+002   4.241652E-002
   6.580000E+002   4.254160E-002
   6.590000E+002   4.266727E-002
   6.600000E+002   4.279349E-002
   6.610000E+002   4.292023E-002
   6.620000E+002   4.304746E-002
   6.630000E+002   4.317513E-002
   6.640000E+002   4.330323E-002
   6.650000E+002   4.343170E-002
   6.660000E+002   4.356051E-002
   6.670000E+002   4.368964E-002
   6.680000E+002   4.381904E-002
   6.690000E+002   4.394868E-002
   6.700000E+002   4.407853E-002
   6.710000E+002   4.420854E-002
   6.720000E+002   4.433870E-002
   6.730000E+002   4.446895E-002
   6.740000E+002   4.459927E-002
   6.750000E+002   4.472962E-002
   6.760000E+002   4.485997E-002
   6.770000E+002   4.499027E-002
   6.780000E+002   4.512051E-002
   6.790000E+002   4.525064E-002
   6.800000E+002   4.538062E-002
   6.810000E+002   4.551042E-002
   6.820000E+002   4.564001E-002
   6.830000E+002   4.576936E-002
   6.840000E+002   4.589842E-002
   6.850000E+002   4.602716E-002
   6.860000E+002   4.615555E-002
   6.870000E+002   4.628355E-002
   6.880000E+002   4.641113E-002
   6.890000E+002   4.653826E-002
   6.900000E+002   4.666489E-002
   6.910000E+002   4.679099E-002
   6.920000E+002   4.691653E-002
   6.930000E+002   4.704148E-002
   6.940000E+002   4.716579E-002
   6.950000E+002   4.728944E-002
   6.960000E+002   4.741239E-002
   6.970000E+002   4.753460E-002
   6.980000E+002   4.765604E-002
   6.990000E+002   4.777667E-002
   7.000000E+002   4.789646E-002
   7.010000E+002   4.801538E-002
   7.020000E+002   4.813340E-002
   7.030000E+002   4.825051E-002
   7.040000E+002   4.836667E-002
   7.050000E+002   4.848187E-002
   7.060000E+002   4.859608E-002
   7.070000E+002   4.870929E-002
   7.080000E+002   4.882148E-002
   7.090000E+002   4.893261E-002
   7.100000E+002   4.904268E-002
   7.110000E+002   4.915165E-002
   7.120000E+002   4.925951E-002
   7.130000E+002   4.936623E-002
   7.140000E+002   4.947180E-002
   7.150000E+002   4.957618E-002
   7.160000E+002   4.967937E-002
   7.170000E+002   4.978134E-002
   7.180000E+002   4.988206E-002
   7.190000E+002   4.998152E-002
   7.200000E+002   5.007969E-002
   7.210000E+002   5.017655E-002
   7.220000E+002   5.027208E-002
   7.230000E+002   5.036626E-002
   7.240000E+002   5.045907E-002
   7.250000E+002   5.055048E-002
   7.260000E+002   5.064047E-002
   7.270000E+002   5.072903E-002
   7.280000E+002   5.081613E-002
   7.290000E+002   5.090174E-002
   7.300000E+002   5.098586E-002
   7.310000E+002   5.106844E-002
   7.320000E+002   5.114949E-002
   7.330000E+002   5.122896E-002
   7.340000E+002   5.130684E-002
   7.350000E+002   5.138312E-002
   7.360000E+002   5.145776E-002
   7.370000E+002   5.153074E-002
   7.380000E+002   5.160205E-002
   7.390000E+002   5.167166E-002
   7.400000E+002   5.173955E-002
   7.410000E+002   5.180570E-002
   7.420000E+002   5.187009E-002
   7.430000E+002   5.193269E-002
   7.440000E+002   5.199349E-002
   7.450000E+002   5.205246E-002
   7.460000E+002   5.210958E-002
   7.470000E+002   5.216483E-002
   7.480000E+002   5.221818E-002
   7.490000E+002   5.226963E-002
   7.500000E+002   5.231913E-002
   7.510000E+002   5.236669E-002
   7.520000E+002   5.241228E-002
   7.530000E+002   5.245591E-002
   7.540000E+002   5.249757E-002
   7.550000E+002   5.253727E-002
   7.560000E+002   5.257500E-002
   7.570000E+002   5.261075E-002
   7.580000E+002   5.264453E-002
   7.590000E+002   5.267633E-002
   7.600000E+002   5.270615E-002
   7.610000E+002   5.273399E-002
   7.620000E+002   5.275985E-002
   7.630000E+002   5.278371E-002
   7.640000E+002   5.280559E-002
   7.650000E+002   5.282547E-002
   7.660000E+002   5.284336E-002
   7.670000E+002   5.285925E-002
   7.680000E+002   5.287315E-002
   7.690000E+002   5.288503E-002
   7.700000E+002   5.289492E-002
   7.710000E+002   5.290279E-002
   7.720000E+002   5.290866E-002
   7.730000E+002   5.291251E-002
   7.740000E+002   5.291435E-002
   7.750000E+002   5.291417E-002
   7.760000E+002   5.291197E-002
   7.770000E+002   5.290774E-002
   7.780000E+002   5.290149E-002
   7.790000E+002   5.289322E-002
   7.800000E+002   5.288291E-002
   7.810000E+002   5.287057E-002
   7.820000E+002   5.285619E-002
   7.830000E+002   5.283978E-002
   7.840000E+002   5.282133E-002
   7.850000E+002   5.280083E-002
   7.860000E+002   5.277829E-002
   7.870000E+002   5.275370E-002
   7.880000E+002   5.272706E-002
   7.890000E+002   5.269837E-002
   7.900000E+002   5.266762E-002
   7.910000E+002   5.263482E-002
   7.920000E+002   5.259995E-002
   7.930000E+002   5.256302E-002
   7.940000E+002   5.252403E-002
   7.950000E+002   5.248296E-002
   7.960000E+002   5.243983E-002
   7.970000E+002   5.239462E-002
   7.980000E+002   5.234734E-002
   7.990000E+002   5.229798E-002
   8.000000E+002   5.224654E-002
   8.010000E+002   5.219302E-002
   8.020000E+002   5.213744E-002
   8.030000E+002   5.207981E-002
   8.040000E+002   5.202015E-002
   8.050000E+002   5.195848E-002
   8.060000E+002   5.189482E-002
   8.070000E+002   5.182918E-002
   8.080000E+002   5.176159E-002
   8.090000E+002   5.169206E-002
   8.100000E+002   5.162061E-002
   8.110000E+002   5.154726E-002
   8.120000E+002   5.147203E-002
   8.130000E+002   5.139493E-002
   8.140000E+002   5.131599E-002
   8.150000E+002   5.123522E-002
   8.160000E+002   5.115264E-002
   8.170000E+002   5.106826E-002
   8.180000E+002   5.098212E-002
   8.190000E+002   5.089421E-002
   8.200000E+002   5.080457E-002
   8.210000E+002   5.071321E-002
   8.220000E+002   5.062015E-002
   8.230000E+002   5.052541E-002
   8.240000E+002   5.042900E-002
   8.250000E+002   5.033095E-002
   8.260000E+002   5.023127E-002
   8.270000E+002   5.012997E-002
   8.280000E+002   5.002709E-002
   8.290000E+002   4.992263E-002
   8.300000E+002   4.981662E-002
   8.310000E+002   4.970907E-002
   8.320000E+002   4.960000E-002
   8.330000E+002   4.948943E-002
   8.340000E+002   4.937738E-002
   8.350000E+002   4.926386E-002
   8.360000E+002   4.914890E-002
   8.370000E+002   4.903251E-002
   8.380000E+002   4.891470E-002
   8.390000E+002   4.879551E-002
   8.400000E+002   4.867495E-002
   8.410000E+002   4.855302E-002
   8.420000E+002   4.842977E-002
   8.430000E+002   4.830519E-002
   8.440000E+002   4.817931E-002
   8.450000E+002   4.805215E-002
   8.460000E+002   4.792372E-002
   8.470000E+002   4.779405E-002
   8.480000E+002   4.766315E-002
   8.490000E+002   4.753105E-002
   8.500000E+002   4.739775E-002
   8.510000E+002   4.726327E-002
   8.520000E+002   4.712765E-002
   8.530000E+002   4.699091E-002
   8.540000E+002   4.685307E-002
   8.550000E+002   4.671415E-002
   8.560000E+002   4.657419E-002
   8.570000E+002   4.643320E-002
   8.580000E+002   4.629122E-002
   8.590000E+002   4.614826E-002
   8.600000E+002   4.600436E-002
   8.610000E+002   4.585953E-002
   8.620000E+002   4.571381E-002
   8.630000E+002   4.556721E-002
   8.640000E+002   4.541977E-002
   8.650000E+002   4.527150E-002
   8.660000E+002   4.512244E-002
   8.670000E+002   4.497261E-002
   8.680000E+002   4.482202E-002
   8.690000E+002   4.467072E-002
   8.700000E+002   4.451872E-002
   8.710000E+002   4.436605E-002
   8.720000E+002   4.421273E-002
   8.730000E+002   4.405878E-002
   8.740000E+002   4.390425E-002
   8.750000E+002   4.374914E-002
   8.760000E+002   4.359348E-002
   8.770000E+002   4.343730E-002
   8.780000E+002   4.328063E-002
   8.790000E+002   4.312349E-002
   8.800000E+002   4.296590E-002
   8.810000E+002   4.280788E-002
   8.820000E+002   4.264948E-002
   8.830000E+002   4.249070E-002
   8.840000E+002   4.233157E-002
   8.850000E+002   4.217213E-002
   8.860000E+002   4.201239E-002
   8.870000E+002   4.185238E-002
   8.880000E+002   4.169212E-002
   8.890000E+002   4.153164E-002
   8.900000E+002   4.137097E-002
   8.910000E+002   4.121013E-002
   8.920000E+002   4.104914E-002
   8.930000E+002   4.088803E-002
   8.940000E+002   4.072682E-002
   8.950000E+002   4.056555E-002
   8.960000E+002   4.040423E-002
   8.970000E+002   4.024289E-002
   8.980000E+002   4.008156E-002
   8.990000E+002   3.992026E-002
   9.000000E+002   3.975901E-002
   9.010000E+002   3.959784E-002
   9.020000E+002   3.943678E-002
   9.030000E+002   3.927584E-002
   9.040000E+002   3.911505E-002
   9.050000E+002   3.895442E-002
   9.060000E+002   3.879399E-002
   9.070000E+002   3.863377E-002
   9.080000E+002   3.847379E-002
   9.090000E+002   3.831406E-002
   9.100000E+002   3.815462E-002
   9.110000E+002   3.799548E-002
   9.120000E+002   3.783666E-002
   9.130000E+002   3.767819E-002
   9.140000E+002   3.752008E-002
   9.150000E+002   3.736237E-002
   9.160000E+002   3.720507E-002
   9.170000E+002   3.704821E-002
   9.180000E+002   3.689180E-002
   9.190000E+002   3.673588E-002
   9.200000E+002   3.658045E-002
   9.210000E+002   3.642555E-002
   9.220000E+002   3.627120E-002
   9.230000E+002   3.611741E-002
   9.240000E+002   3.596421E-002
   9.250000E+002   3.581163E-002
   9.260000E+002   3.565968E-002
   9.270000E+002   3.550839E-002
   9.280000E+002   3.535778E-002
   9.290000E+002   3.520787E-002
   9.300000E+002   3.505869E-002
   9.310000E+002   3.491025E-002
   9.320000E+002   3.476257E-002
   9.330000E+002   3.461569E-002
   9.340000E+002   3.446962E-002
   9.350000E+002   3.432439E-002
   9.360000E+002   3.418001E-002
   9.370000E+002   3.403651E-002
   9.380000E+002   3.389391E-002
   9.390000E+002   3.375224E-002
   9.400000E+002   3.361151E-002
   9.410000E+002   3.347174E-002
   9.420000E+002   3.333297E-002
   9.430000E+002   3.319521E-002
   9.440000E+002   3.305849E-002
   9.450000E+002   3.292282E-002
   9.460000E+002   3.278822E-002
   9.470000E+002   3.265473E-002
   9.480000E+002   3.252237E-002
   9.490000E+002   3.239114E-002
   9.500000E+002   3.226109E-002
   9.510000E+002   3.213222E-002
   9.520000E+002   3.200455E-002
   9.530000E+002   3.187809E-002
   9.540000E+002   3.175284E-002
   9.550000E+002   3.162882E-002
   9.560000E+002   3.150603E-002
   9.570000E+002   3.138448E-002
   9.580000E+002   3.126419E-002
   9.590000E+002   3.114515E-002
   9.600000E+002   3.102738E-002
   9.610000E+002   3.091090E-002
   9.620000E+002   3.079569E-002
   9.630000E+002   3.068179E-002
   9.640000E+002   3.056918E-002
   9.650000E+002   3.045790E-002
   9.660000E+002   3.034793E-002
   9.670000E+002   3.023929E-002
   9.680000E+002   3.013199E-002
   9.690000E+002   3.002605E-002
   9.700000E+002   2.992145E-002
   9.710000E+002   2.981823E-002
   9.720000E+002   2.971638E-002
   9.730000E+002   2.961591E-002
   9.740000E+002   2.951684E-002
   9.750000E+002   2.941916E-002
   9.760000E+002   2.932290E-002
   9.770000E+002   2.922806E-002
   9.780000E+002   2.913464E-002
   9.790000E+002   2.904266E-002
   9.800000E+002   2.895213E-002
   9.810000E+002   2.886305E-002
   9.820000E+002   2.877543E-002
   9.830000E+002   2.868929E-002
   9.840000E+002   2.860463E-002
   9.850000E+002   2.852145E-002
   9.860000E+002   2.843978E-002
   9.870000E+002   2.835961E-002
   9.880000E+002   2.828096E-002
   9.890000E+002   2.820383E-002
   9.900000E+002   2.812824E-002
   9.910000E+002   2.805419E-002
   9.920000E+002   2.798169E-002
   9.930000E+002   2.791075E-002
   9.940000E+002   2.784139E-002
   9.950000E+002   2.777360E-002
   9.960000E+002   2.770739E-002
   9.970000E+002   2.764278E-002
   9.980000E+002   2.757978E-002
   9.990000E+002   2.751839E-002
   1.000000E+003   2.745862E-002
   1.001000E+003   2.740048E-002
   1.002000E+003   2.734397E-002
   1.003000E+003   2.728907E-002
   1.004000E+003   2.723578E-002
   1.005000E+003   2.718409E-002
   1.006000E+003   2.713400E-002
   1.007000E+003   2.708550E-002
   1.008000E+003   2.703857E-002
   1.009000E+003   2.699323E-002
   1.010000E+003   2.694945E-002
   1.011000E+003   2.690722E-002
   1.012000E+003   2.686655E-002
   1.013000E+003   2.682743E-002
   1.014000E+003   2.678985E-002
   1.015000E+003   2.675379E-002
   1.016000E+003   2.671926E-002
   1.017000E+003   2.668625E-002
   1.018000E+003   2.665475E-002
   1.019000E+003   2.662475E-002
   1.020000E+003   2.659624E-002
   1.021000E+003   2.656923E-002
   1.022000E+003   2.654369E-002
   1.023000E+003   2.651963E-002
   1.024000E+003   2.649704E-002
   1.025000E+003   2.647590E-002
   1.026000E+003   2.645622E-002
   1.027000E+003   2.643799E-002
   1.028000E+003   2.642119E-002
   1.029000E+003   2.640582E-002
   1.030000E+003   2.639188E-002
   1.031000E+003   2.637936E-002
   1.032000E+003   2.636824E-002
   1.033000E+003   2.635853E-002
   1.034000E+003   2.635022E-002
   1.035000E+003   2.634329E-002
   1.036000E+003   2.633774E-002
   1.037000E+003   2.633357E-002
   1.038000E+003   2.633077E-002
   1.039000E+003   2.632933E-002
   1.040000E+003   2.632924E-002
   1.041000E+003   2.633049E-002
   1.042000E+003   2.633309E-002
   1.043000E+003   2.633701E-002
   1.044000E+003   2.634226E-002
   1.045000E+003   2.634883E-002
   1.046000E+003   2.635671E-002
   1.047000E+003   2.636589E-002
   1.048000E+003   2.637636E-002
   1.049000E+003   2.638813E-002
   1.050000E+003   2.640118E-002
   1.051000E+003   2.641550E-002
   1.052000E+003   2.643108E-002
   1.053000E+003   2.644790E-002
   1.054000E+003   2.646596E-002
   1.055000E+003   2.648522E-002
   1.056000E+003   2.650569E-002
   1.057000E+003   2.652735E-002
   1.058000E+003   2.655017E-002
   1.059000E+003   2.657415E-002
   1.060000E+003   2.659926E-002
   1.061000E+003   2.662551E-002
   1.062000E+003   2.665286E-002
   1.063000E+003   2.668131E-002
   1.064000E+003   2.671083E-002
   1.065000E+003   2.674142E-002
   1.066000E+003   2.677307E-002
   1.067000E+003   2.680574E-002
   1.068000E+003   2.683944E-002
   1.069000E+003   2.687414E-002
   1.070000E+003   2.690983E-002
   1.071000E+003   2.694650E-002
   1.072000E+003   2.698413E-002
   1.073000E+003   2.702270E-002
   1.074000E+003   2.706220E-002
   1.075000E+003   2.710262E-002
   1.076000E+003   2.714394E-002
   1.077000E+003   2.718614E-002
   1.078000E+003   2.722921E-002
   1.079000E+003   2.727314E-002
   1.080000E+003   2.731791E-002
   1.081000E+003   2.736350E-002
   1.082000E+003   2.740991E-002
   1.083000E+003   2.745711E-002
   1.084000E+003   2.750509E-002
   1.085000E+003   2.755383E-002
   1.086000E+003   2.760333E-002
   1.087000E+003   2.765356E-002
   1.088000E+003   2.770451E-002
   1.089000E+003   2.775617E-002
   1.090000E+003   2.780852E-002
   1.091000E+003   2.786154E-002
   1.092000E+003   2.791523E-002
   1.093000E+003   2.796955E-002
   1.094000E+003   2.802452E-002
   1.095000E+003   2.808009E-002
   1.096000E+003   2.813627E-002
   1.097000E+003   2.819303E-002
   1.098000E+003   2.825036E-002
   1.099000E+003   2.830825E-002
   1.100000E+003   2.836668E-002
   1.101000E+003   2.842564E-002
   1.102000E+003   2.848509E-002
   1.103000E+003   2.854502E-002
   1.104000E+003   2.860539E-002
   1.105000E+003   2.866619E-002
   1.106000E+003   2.872738E-002
   1.107000E+003   2.878895E-002
   1.108000E+003   2.885085E-002
   1.109000E+003   2.891308E-002
   1.110000E+003   2.897560E-002
   1.111000E+003   2.903838E-002
   1.112000E+003   2.910141E-002
   1.113000E+003   2.916465E-002
   1.114000E+003   2.922807E-002
   1.115000E+003   2.929166E-002
   1.116000E+003   2.935539E-002
   1.117000E+003   2.941923E-002
   1.118000E+003   2.948315E-002
   1.119000E+003   2.954713E-002
   1.120000E+003   2.961114E-002
   1.121000E+003   2.967516E-002
   1.122000E+003   2.973916E-002
   1.123000E+003   2.980311E-002
   1.124000E+003   2.986700E-002
   1.125000E+003   2.993078E-002
   1.126000E+003   2.999445E-002
   1.127000E+003   3.005796E-002
   1.128000E+003   3.012130E-002
   1.129000E+003   3.018444E-002
   1.130000E+003   3.024735E-002
   1.131000E+003   3.031001E-002
   1.132000E+003   3.037239E-002
   1.133000E+003   3.043446E-002
   1.134000E+003   3.049621E-002
   1.135000E+003   3.055759E-002
   1.136000E+003   3.061860E-002
   1.137000E+003   3.067920E-002
   1.138000E+003   3.073936E-002
   1.139000E+003   3.079906E-002
   1.140000E+003   3.085827E-002
   1.141000E+003   3.091698E-002
   1.142000E+003   3.097514E-002
   1.143000E+003   3.103274E-002
   1.144000E+003   3.108975E-002
   1.145000E+003   3.114614E-002
   1.146000E+003   3.120189E-002
   1.147000E+003   3.125698E-002
   1.148000E+003   3.131136E-002
   1.149000E+003   3.136503E-002
   1.150000E+003   3.141796E-002
   1.151000E+003   3.147011E-002
   1.152000E+003   3.152151E-002
   1.153000E+003   3.157217E-002
   1.154000E+003   3.162211E-002
   1.155000E+003   3.167133E-002
   1.156000E+003   3.171986E-002
   1.157000E+003   3.176771E-002
   1.158000E+003   3.181490E-002
   1.159000E+003   3.186143E-002
   1.160000E+003   3.190734E-002
   1.161000E+003   3.195262E-002
   1.162000E+003   3.199731E-002
   1.163000E+003   3.204141E-002
   1.164000E+003   3.208493E-002
   1.165000E+003   3.212790E-002
   1.166000E+003   3.217034E-002
   1.167000E+003   3.221224E-002
   1.168000E+003   3.225364E-002
   1.169000E+003   3.229454E-002
   1.170000E+003   3.233496E-002
   1.171000E+003   3.237492E-002
   1.172000E+003   3.241443E-002
   1.173000E+003   3.245351E-002
   1.174000E+003   3.249218E-002
   1.175000E+003   3.253044E-002
   1.176000E+003   3.256831E-002
   1.177000E+003   3.260582E-002
   1.178000E+003   3.264297E-002
   1.179000E+003   3.267978E-002
   1.180000E+003   3.271627E-002
   1.181000E+003   3.275244E-002
   1.182000E+003   3.278833E-002
   1.183000E+003   3.282393E-002
   1.184000E+003   3.285928E-002
   1.185000E+003   3.289437E-002
   1.186000E+003   3.292924E-002
   1.187000E+003   3.296389E-002
   1.188000E+003   3.299834E-002
   1.189000E+003   3.303260E-002
   1.190000E+003   3.306669E-002
   1.191000E+003   3.310063E-002
   1.192000E+003   3.313443E-002
   1.193000E+003   3.316811E-002
   1.194000E+003   3.320167E-002
   1.195000E+003   3.323515E-002
   1.196000E+003   3.326855E-002
   1.197000E+003   3.330188E-002
   1.198000E+003   3.333517E-002
   1.199000E+003   3.336843E-002
   1.200000E+003   3.340168E-002
