   1.000000E+000   1.034601E-002
   2.000000E+000   1.297524E-002
   3.000000E+000   1.560447E-002
   4.000000E+000   1.623522E-002
   5.000000E+000   1.667907E-002
   6.000000E+000   1.731794E-002
   7.000000E+000   1.795001E-002
   8.000000E+000   1.857925E-002
   9.000000E+000   1.924563E-002
   1.000000E+001   1.992737E-002
   1.100000E+001   2.059588E-002
   1.200000E+001   2.125731E-002
   1.300000E+001   2.192307E-002
   1.400000E+001   2.259105E-002
   1.500000E+001   2.325575E-002
   1.600000E+001   2.391268E-002
   1.700000E+001   2.456142E-002
   1.800000E+001   2.520253E-002
   1.900000E+001   2.583661E-002
   2.000000E+001   2.646425E-002
   2.100000E+001   2.708592E-002
   2.200000E+001   2.770178E-002
   2.300000E+001   2.831187E-002
   2.400000E+001   2.891623E-002
   2.500000E+001   2.951490E-002
   2.600000E+001   3.010795E-002
   2.700000E+001   3.069540E-002
   2.800000E+001   3.127732E-002
   2.900000E+001   3.185374E-002
   3.000000E+001   3.242471E-002
   3.100000E+001   3.299028E-002
   3.200000E+001   3.355044E-002
   3.300000E+001   3.410520E-002
   3.400000E+001   3.465455E-002
   3.500000E+001   3.519851E-002
   3.600000E+001   3.573706E-002
   3.700000E+001   3.627020E-002
   3.800000E+001   3.679794E-002
   3.900000E+001   3.732028E-002
   4.000000E+001   3.783722E-002
   4.100000E+001   3.834876E-002
   4.200000E+001   3.885499E-002
   4.300000E+001   3.935599E-002
   4.400000E+001   3.985185E-002
   4.500000E+001   4.034266E-002
   4.600000E+001   4.082851E-002
   4.700000E+001   4.130948E-002
   4.800000E+001   4.178566E-002
   4.900000E+001   4.225714E-002
   5.000000E+001   4.272401E-002
   5.100000E+001   4.318636E-002
   5.200000E+001   4.364424E-002
   5.300000E+001   4.409773E-002
   5.400000E+001   4.454688E-002
   5.500000E+001   4.499175E-002
   5.600000E+001   4.543242E-002
   5.700000E+001   4.586894E-002
   5.800000E+001   4.630136E-002
   5.900000E+001   4.672977E-002
   6.000000E+001   4.715421E-002
   6.100000E+001   4.757475E-002
   6.200000E+001   4.799145E-002
   6.300000E+001   4.840437E-002
   6.400000E+001   4.881356E-002
   6.500000E+001   4.921909E-002
   6.600000E+001   4.962100E-002
   6.700000E+001   5.001936E-002
   6.800000E+001   5.041423E-002
   6.900000E+001   5.080567E-002
   7.000000E+001   5.119372E-002
   7.100000E+001   5.157846E-002
   7.200000E+001   5.195994E-002
   7.300000E+001   5.233821E-002
   7.400000E+001   5.271334E-002
   7.500000E+001   5.308537E-002
   7.600000E+001   5.345438E-002
   7.700000E+001   5.382041E-002
   7.800000E+001   5.418352E-002
   7.900000E+001   5.454377E-002
   8.000000E+001   5.490122E-002
   8.100000E+001   5.525592E-002
   8.200000E+001   5.560794E-002
   8.300000E+001   5.595732E-002
   8.400000E+001   5.630412E-002
   8.500000E+001   5.664840E-002
   8.600000E+001   5.699021E-002
   8.700000E+001   5.732961E-002
   8.800000E+001   5.766666E-002
   8.900000E+001   5.800140E-002
   9.000000E+001   5.833390E-002
   9.100000E+001   5.866421E-002
   9.200000E+001   5.899238E-002
   9.300000E+001   5.931845E-002
   9.400000E+001   5.964247E-002
   9.500000E+001   5.996448E-002
   9.600000E+001   6.028454E-002
   9.700000E+001   6.060268E-002
   9.800000E+001   6.091895E-002
   9.900000E+001   6.123340E-002
   1.000000E+002   6.154608E-002
   1.010000E+002   6.185703E-002
   1.020000E+002   6.216628E-002
   1.030000E+002   6.247389E-002
   1.040000E+002   6.277990E-002
   1.050000E+002   6.308434E-002
   1.060000E+002   6.338726E-002
   1.070000E+002   6.368870E-002
   1.080000E+002   6.398871E-002
   1.090000E+002   6.428731E-002
   1.100000E+002   6.458456E-002
   1.110000E+002   6.488050E-002
   1.120000E+002   6.517516E-002
   1.130000E+002   6.546860E-002
   1.140000E+002   6.576085E-002
   1.150000E+002   6.605195E-002
   1.160000E+002   6.634194E-002
   1.170000E+002   6.663087E-002
   1.180000E+002   6.691878E-002
   1.190000E+002   6.720571E-002
   1.200000E+002   6.749170E-002
   1.210000E+002   6.777679E-002
   1.220000E+002   6.806102E-002
   1.230000E+002   6.834441E-002
   1.240000E+002   6.862699E-002
   1.250000E+002   6.890881E-002
   1.260000E+002   6.918988E-002
   1.270000E+002   6.947025E-002
   1.280000E+002   6.974993E-002
   1.290000E+002   7.002897E-002
   1.300000E+002   7.030739E-002
   1.310000E+002   7.058523E-002
   1.320000E+002   7.086251E-002
   1.330000E+002   7.113927E-002
   1.340000E+002   7.141554E-002
   1.350000E+002   7.169135E-002
   1.360000E+002   7.196672E-002
   1.370000E+002   7.224171E-002
   1.380000E+002   7.251632E-002
   1.390000E+002   7.279060E-002
   1.400000E+002   7.306457E-002
   1.410000E+002   7.333827E-002
   1.420000E+002   7.361172E-002
   1.430000E+002   7.388494E-002
   1.440000E+002   7.415794E-002
   1.450000E+002   7.443076E-002
   1.460000E+002   7.470341E-002
   1.470000E+002   7.497591E-002
   1.480000E+002   7.524828E-002
   1.490000E+002   7.552055E-002
   1.500000E+002   7.579273E-002
   1.510000E+002   7.606485E-002
   1.520000E+002   7.633692E-002
   1.530000E+002   7.660897E-002
   1.540000E+002   7.688102E-002
   1.550000E+002   7.715309E-002
   1.560000E+002   7.742520E-002
   1.570000E+002   7.769737E-002
   1.580000E+002   7.796963E-002
   1.590000E+002   7.824198E-002
   1.600000E+002   7.851446E-002
   1.610000E+002   7.878708E-002
   1.620000E+002   7.905986E-002
   1.630000E+002   7.933280E-002
   1.640000E+002   7.960593E-002
   1.650000E+002   7.987925E-002
   1.660000E+002   8.015277E-002
   1.670000E+002   8.042651E-002
   1.680000E+002   8.070047E-002
   1.690000E+002   8.097468E-002
   1.700000E+002   8.124913E-002
   1.710000E+002   8.152385E-002
   1.720000E+002   8.179884E-002
   1.730000E+002   8.207412E-002
   1.740000E+002   8.234970E-002
   1.750000E+002   8.262558E-002
   1.760000E+002   8.290179E-002
   1.770000E+002   8.317833E-002
   1.780000E+002   8.345522E-002
   1.790000E+002   8.373247E-002
   1.800000E+002   8.401008E-002
   1.810000E+002   8.428808E-002
   1.820000E+002   8.456645E-002
   1.830000E+002   8.484519E-002
   1.840000E+002   8.512431E-002
   1.850000E+002   8.540379E-002
   1.860000E+002   8.568363E-002
   1.870000E+002   8.596384E-002
   1.880000E+002   8.624439E-002
   1.890000E+002   8.652531E-002
   1.900000E+002   8.680657E-002
   1.910000E+002   8.708817E-002
   1.920000E+002   8.737011E-002
   1.930000E+002   8.765240E-002
   1.940000E+002   8.793501E-002
   1.950000E+002   8.821796E-002
   1.960000E+002   8.850123E-002
   1.970000E+002   8.878483E-002
   1.980000E+002   8.906874E-002
   1.990000E+002   8.935297E-002
   2.000000E+002   8.963752E-002
   2.010000E+002   8.992237E-002
   2.020000E+002   9.020753E-002
   2.030000E+002   9.049300E-002
   2.040000E+002   9.077878E-002
   2.050000E+002   9.106487E-002
   2.060000E+002   9.135127E-002
   2.070000E+002   9.163798E-002
   2.080000E+002   9.192500E-002
   2.090000E+002   9.221234E-002
   2.100000E+002   9.249999E-002
   2.110000E+002   9.278795E-002
   2.120000E+002   9.307623E-002
   2.130000E+002   9.336482E-002
   2.140000E+002   9.365373E-002
   2.150000E+002   9.394295E-002
   2.160000E+002   9.423249E-002
   2.170000E+002   9.452234E-002
   2.180000E+002   9.481251E-002
   2.190000E+002   9.510300E-002
   2.200000E+002   9.539381E-002
   2.210000E+002   9.568494E-002
   2.220000E+002   9.597639E-002
   2.230000E+002   9.626815E-002
   2.240000E+002   9.656024E-002
   2.250000E+002   9.685265E-002
   2.260000E+002   9.714537E-002
   2.270000E+002   9.743840E-002
   2.280000E+002   9.773171E-002
   2.290000E+002   9.802528E-002
   2.300000E+002   9.831910E-002
   2.310000E+002   9.861315E-002
   2.320000E+002   9.890740E-002
   2.330000E+002   9.920183E-002
   2.340000E+002   9.949643E-002
   2.350000E+002   9.979118E-002
   2.360000E+002   1.000861E-001
   2.370000E+002   1.003811E-001
   2.380000E+002   1.006761E-001
   2.390000E+002   1.009713E-001
   2.400000E+002   1.012665E-001
   2.410000E+002   1.015617E-001
   2.420000E+002   1.018570E-001
   2.430000E+002   1.021522E-001
   2.440000E+002   1.024474E-001
   2.450000E+002   1.027426E-001
   2.460000E+002   1.030377E-001
   2.470000E+002   1.033327E-001
   2.480000E+002   1.036276E-001
   2.490000E+002   1.039224E-001
   2.500000E+002   1.042171E-001
   2.510000E+002   1.045116E-001
   2.520000E+002   1.048059E-001
   2.530000E+002   1.051000E-001
   2.540000E+002   1.053939E-001
   2.550000E+002   1.056876E-001
   2.560000E+002   1.059811E-001
   2.570000E+002   1.062743E-001
   2.580000E+002   1.065672E-001
   2.590000E+002   1.068598E-001
   2.600000E+002   1.071522E-001
   2.610000E+002   1.074442E-001
   2.620000E+002   1.077358E-001
   2.630000E+002   1.080272E-001
   2.640000E+002   1.083181E-001
   2.650000E+002   1.086087E-001
   2.660000E+002   1.088988E-001
   2.670000E+002   1.091886E-001
   2.680000E+002   1.094779E-001
   2.690000E+002   1.097667E-001
   2.700000E+002   1.100551E-001
   2.710000E+002   1.103430E-001
   2.720000E+002   1.106304E-001
   2.730000E+002   1.109173E-001
   2.740000E+002   1.112036E-001
   2.750000E+002   1.114895E-001
   2.760000E+002   1.117747E-001
   2.770000E+002   1.120594E-001
   2.780000E+002   1.123434E-001
   2.790000E+002   1.126268E-001
   2.800000E+002   1.129096E-001
   2.810000E+002   1.131916E-001
   2.820000E+002   1.134730E-001
   2.830000E+002   1.137536E-001
   2.840000E+002   1.140335E-001
   2.850000E+002   1.143126E-001
   2.860000E+002   1.145909E-001
   2.870000E+002   1.148684E-001
   2.880000E+002   1.151450E-001
   2.890000E+002   1.154207E-001
   2.900000E+002   1.156956E-001
   2.910000E+002   1.159695E-001
   2.920000E+002   1.162425E-001
   2.930000E+002   1.165144E-001
   2.940000E+002   1.167855E-001
   2.950000E+002   1.170554E-001
   2.960000E+002   1.173244E-001
   2.970000E+002   1.175922E-001
   2.980000E+002   1.178590E-001
   2.990000E+002   1.181247E-001
   3.000000E+002   1.183892E-001
   3.010000E+002   1.186526E-001
   3.020000E+002   1.189148E-001
   3.030000E+002   1.191757E-001
   3.040000E+002   1.194355E-001
   3.050000E+002   1.196939E-001
   3.060000E+002   1.199512E-001
   3.070000E+002   1.202071E-001
   3.080000E+002   1.204617E-001
   3.090000E+002   1.207149E-001
   3.100000E+002   1.209668E-001
   3.110000E+002   1.212173E-001
   3.120000E+002   1.214664E-001
   3.130000E+002   1.217140E-001
   3.140000E+002   1.219603E-001
   3.150000E+002   1.222050E-001
   3.160000E+002   1.224482E-001
   3.170000E+002   1.226899E-001
   3.180000E+002   1.229301E-001
   3.190000E+002   1.231687E-001
   3.200000E+002   1.234057E-001
   3.210000E+002   1.236411E-001
   3.220000E+002   1.238749E-001
   3.230000E+002   1.241070E-001
   3.240000E+002   1.243375E-001
   3.250000E+002   1.245662E-001
   3.260000E+002   1.247932E-001
   3.270000E+002   1.250185E-001
   3.280000E+002   1.252420E-001
   3.290000E+002   1.254638E-001
   3.300000E+002   1.256837E-001
   3.310000E+002   1.259017E-001
   3.320000E+002   1.261180E-001
   3.330000E+002   1.263323E-001
   3.340000E+002   1.265448E-001
   3.350000E+002   1.267553E-001
   3.360000E+002   1.269639E-001
   3.370000E+002   1.271705E-001
   3.380000E+002   1.273751E-001
   3.390000E+002   1.275777E-001
   3.400000E+002   1.277783E-001
   3.410000E+002   1.279769E-001
   3.420000E+002   1.281733E-001
   3.430000E+002   1.283677E-001
   3.440000E+002   1.285599E-001
   3.450000E+002   1.287500E-001
   3.460000E+002   1.289379E-001
   3.470000E+002   1.291236E-001
   3.480000E+002   1.293071E-001
   3.490000E+002   1.294884E-001
   3.500000E+002   1.296674E-001
   3.510000E+002   1.298441E-001
   3.520000E+002   1.300186E-001
   3.530000E+002   1.301907E-001
   3.540000E+002   1.303605E-001
   3.550000E+002   1.305280E-001
   3.560000E+002   1.306932E-001
   3.570000E+002   1.308560E-001
   3.580000E+002   1.310164E-001
   3.590000E+002   1.311744E-001
   3.600000E+002   1.313300E-001
   3.610000E+002   1.314832E-001
   3.620000E+002   1.316339E-001
   3.630000E+002   1.317823E-001
   3.640000E+002   1.319281E-001
   3.650000E+002   1.320715E-001
   3.660000E+002   1.322124E-001
   3.670000E+002   1.323508E-001
   3.680000E+002   1.324867E-001
   3.690000E+002   1.326201E-001
   3.700000E+002   1.327510E-001
   3.710000E+002   1.328792E-001
   3.720000E+002   1.330049E-001
   3.730000E+002   1.331281E-001
   3.740000E+002   1.332486E-001
   3.750000E+002   1.333665E-001
   3.760000E+002   1.334819E-001
   3.770000E+002   1.335945E-001
   3.780000E+002   1.337045E-001
   3.790000E+002   1.338119E-001
   3.800000E+002   1.339166E-001
   3.810000E+002   1.340186E-001
   3.820000E+002   1.341179E-001
   3.830000E+002   1.342144E-001
   3.840000E+002   1.343083E-001
   3.850000E+002   1.343994E-001
   3.860000E+002   1.344877E-001
   3.870000E+002   1.345733E-001
   3.880000E+002   1.346560E-001
   3.890000E+002   1.347360E-001
   3.900000E+002   1.348132E-001
   3.910000E+002   1.348875E-001
   3.920000E+002   1.349590E-001
   3.930000E+002   1.350276E-001
   3.940000E+002   1.350934E-001
   3.950000E+002   1.351563E-001
   3.960000E+002   1.352163E-001
   3.970000E+002   1.352734E-001
   3.980000E+002   1.353275E-001
   3.990000E+002   1.353788E-001
   4.000000E+002   1.354270E-001
   4.010000E+002   1.354723E-001
   4.020000E+002   1.355147E-001
   4.030000E+002   1.355541E-001
   4.040000E+002   1.355905E-001
   4.050000E+002   1.356239E-001
   4.060000E+002   1.356544E-001
   4.070000E+002   1.356819E-001
   4.080000E+002   1.357064E-001
   4.090000E+002   1.357280E-001
   4.100000E+002   1.357466E-001
   4.110000E+002   1.357622E-001
   4.120000E+002   1.357749E-001
   4.130000E+002   1.357845E-001
   4.140000E+002   1.357912E-001
   4.150000E+002   1.357950E-001
   4.160000E+002   1.357957E-001
   4.170000E+002   1.357935E-001
   4.180000E+002   1.357883E-001
   4.190000E+002   1.357802E-001
   4.200000E+002   1.357690E-001
   4.210000E+002   1.357549E-001
   4.220000E+002   1.357378E-001
   4.230000E+002   1.357177E-001
   4.240000E+002   1.356946E-001
   4.250000E+002   1.356686E-001
   4.260000E+002   1.356396E-001
   4.270000E+002   1.356076E-001
   4.280000E+002   1.355726E-001
   4.290000E+002   1.355346E-001
   4.300000E+002   1.354937E-001
   4.310000E+002   1.354497E-001
   4.320000E+002   1.354028E-001
   4.330000E+002   1.353529E-001
   4.340000E+002   1.353000E-001
   4.350000E+002   1.352441E-001
   4.360000E+002   1.351853E-001
   4.370000E+002   1.351234E-001
   4.380000E+002   1.350586E-001
   4.390000E+002   1.349907E-001
   4.400000E+002   1.349199E-001
   4.410000E+002   1.348461E-001
   4.420000E+002   1.347693E-001
   4.430000E+002   1.346895E-001
   4.440000E+002   1.346067E-001
   4.450000E+002   1.345209E-001
   4.460000E+002   1.344321E-001
   4.470000E+002   1.343403E-001
   4.480000E+002   1.342455E-001
   4.490000E+002   1.341478E-001
   4.500000E+002   1.340470E-001
   4.510000E+002   1.339433E-001
   4.520000E+002   1.338365E-001
   4.530000E+002   1.337268E-001
   4.540000E+002   1.336141E-001
   4.550000E+002   1.334985E-001
   4.560000E+002   1.333800E-001
   4.570000E+002   1.332585E-001
   4.580000E+002   1.331341E-001
   4.590000E+002   1.330069E-001
   4.600000E+002   1.328768E-001
   4.610000E+002   1.327438E-001
   4.620000E+002   1.326079E-001
   4.630000E+002   1.324693E-001
   4.640000E+002   1.323278E-001
   4.650000E+002   1.321835E-001
   4.660000E+002   1.320364E-001
   4.670000E+002   1.318865E-001
   4.680000E+002   1.317339E-001
   4.690000E+002   1.315785E-001
   4.700000E+002   1.314204E-001
   4.710000E+002   1.312595E-001
   4.720000E+002   1.310960E-001
   4.730000E+002   1.309297E-001
   4.740000E+002   1.307607E-001
   4.750000E+002   1.305891E-001
   4.760000E+002   1.304149E-001
   4.770000E+002   1.302379E-001
   4.780000E+002   1.300584E-001
   4.790000E+002   1.298762E-001
   4.800000E+002   1.296915E-001
   4.810000E+002   1.295041E-001
   4.820000E+002   1.293142E-001
   4.830000E+002   1.291217E-001
   4.840000E+002   1.289266E-001
   4.850000E+002   1.287291E-001
   4.860000E+002   1.285290E-001
   4.870000E+002   1.283264E-001
   4.880000E+002   1.281213E-001
   4.890000E+002   1.279137E-001
   4.900000E+002   1.277036E-001
   4.910000E+002   1.274911E-001
   4.920000E+002   1.272762E-001
   4.930000E+002   1.270588E-001
   4.940000E+002   1.268391E-001
   4.950000E+002   1.266169E-001
   4.960000E+002   1.263923E-001
   4.970000E+002   1.261654E-001
   4.980000E+002   1.259361E-001
   4.990000E+002   1.257045E-001
   5.000000E+002   1.254705E-001
   5.010000E+002   1.252342E-001
   5.020000E+002   1.249957E-001
   5.030000E+002   1.247548E-001
   5.040000E+002   1.245117E-001
   5.050000E+002   1.242664E-001
   5.060000E+002   1.240189E-001
   5.070000E+002   1.237693E-001
   5.080000E+002   1.235174E-001
   5.090000E+002   1.232635E-001
   5.100000E+002   1.230074E-001
   5.110000E+002   1.227493E-001
   5.120000E+002   1.224891E-001
   5.130000E+002   1.222269E-001
   5.140000E+002   1.219627E-001
   5.150000E+002   1.216965E-001
   5.160000E+002   1.214283E-001
   5.170000E+002   1.211582E-001
   5.180000E+002   1.208862E-001
   5.190000E+002   1.206124E-001
   5.200000E+002   1.203366E-001
   5.210000E+002   1.200590E-001
   5.220000E+002   1.197796E-001
   5.230000E+002   1.194984E-001
   5.240000E+002   1.192155E-001
   5.250000E+002   1.189308E-001
   5.260000E+002   1.186444E-001
   5.270000E+002   1.183562E-001
   5.280000E+002   1.180665E-001
   5.290000E+002   1.177750E-001
   5.300000E+002   1.174820E-001
   5.310000E+002   1.171873E-001
   5.320000E+002   1.168911E-001
   5.330000E+002   1.165933E-001
   5.340000E+002   1.162940E-001
   5.350000E+002   1.159932E-001
   5.360000E+002   1.156909E-001
   5.370000E+002   1.153872E-001
   5.380000E+002   1.150820E-001
   5.390000E+002   1.147754E-001
   5.400000E+002   1.144675E-001
   5.410000E+002   1.141582E-001
   5.420000E+002   1.138475E-001
   5.430000E+002   1.135355E-001
   5.440000E+002   1.132223E-001
   5.450000E+002   1.129078E-001
   5.460000E+002   1.125920E-001
   5.470000E+002   1.122750E-001
   5.480000E+002   1.119569E-001
   5.490000E+002   1.116375E-001
   5.500000E+002   1.113170E-001
   5.510000E+002   1.109954E-001
   5.520000E+002   1.106728E-001
   5.530000E+002   1.103490E-001
   5.540000E+002   1.100242E-001
   5.550000E+002   1.096984E-001
   5.560000E+002   1.093716E-001
   5.570000E+002   1.090439E-001
   5.580000E+002   1.087152E-001
   5.590000E+002   1.083856E-001
   5.600000E+002   1.080552E-001
   5.610000E+002   1.077239E-001
   5.620000E+002   1.073918E-001
   5.630000E+002   1.070589E-001
   5.640000E+002   1.067253E-001
   5.650000E+002   1.063909E-001
   5.660000E+002   1.060558E-001
   5.670000E+002   1.057200E-001
   5.680000E+002   1.053835E-001
   5.690000E+002   1.050465E-001
   5.700000E+002   1.047088E-001
   5.710000E+002   1.043706E-001
   5.720000E+002   1.040318E-001
   5.730000E+002   1.036925E-001
   5.740000E+002   1.033528E-001
   5.750000E+002   1.030125E-001
   5.760000E+002   1.026718E-001
   5.770000E+002   1.023308E-001
   5.780000E+002   1.019893E-001
   5.790000E+002   1.016475E-001
   5.800000E+002   1.013054E-001
   5.810000E+002   1.009630E-001
   5.820000E+002   1.006203E-001
   5.830000E+002   1.002773E-001
   5.840000E+002   9.993417E-002
   5.850000E+002   9.959083E-002
   5.860000E+002   9.924734E-002
   5.870000E+002   9.890371E-002
   5.880000E+002   9.855998E-002
   5.890000E+002   9.821618E-002
   5.900000E+002   9.787232E-002
   5.910000E+002   9.752844E-002
   5.920000E+002   9.718457E-002
   5.930000E+002   9.684074E-002
   5.940000E+002   9.649696E-002
   5.950000E+002   9.615327E-002
   5.960000E+002   9.580970E-002
   5.970000E+002   9.546627E-002
   5.980000E+002   9.512301E-002
   5.990000E+002   9.477995E-002
   6.000000E+002   9.443712E-002
   6.010000E+002   9.409454E-002
   6.020000E+002   9.375223E-002
   6.030000E+002   9.341023E-002
   6.040000E+002   9.306856E-002
   6.050000E+002   9.272723E-002
   6.060000E+002   9.238629E-002
   6.070000E+002   9.204574E-002
   6.080000E+002   9.170562E-002
   6.090000E+002   9.136594E-002
   6.100000E+002   9.102675E-002
   6.110000E+002   9.068805E-002
   6.120000E+002   9.034987E-002
   6.130000E+002   9.001224E-002
   6.140000E+002   8.967518E-002
   6.150000E+002   8.933872E-002
   6.160000E+002   8.900288E-002
   6.170000E+002   8.866769E-002
   6.180000E+002   8.833316E-002
   6.190000E+002   8.799933E-002
   6.200000E+002   8.766622E-002
   6.210000E+002   8.733386E-002
   6.220000E+002   8.700226E-002
   6.230000E+002   8.667145E-002
   6.240000E+002   8.634147E-002
   6.250000E+002   8.601232E-002
   6.260000E+002   8.568404E-002
   6.270000E+002   8.535665E-002
   6.280000E+002   8.503018E-002
   6.290000E+002   8.470465E-002
   6.300000E+002   8.438008E-002
   6.310000E+002   8.405650E-002
   6.320000E+002   8.373394E-002
   6.330000E+002   8.341241E-002
   6.340000E+002   8.309195E-002
   6.350000E+002   8.277257E-002
   6.360000E+002   8.245430E-002
   6.370000E+002   8.213718E-002
   6.380000E+002   8.182121E-002
   6.390000E+002   8.150642E-002
   6.400000E+002   8.119285E-002
   6.410000E+002   8.088051E-002
   6.420000E+002   8.056943E-002
   6.430000E+002   8.025964E-002
   6.440000E+002   7.995115E-002
   6.450000E+002   7.964400E-002
   6.460000E+002   7.933820E-002
   6.470000E+002   7.903378E-002
   6.480000E+002   7.873077E-002
   6.490000E+002   7.842919E-002
   6.500000E+002   7.812907E-002
   6.510000E+002   7.783042E-002
   6.520000E+002   7.753327E-002
   6.530000E+002   7.723763E-002
   6.540000E+002   7.694352E-002
   6.550000E+002   7.665094E-002
   6.560000E+002   7.635993E-002
   6.570000E+002   7.607048E-002
   6.580000E+002   7.578263E-002
   6.590000E+002   7.549637E-002
   6.600000E+002   7.521173E-002
   6.610000E+002   7.492873E-002
   6.620000E+002   7.464738E-002
   6.630000E+002   7.436769E-002
   6.640000E+002   7.408968E-002
   6.650000E+002   7.381336E-002
   6.660000E+002   7.353875E-002
   6.670000E+002   7.326587E-002
   6.680000E+002   7.299473E-002
   6.690000E+002   7.272535E-002
   6.700000E+002   7.245774E-002
   6.710000E+002   7.219191E-002
   6.720000E+002   7.192789E-002
   6.730000E+002   7.166569E-002
   6.740000E+002   7.140532E-002
   6.750000E+002   7.114679E-002
   6.760000E+002   7.089013E-002
   6.770000E+002   7.063535E-002
   6.780000E+002   7.038247E-002
   6.790000E+002   7.013149E-002
   6.800000E+002   6.988244E-002
   6.810000E+002   6.963533E-002
   6.820000E+002   6.939018E-002
   6.830000E+002   6.914699E-002
   6.840000E+002   6.890580E-002
   6.850000E+002   6.866660E-002
   6.860000E+002   6.842943E-002
   6.870000E+002   6.819428E-002
   6.880000E+002   6.796119E-002
   6.890000E+002   6.773015E-002
   6.900000E+002   6.750120E-002
   6.910000E+002   6.727434E-002
   6.920000E+002   6.704959E-002
   6.930000E+002   6.682697E-002
   6.940000E+002   6.660648E-002
   6.950000E+002   6.638815E-002
   6.960000E+002   6.617199E-002
   6.970000E+002   6.595802E-002
   6.980000E+002   6.574625E-002
   6.990000E+002   6.553670E-002
   7.000000E+002   6.532938E-002
   7.010000E+002   6.512430E-002
   7.020000E+002   6.492148E-002
   7.030000E+002   6.472091E-002
   7.040000E+002   6.452260E-002
   7.050000E+002   6.432655E-002
   7.060000E+002   6.413276E-002
   7.070000E+002   6.394124E-002
   7.080000E+002   6.375198E-002
   7.090000E+002   6.356501E-002
   7.100000E+002   6.338030E-002
   7.110000E+002   6.319788E-002
   7.120000E+002   6.301774E-002
   7.130000E+002   6.283989E-002
   7.140000E+002   6.266432E-002
   7.150000E+002   6.249105E-002
   7.160000E+002   6.232007E-002
   7.170000E+002   6.215140E-002
   7.180000E+002   6.198502E-002
   7.190000E+002   6.182095E-002
   7.200000E+002   6.165918E-002
   7.210000E+002   6.149973E-002
   7.220000E+002   6.134259E-002
   7.230000E+002   6.118777E-002
   7.240000E+002   6.103527E-002
   7.250000E+002   6.088510E-002
   7.260000E+002   6.073725E-002
   7.270000E+002   6.059173E-002
   7.280000E+002   6.044855E-002
   7.290000E+002   6.030770E-002
   7.300000E+002   6.016919E-002
   7.310000E+002   6.003303E-002
   7.320000E+002   5.989921E-002
   7.330000E+002   5.976774E-002
   7.340000E+002   5.963862E-002
   7.350000E+002   5.951186E-002
   7.360000E+002   5.938746E-002
   7.370000E+002   5.926542E-002
   7.380000E+002   5.914575E-002
   7.390000E+002   5.902844E-002
   7.400000E+002   5.891351E-002
   7.410000E+002   5.880095E-002
   7.420000E+002   5.869076E-002
   7.430000E+002   5.858296E-002
   7.440000E+002   5.847755E-002
   7.450000E+002   5.837452E-002
   7.460000E+002   5.827388E-002
   7.470000E+002   5.817564E-002
   7.480000E+002   5.807979E-002
   7.490000E+002   5.798634E-002
   7.500000E+002   5.789530E-002
   7.510000E+002   5.780666E-002
   7.520000E+002   5.772042E-002
   7.530000E+002   5.763657E-002
   7.540000E+002   5.755510E-002
   7.550000E+002   5.747600E-002
   7.560000E+002   5.739927E-002
   7.570000E+002   5.732489E-002
   7.580000E+002   5.725286E-002
   7.590000E+002   5.718317E-002
   7.600000E+002   5.711580E-002
   7.610000E+002   5.705076E-002
   7.620000E+002   5.698804E-002
   7.630000E+002   5.692762E-002
   7.640000E+002   5.686949E-002
   7.650000E+002   5.681365E-002
   7.660000E+002   5.676010E-002
   7.670000E+002   5.670881E-002
   7.680000E+002   5.665978E-002
   7.690000E+002   5.661301E-002
   7.700000E+002   5.656849E-002
   7.710000E+002   5.652620E-002
   7.720000E+002   5.648614E-002
   7.730000E+002   5.644830E-002
   7.740000E+002   5.641267E-002
   7.750000E+002   5.637925E-002
   7.760000E+002   5.634802E-002
   7.770000E+002   5.631898E-002
   7.780000E+002   5.629211E-002
   7.790000E+002   5.626741E-002
   7.800000E+002   5.624488E-002
   7.810000E+002   5.622450E-002
   7.820000E+002   5.620626E-002
   7.830000E+002   5.619015E-002
   7.840000E+002   5.617617E-002
   7.850000E+002   5.616431E-002
   7.860000E+002   5.615457E-002
   7.870000E+002   5.614692E-002
   7.880000E+002   5.614136E-002
   7.890000E+002   5.613789E-002
   7.900000E+002   5.613650E-002
   7.910000E+002   5.613717E-002
   7.920000E+002   5.613990E-002
   7.930000E+002   5.614469E-002
   7.940000E+002   5.615151E-002
   7.950000E+002   5.616037E-002
   7.960000E+002   5.617126E-002
   7.970000E+002   5.618416E-002
   7.980000E+002   5.619906E-002
   7.990000E+002   5.621597E-002
   8.000000E+002   5.623487E-002
   8.010000E+002   5.625575E-002
   8.020000E+002   5.627860E-002
   8.030000E+002   5.630340E-002
   8.040000E+002   5.633013E-002
   8.050000E+002   5.635877E-002
   8.060000E+002   5.638931E-002
   8.070000E+002   5.642174E-002
   8.080000E+002   5.645602E-002
   8.090000E+002   5.649216E-002
   8.100000E+002   5.653013E-002
   8.110000E+002   5.656991E-002
   8.120000E+002   5.661149E-002
   8.130000E+002   5.665484E-002
   8.140000E+002   5.669997E-002
   8.150000E+002   5.674683E-002
   8.160000E+002   5.679543E-002
   8.170000E+002   5.684574E-002
   8.180000E+002   5.689775E-002
   8.190000E+002   5.695144E-002
   8.200000E+002   5.700678E-002
   8.210000E+002   5.706378E-002
   8.220000E+002   5.712240E-002
   8.230000E+002   5.718263E-002
   8.240000E+002   5.724446E-002
   8.250000E+002   5.730786E-002
   8.260000E+002   5.737283E-002
   8.270000E+002   5.743934E-002
   8.280000E+002   5.750737E-002
   8.290000E+002   5.757692E-002
   8.300000E+002   5.764796E-002
   8.310000E+002   5.772048E-002
   8.320000E+002   5.779445E-002
   8.330000E+002   5.786987E-002
   8.340000E+002   5.794671E-002
   8.350000E+002   5.802497E-002
   8.360000E+002   5.810461E-002
   8.370000E+002   5.818563E-002
   8.380000E+002   5.826801E-002
   8.390000E+002   5.835173E-002
   8.400000E+002   5.843678E-002
   8.410000E+002   5.852313E-002
   8.420000E+002   5.861077E-002
   8.430000E+002   5.869969E-002
   8.440000E+002   5.878986E-002
   8.450000E+002   5.888128E-002
   8.460000E+002   5.897392E-002
   8.470000E+002   5.906776E-002
   8.480000E+002   5.916279E-002
   8.490000E+002   5.925900E-002
   8.500000E+002   5.935636E-002
   8.510000E+002   5.945486E-002
   8.520000E+002   5.955448E-002
   8.530000E+002   5.965519E-002
   8.540000E+002   5.975698E-002
   8.550000E+002   5.985983E-002
   8.560000E+002   5.996371E-002
   8.570000E+002   6.006861E-002
   8.580000E+002   6.017450E-002
   8.590000E+002   6.028136E-002
   8.600000E+002   6.038918E-002
   8.610000E+002   6.049792E-002
   8.620000E+002   6.060758E-002
   8.630000E+002   6.071813E-002
   8.640000E+002   6.082954E-002
   8.650000E+002   6.094181E-002
   8.660000E+002   6.105490E-002
   8.670000E+002   6.116880E-002
   8.680000E+002   6.128348E-002
   8.690000E+002   6.139893E-002
   8.700000E+002   6.151512E-002
   8.710000E+002   6.163204E-002
   8.720000E+002   6.174966E-002
   8.730000E+002   6.186796E-002
   8.740000E+002   6.198693E-002
   8.750000E+002   6.210653E-002
   8.760000E+002   6.222676E-002
   8.770000E+002   6.234758E-002
   8.780000E+002   6.246898E-002
   8.790000E+002   6.259094E-002
   8.800000E+002   6.271344E-002
   8.810000E+002   6.283645E-002
   8.820000E+002   6.295996E-002
   8.830000E+002   6.308394E-002
   8.840000E+002   6.320838E-002
   8.850000E+002   6.333325E-002
   8.860000E+002   6.345853E-002
   8.870000E+002   6.358420E-002
   8.880000E+002   6.371025E-002
   8.890000E+002   6.383664E-002
   8.900000E+002   6.396336E-002
   8.910000E+002   6.409040E-002
   8.920000E+002   6.421772E-002
   8.930000E+002   6.434530E-002
   8.940000E+002   6.447314E-002
   8.950000E+002   6.460120E-002
   8.960000E+002   6.472946E-002
   8.970000E+002   6.485791E-002
   8.980000E+002   6.498652E-002
   8.990000E+002   6.511527E-002
   9.000000E+002   6.524415E-002
   9.010000E+002   6.537312E-002
   9.020000E+002   6.550218E-002
   9.030000E+002   6.563130E-002
   9.040000E+002   6.576047E-002
   9.050000E+002   6.588967E-002
   9.060000E+002   6.601887E-002
   9.070000E+002   6.614806E-002
   9.080000E+002   6.627722E-002
   9.090000E+002   6.640633E-002
   9.100000E+002   6.653538E-002
   9.110000E+002   6.666434E-002
   9.120000E+002   6.679320E-002
   9.130000E+002   6.692193E-002
   9.140000E+002   6.705053E-002
   9.150000E+002   6.717896E-002
   9.160000E+002   6.730722E-002
   9.170000E+002   6.743527E-002
   9.180000E+002   6.756311E-002
   9.190000E+002   6.769072E-002
   9.200000E+002   6.781807E-002
   9.210000E+002   6.794516E-002
   9.220000E+002   6.807195E-002
   9.230000E+002   6.819843E-002
   9.240000E+002   6.832459E-002
   9.250000E+002   6.845039E-002
   9.260000E+002   6.857584E-002
   9.270000E+002   6.870090E-002
   9.280000E+002   6.882556E-002
   9.290000E+002   6.894979E-002
   9.300000E+002   6.907359E-002
   9.310000E+002   6.919693E-002
   9.320000E+002   6.931979E-002
   9.330000E+002   6.944216E-002
   9.340000E+002   6.956401E-002
   9.350000E+002   6.968533E-002
   9.360000E+002   6.980610E-002
   9.370000E+002   6.992630E-002
   9.380000E+002   7.004591E-002
   9.390000E+002   7.016491E-002
   9.400000E+002   7.028329E-002
   9.410000E+002   7.040102E-002
   9.420000E+002   7.051809E-002
   9.430000E+002   7.063448E-002
   9.440000E+002   7.075016E-002
   9.450000E+002   7.086513E-002
   9.460000E+002   7.097936E-002
   9.470000E+002   7.109283E-002
   9.480000E+002   7.120553E-002
   9.490000E+002   7.131744E-002
   9.500000E+002   7.142853E-002
   9.510000E+002   7.153879E-002
   9.520000E+002   7.164821E-002
   9.530000E+002   7.175677E-002
   9.540000E+002   7.186447E-002
   9.550000E+002   7.197129E-002
   9.560000E+002   7.207721E-002
   9.570000E+002   7.218224E-002
   9.580000E+002   7.228634E-002
   9.590000E+002   7.238952E-002
   9.600000E+002   7.249176E-002
   9.610000E+002   7.259304E-002
   9.620000E+002   7.269337E-002
   9.630000E+002   7.279271E-002
   9.640000E+002   7.289107E-002
   9.650000E+002   7.298842E-002
   9.660000E+002   7.308476E-002
   9.670000E+002   7.318008E-002
   9.680000E+002   7.327436E-002
   9.690000E+002   7.336759E-002
   9.700000E+002   7.345976E-002
   9.710000E+002   7.355086E-002
   9.720000E+002   7.364087E-002
   9.730000E+002   7.372978E-002
   9.740000E+002   7.381759E-002
   9.750000E+002   7.390427E-002
   9.760000E+002   7.398981E-002
   9.770000E+002   7.407421E-002
   9.780000E+002   7.415746E-002
   9.790000E+002   7.423953E-002
   9.800000E+002   7.432042E-002
   9.810000E+002   7.440011E-002
   9.820000E+002   7.447860E-002
   9.830000E+002   7.455586E-002
   9.840000E+002   7.463190E-002
   9.850000E+002   7.470669E-002
   9.860000E+002   7.478023E-002
   9.870000E+002   7.485250E-002
   9.880000E+002   7.492349E-002
   9.890000E+002   7.499319E-002
   9.900000E+002   7.506158E-002
   9.910000E+002   7.512866E-002
   9.920000E+002   7.519441E-002
   9.930000E+002   7.525882E-002
   9.940000E+002   7.532188E-002
   9.950000E+002   7.538357E-002
   9.960000E+002   7.544389E-002
   9.970000E+002   7.550281E-002
   9.980000E+002   7.556034E-002
   9.990000E+002   7.561645E-002
   1.000000E+003   7.567114E-002
   1.001000E+003   7.572439E-002
   1.002000E+003   7.577620E-002
   1.003000E+003   7.582656E-002
   1.004000E+003   7.587547E-002
   1.005000E+003   7.592293E-002
   1.006000E+003   7.596892E-002
   1.007000E+003   7.601345E-002
   1.008000E+003   7.605651E-002
   1.009000E+003   7.609810E-002
   1.010000E+003   7.613821E-002
   1.011000E+003   7.617683E-002
   1.012000E+003   7.621397E-002
   1.013000E+003   7.624961E-002
   1.014000E+003   7.628376E-002
   1.015000E+003   7.631640E-002
   1.016000E+003   7.634754E-002
   1.017000E+003   7.637717E-002
   1.018000E+003   7.640528E-002
   1.019000E+003   7.643187E-002
   1.020000E+003   7.645694E-002
   1.021000E+003   7.648047E-002
   1.022000E+003   7.650248E-002
   1.023000E+003   7.652294E-002
   1.024000E+003   7.654186E-002
   1.025000E+003   7.655924E-002
   1.026000E+003   7.657506E-002
   1.027000E+003   7.658932E-002
   1.028000E+003   7.660203E-002
   1.029000E+003   7.661316E-002
   1.030000E+003   7.662273E-002
   1.031000E+003   7.663072E-002
   1.032000E+003   7.663713E-002
   1.033000E+003   7.664196E-002
   1.034000E+003   7.664519E-002
   1.035000E+003   7.664684E-002
   1.036000E+003   7.664688E-002
   1.037000E+003   7.664532E-002
   1.038000E+003   7.664216E-002
   1.039000E+003   7.663738E-002
   1.040000E+003   7.663099E-002
   1.041000E+003   7.662297E-002
   1.042000E+003   7.661333E-002
   1.043000E+003   7.660206E-002
   1.044000E+003   7.658915E-002
   1.045000E+003   7.657461E-002
   1.046000E+003   7.655842E-002
   1.047000E+003   7.654058E-002
   1.048000E+003   7.652108E-002
   1.049000E+003   7.649993E-002
   1.050000E+003   7.647712E-002
   1.051000E+003   7.645264E-002
   1.052000E+003   7.642650E-002
   1.053000E+003   7.639870E-002
   1.054000E+003   7.636925E-002
   1.055000E+003   7.633816E-002
   1.056000E+003   7.630543E-002
   1.057000E+003   7.627107E-002
   1.058000E+003   7.623508E-002
   1.059000E+003   7.619747E-002
   1.060000E+003   7.615824E-002
   1.061000E+003   7.611740E-002
   1.062000E+003   7.607496E-002
   1.063000E+003   7.603092E-002
   1.064000E+003   7.598529E-002
   1.065000E+003   7.593807E-002
   1.066000E+003   7.588926E-002
   1.067000E+003   7.583889E-002
   1.068000E+003   7.578694E-002
   1.069000E+003   7.573343E-002
   1.070000E+003   7.567836E-002
   1.071000E+003   7.562173E-002
   1.072000E+003   7.556356E-002
   1.073000E+003   7.550385E-002
   1.074000E+003   7.544260E-002
   1.075000E+003   7.537983E-002
   1.076000E+003   7.531552E-002
   1.077000E+003   7.524970E-002
   1.078000E+003   7.518237E-002
   1.079000E+003   7.511353E-002
   1.080000E+003   7.504319E-002
   1.081000E+003   7.497135E-002
   1.082000E+003   7.489803E-002
   1.083000E+003   7.482322E-002
   1.084000E+003   7.474693E-002
   1.085000E+003   7.466916E-002
   1.086000E+003   7.458993E-002
   1.087000E+003   7.450924E-002
   1.088000E+003   7.442710E-002
   1.089000E+003   7.434350E-002
   1.090000E+003   7.425846E-002
   1.091000E+003   7.417198E-002
   1.092000E+003   7.408407E-002
   1.093000E+003   7.399473E-002
   1.094000E+003   7.390397E-002
   1.095000E+003   7.381180E-002
   1.096000E+003   7.371821E-002
   1.097000E+003   7.362323E-002
   1.098000E+003   7.352684E-002
   1.099000E+003   7.342906E-002
   1.100000E+003   7.332989E-002
   1.101000E+003   7.322935E-002
   1.102000E+003   7.312743E-002
   1.103000E+003   7.302415E-002
   1.104000E+003   7.291952E-002
   1.105000E+003   7.281355E-002
   1.106000E+003   7.270625E-002
   1.107000E+003   7.259764E-002
   1.108000E+003   7.248771E-002
   1.109000E+003   7.237649E-002
   1.110000E+003   7.226397E-002
   1.111000E+003   7.215018E-002
   1.112000E+003   7.203513E-002
   1.113000E+003   7.191881E-002
   1.114000E+003   7.180125E-002
   1.115000E+003   7.168245E-002
   1.116000E+003   7.156243E-002
   1.117000E+003   7.144119E-002
   1.118000E+003   7.131874E-002
   1.119000E+003   7.119510E-002
   1.120000E+003   7.107028E-002
   1.121000E+003   7.094428E-002
   1.122000E+003   7.081712E-002
   1.123000E+003   7.068880E-002
   1.124000E+003   7.055934E-002
   1.125000E+003   7.042875E-002
   1.126000E+003   7.029703E-002
   1.127000E+003   7.016420E-002
   1.128000E+003   7.003027E-002
   1.129000E+003   6.989525E-002
   1.130000E+003   6.975915E-002
   1.131000E+003   6.962198E-002
   1.132000E+003   6.948374E-002
   1.133000E+003   6.934446E-002
   1.134000E+003   6.920413E-002
   1.135000E+003   6.906278E-002
   1.136000E+003   6.892041E-002
   1.137000E+003   6.877702E-002
   1.138000E+003   6.863264E-002
   1.139000E+003   6.848728E-002
   1.140000E+003   6.834093E-002
   1.141000E+003   6.819361E-002
   1.142000E+003   6.804534E-002
   1.143000E+003   6.789613E-002
   1.144000E+003   6.774597E-002
   1.145000E+003   6.759489E-002
   1.146000E+003   6.744289E-002
   1.147000E+003   6.728999E-002
   1.148000E+003   6.713619E-002
   1.149000E+003   6.698151E-002
   1.150000E+003   6.682596E-002
   1.151000E+003   6.666954E-002
   1.152000E+003   6.651227E-002
   1.153000E+003   6.635418E-002
   1.154000E+003   6.619527E-002
   1.155000E+003   6.603557E-002
   1.156000E+003   6.587509E-002
   1.157000E+003   6.571384E-002
   1.158000E+003   6.555186E-002
   1.159000E+003   6.538915E-002
   1.160000E+003   6.522573E-002
   1.161000E+003   6.506162E-002
   1.162000E+003   6.489684E-002
   1.163000E+003   6.473140E-002
   1.164000E+003   6.456532E-002
   1.165000E+003   6.439862E-002
   1.166000E+003   6.423131E-002
   1.167000E+003   6.406342E-002
   1.168000E+003   6.389495E-002
   1.169000E+003   6.372594E-002
   1.170000E+003   6.355638E-002
   1.171000E+003   6.338631E-002
   1.172000E+003   6.321574E-002
   1.173000E+003   6.304468E-002
   1.174000E+003   6.287316E-002
   1.175000E+003   6.270118E-002
   1.176000E+003   6.252878E-002
   1.177000E+003   6.235596E-002
   1.178000E+003   6.218274E-002
   1.179000E+003   6.200915E-002
   1.180000E+003   6.183519E-002
   1.181000E+003   6.166088E-002
   1.182000E+003   6.148625E-002
   1.183000E+003   6.131130E-002
   1.184000E+003   6.113606E-002
   1.185000E+003   6.096055E-002
   1.186000E+003   6.078477E-002
   1.187000E+003   6.060876E-002
   1.188000E+003   6.043252E-002
   1.189000E+003   6.025607E-002
   1.190000E+003   6.007943E-002
   1.191000E+003   5.990262E-002
   1.192000E+003   5.972565E-002
   1.193000E+003   5.954854E-002
   1.194000E+003   5.937132E-002
   1.195000E+003   5.919399E-002
   1.196000E+003   5.901657E-002
   1.197000E+003   5.883909E-002
   1.198000E+003   5.866155E-002
   1.199000E+003   5.848398E-002
   1.200000E+003   5.830639E-002
