   1.000000E+000   1.828819E-002
   2.000000E+000   2.290453E-002
   3.000000E+000   2.752087E-002
   4.000000E+000   2.774099E-002
   5.000000E+000   2.729995E-002
   6.000000E+000   2.713184E-002
   7.000000E+000   2.695321E-002
   8.000000E+000   2.676671E-002
   9.000000E+000   2.662850E-002
   1.000000E+001   2.652290E-002
   1.100000E+001   2.642257E-002
   1.200000E+001   2.632552E-002
   1.300000E+001   2.623486E-002
   1.400000E+001   2.614881E-002
   1.500000E+001   2.606436E-002
   1.600000E+001   2.597896E-002
   1.700000E+001   2.589194E-002
   1.800000E+001   2.580308E-002
   1.900000E+001   2.571217E-002
   2.000000E+001   2.561899E-002
   2.100000E+001   2.552338E-002
   2.200000E+001   2.542543E-002
   2.300000E+001   2.532527E-002
   2.400000E+001   2.522301E-002
   2.500000E+001   2.511880E-002
   2.600000E+001   2.501278E-002
   2.700000E+001   2.490506E-002
   2.800000E+001   2.479578E-002
   2.900000E+001   2.468508E-002
   3.000000E+001   2.457308E-002
   3.100000E+001   2.445993E-002
   3.200000E+001   2.434585E-002
   3.300000E+001   2.423105E-002
   3.400000E+001   2.411577E-002
   3.500000E+001   2.400024E-002
   3.600000E+001   2.388467E-002
   3.700000E+001   2.376931E-002
   3.800000E+001   2.365436E-002
   3.900000E+001   2.354006E-002
   4.000000E+001   2.342664E-002
   4.100000E+001   2.331432E-002
   4.200000E+001   2.320330E-002
   4.300000E+001   2.309381E-002
   4.400000E+001   2.298604E-002
   4.500000E+001   2.288020E-002
   4.600000E+001   2.277650E-002
   4.700000E+001   2.267515E-002
   4.800000E+001   2.257635E-002
   4.900000E+001   2.248032E-002
   5.000000E+001   2.238726E-002
   5.100000E+001   2.229737E-002
   5.200000E+001   2.221082E-002
   5.300000E+001   2.212778E-002
   5.400000E+001   2.204840E-002
   5.500000E+001   2.197287E-002
   5.600000E+001   2.190133E-002
   5.700000E+001   2.183395E-002
   5.800000E+001   2.177091E-002
   5.900000E+001   2.171235E-002
   6.000000E+001   2.165845E-002
   6.100000E+001   2.160937E-002
   6.200000E+001   2.156524E-002
   6.300000E+001   2.152618E-002
   6.400000E+001   2.149234E-002
   6.500000E+001   2.146383E-002
   6.600000E+001   2.144079E-002
   6.700000E+001   2.142335E-002
   6.800000E+001   2.141164E-002
   6.900000E+001   2.140579E-002
   7.000000E+001   2.140592E-002
   7.100000E+001   2.141216E-002
   7.200000E+001   2.142459E-002
   7.300000E+001   2.144330E-002
   7.400000E+001   2.146835E-002
   7.500000E+001   2.149983E-002
   7.600000E+001   2.153782E-002
   7.700000E+001   2.158238E-002
   7.800000E+001   2.163361E-002
   7.900000E+001   2.169157E-002
   8.000000E+001   2.175635E-002
   8.100000E+001   2.182801E-002
   8.200000E+001   2.190659E-002
   8.300000E+001   2.199212E-002
   8.400000E+001   2.208463E-002
   8.500000E+001   2.218414E-002
   8.600000E+001   2.229069E-002
   8.700000E+001   2.240430E-002
   8.800000E+001   2.252500E-002
   8.900000E+001   2.265282E-002
   9.000000E+001   2.278779E-002
   9.100000E+001   2.292993E-002
   9.200000E+001   2.307923E-002
   9.300000E+001   2.323567E-002
   9.400000E+001   2.339925E-002
   9.500000E+001   2.356994E-002
   9.600000E+001   2.374774E-002
   9.700000E+001   2.393262E-002
   9.800000E+001   2.412458E-002
   9.900000E+001   2.432359E-002
   1.000000E+002   2.452964E-002
   1.010000E+002   2.474271E-002
   1.020000E+002   2.496272E-002
   1.030000E+002   2.518960E-002
   1.040000E+002   2.542327E-002
   1.050000E+002   2.566364E-002
   1.060000E+002   2.591063E-002
   1.070000E+002   2.616416E-002
   1.080000E+002   2.642416E-002
   1.090000E+002   2.669053E-002
   1.100000E+002   2.696321E-002
   1.110000E+002   2.724210E-002
   1.120000E+002   2.752713E-002
   1.130000E+002   2.781822E-002
   1.140000E+002   2.811529E-002
   1.150000E+002   2.841825E-002
   1.160000E+002   2.872702E-002
   1.170000E+002   2.904153E-002
   1.180000E+002   2.936170E-002
   1.190000E+002   2.968743E-002
   1.200000E+002   3.001866E-002
   1.210000E+002   3.035528E-002
   1.220000E+002   3.069716E-002
   1.230000E+002   3.104414E-002
   1.240000E+002   3.139606E-002
   1.250000E+002   3.175277E-002
   1.260000E+002   3.211411E-002
   1.270000E+002   3.247993E-002
   1.280000E+002   3.285008E-002
   1.290000E+002   3.322438E-002
   1.300000E+002   3.360270E-002
   1.310000E+002   3.398487E-002
   1.320000E+002   3.437075E-002
   1.330000E+002   3.476016E-002
   1.340000E+002   3.515296E-002
   1.350000E+002   3.554900E-002
   1.360000E+002   3.594811E-002
   1.370000E+002   3.635015E-002
   1.380000E+002   3.675495E-002
   1.390000E+002   3.716236E-002
   1.400000E+002   3.757222E-002
   1.410000E+002   3.798438E-002
   1.420000E+002   3.839866E-002
   1.430000E+002   3.881488E-002
   1.440000E+002   3.923286E-002
   1.450000E+002   3.965242E-002
   1.460000E+002   4.007340E-002
   1.470000E+002   4.049559E-002
   1.480000E+002   4.091884E-002
   1.490000E+002   4.134295E-002
   1.500000E+002   4.176775E-002
   1.510000E+002   4.219306E-002
   1.520000E+002   4.261871E-002
   1.530000E+002   4.304451E-002
   1.540000E+002   4.347028E-002
   1.550000E+002   4.389584E-002
   1.560000E+002   4.432103E-002
   1.570000E+002   4.474565E-002
   1.580000E+002   4.516953E-002
   1.590000E+002   4.559249E-002
   1.600000E+002   4.601436E-002
   1.610000E+002   4.643494E-002
   1.620000E+002   4.685409E-002
   1.630000E+002   4.727163E-002
   1.640000E+002   4.768740E-002
   1.650000E+002   4.810123E-002
   1.660000E+002   4.851297E-002
   1.670000E+002   4.892244E-002
   1.680000E+002   4.932948E-002
   1.690000E+002   4.973393E-002
   1.700000E+002   5.013562E-002
   1.710000E+002   5.053440E-002
   1.720000E+002   5.093008E-002
   1.730000E+002   5.132252E-002
   1.740000E+002   5.171153E-002
   1.750000E+002   5.209698E-002
   1.760000E+002   5.247867E-002
   1.770000E+002   5.285646E-002
   1.780000E+002   5.323018E-002
   1.790000E+002   5.359965E-002
   1.800000E+002   5.396473E-002
   1.810000E+002   5.432525E-002
   1.820000E+002   5.468106E-002
   1.830000E+002   5.503205E-002
   1.840000E+002   5.537806E-002
   1.850000E+002   5.571897E-002
   1.860000E+002   5.605464E-002
   1.870000E+002   5.638495E-002
   1.880000E+002   5.670974E-002
   1.890000E+002   5.702890E-002
   1.900000E+002   5.734228E-002
   1.910000E+002   5.764976E-002
   1.920000E+002   5.795119E-002
   1.930000E+002   5.824645E-002
   1.940000E+002   5.853539E-002
   1.950000E+002   5.881789E-002
   1.960000E+002   5.909382E-002
   1.970000E+002   5.936302E-002
   1.980000E+002   5.962538E-002
   1.990000E+002   5.988076E-002
   2.000000E+002   6.012902E-002
   2.010000E+002   6.037005E-002
   2.020000E+002   6.060377E-002
   2.030000E+002   6.083014E-002
   2.040000E+002   6.104911E-002
   2.050000E+002   6.126063E-002
   2.060000E+002   6.146464E-002
   2.070000E+002   6.166110E-002
   2.080000E+002   6.184995E-002
   2.090000E+002   6.203114E-002
   2.100000E+002   6.220463E-002
   2.110000E+002   6.237035E-002
   2.120000E+002   6.252827E-002
   2.130000E+002   6.267833E-002
   2.140000E+002   6.282048E-002
   2.150000E+002   6.295467E-002
   2.160000E+002   6.308084E-002
   2.170000E+002   6.319896E-002
   2.180000E+002   6.330895E-002
   2.190000E+002   6.341079E-002
   2.200000E+002   6.350441E-002
   2.210000E+002   6.358976E-002
   2.220000E+002   6.366680E-002
   2.230000E+002   6.373547E-002
   2.240000E+002   6.379572E-002
   2.250000E+002   6.384750E-002
   2.260000E+002   6.389077E-002
   2.270000E+002   6.392558E-002
   2.280000E+002   6.395196E-002
   2.290000E+002   6.396995E-002
   2.300000E+002   6.397961E-002
   2.310000E+002   6.398099E-002
   2.320000E+002   6.397412E-002
   2.330000E+002   6.395906E-002
   2.340000E+002   6.393585E-002
   2.350000E+002   6.390455E-002
   2.360000E+002   6.386518E-002
   2.370000E+002   6.381781E-002
   2.380000E+002   6.376247E-002
   2.390000E+002   6.369922E-002
   2.400000E+002   6.362810E-002
   2.410000E+002   6.354916E-002
   2.420000E+002   6.346244E-002
   2.430000E+002   6.336799E-002
   2.440000E+002   6.326586E-002
   2.450000E+002   6.315609E-002
   2.460000E+002   6.303873E-002
   2.470000E+002   6.291383E-002
   2.480000E+002   6.278143E-002
   2.490000E+002   6.264158E-002
   2.500000E+002   6.249433E-002
   2.510000E+002   6.233973E-002
   2.520000E+002   6.217787E-002
   2.530000E+002   6.200887E-002
   2.540000E+002   6.183283E-002
   2.550000E+002   6.164986E-002
   2.560000E+002   6.146005E-002
   2.570000E+002   6.126353E-002
   2.580000E+002   6.106038E-002
   2.590000E+002   6.085073E-002
   2.600000E+002   6.063467E-002
   2.610000E+002   6.041231E-002
   2.620000E+002   6.018376E-002
   2.630000E+002   5.994911E-002
   2.640000E+002   5.970849E-002
   2.650000E+002   5.946199E-002
   2.660000E+002   5.920972E-002
   2.670000E+002   5.895178E-002
   2.680000E+002   5.868829E-002
   2.690000E+002   5.841934E-002
   2.700000E+002   5.814504E-002
   2.710000E+002   5.786550E-002
   2.720000E+002   5.758083E-002
   2.730000E+002   5.729112E-002
   2.740000E+002   5.699649E-002
   2.750000E+002   5.669705E-002
   2.760000E+002   5.639290E-002
   2.770000E+002   5.608420E-002
   2.780000E+002   5.577112E-002
   2.790000E+002   5.545382E-002
   2.800000E+002   5.513247E-002
   2.810000E+002   5.480724E-002
   2.820000E+002   5.447828E-002
   2.830000E+002   5.414577E-002
   2.840000E+002   5.380987E-002
   2.850000E+002   5.347074E-002
   2.860000E+002   5.312855E-002
   2.870000E+002   5.278347E-002
   2.880000E+002   5.243566E-002
   2.890000E+002   5.208529E-002
   2.900000E+002   5.173251E-002
   2.910000E+002   5.137750E-002
   2.920000E+002   5.102043E-002
   2.930000E+002   5.066145E-002
   2.940000E+002   5.030073E-002
   2.950000E+002   4.993844E-002
   2.960000E+002   4.957475E-002
   2.970000E+002   4.920981E-002
   2.980000E+002   4.884380E-002
   2.990000E+002   4.847687E-002
   3.000000E+002   4.810920E-002
   3.010000E+002   4.774094E-002
   3.020000E+002   4.737223E-002
   3.030000E+002   4.700319E-002
   3.040000E+002   4.663396E-002
   3.050000E+002   4.626465E-002
   3.060000E+002   4.589540E-002
   3.070000E+002   4.552634E-002
   3.080000E+002   4.515758E-002
   3.090000E+002   4.478926E-002
   3.100000E+002   4.442151E-002
   3.110000E+002   4.405446E-002
   3.120000E+002   4.368822E-002
   3.130000E+002   4.332294E-002
   3.140000E+002   4.295872E-002
   3.150000E+002   4.259572E-002
   3.160000E+002   4.223404E-002
   3.170000E+002   4.187382E-002
   3.180000E+002   4.151519E-002
   3.190000E+002   4.115826E-002
   3.200000E+002   4.080318E-002
   3.210000E+002   4.045007E-002
   3.220000E+002   4.009905E-002
   3.230000E+002   3.975026E-002
   3.240000E+002   3.940381E-002
   3.250000E+002   3.905985E-002
   3.260000E+002   3.871848E-002
   3.270000E+002   3.837985E-002
   3.280000E+002   3.804408E-002
   3.290000E+002   3.771130E-002
   3.300000E+002   3.738163E-002
   3.310000E+002   3.705520E-002
   3.320000E+002   3.673214E-002
   3.330000E+002   3.641258E-002
   3.340000E+002   3.609664E-002
   3.350000E+002   3.578446E-002
   3.360000E+002   3.547615E-002
   3.370000E+002   3.517185E-002
   3.380000E+002   3.487168E-002
   3.390000E+002   3.457578E-002
   3.400000E+002   3.428426E-002
   3.410000E+002   3.399726E-002
   3.420000E+002   3.371491E-002
   3.430000E+002   3.343732E-002
   3.440000E+002   3.316463E-002
   3.450000E+002   3.289697E-002
   3.460000E+002   3.263446E-002
   3.470000E+002   3.237723E-002
   3.480000E+002   3.212541E-002
   3.490000E+002   3.187913E-002
   3.500000E+002   3.163851E-002
   3.510000E+002   3.140365E-002
   3.520000E+002   3.117459E-002
   3.530000E+002   3.095130E-002
   3.540000E+002   3.073378E-002
   3.550000E+002   3.052203E-002
   3.560000E+002   3.031604E-002
   3.570000E+002   3.011581E-002
   3.580000E+002   2.992132E-002
   3.590000E+002   2.973258E-002
   3.600000E+002   2.954958E-002
   3.610000E+002   2.937231E-002
   3.620000E+002   2.920077E-002
   3.630000E+002   2.903495E-002
   3.640000E+002   2.887484E-002
   3.650000E+002   2.872045E-002
   3.660000E+002   2.857175E-002
   3.670000E+002   2.842876E-002
   3.680000E+002   2.829146E-002
   3.690000E+002   2.815984E-002
   3.700000E+002   2.803390E-002
   3.710000E+002   2.791364E-002
   3.720000E+002   2.779905E-002
   3.730000E+002   2.769012E-002
   3.740000E+002   2.758684E-002
   3.750000E+002   2.748922E-002
   3.760000E+002   2.739725E-002
   3.770000E+002   2.731091E-002
   3.780000E+002   2.723021E-002
   3.790000E+002   2.715514E-002
   3.800000E+002   2.708569E-002
   3.810000E+002   2.702185E-002
   3.820000E+002   2.696363E-002
   3.830000E+002   2.691101E-002
   3.840000E+002   2.686399E-002
   3.850000E+002   2.682257E-002
   3.860000E+002   2.678673E-002
   3.870000E+002   2.675648E-002
   3.880000E+002   2.673180E-002
   3.890000E+002   2.671269E-002
   3.900000E+002   2.669915E-002
   3.910000E+002   2.669117E-002
   3.920000E+002   2.668874E-002
   3.930000E+002   2.669185E-002
   3.940000E+002   2.670051E-002
   3.950000E+002   2.671471E-002
   3.960000E+002   2.673443E-002
   3.970000E+002   2.675968E-002
   3.980000E+002   2.679045E-002
   3.990000E+002   2.682673E-002
   4.000000E+002   2.686851E-002
   4.010000E+002   2.691578E-002
   4.020000E+002   2.696844E-002
   4.030000E+002   2.702639E-002
   4.040000E+002   2.708950E-002
   4.050000E+002   2.715767E-002
   4.060000E+002   2.723078E-002
   4.070000E+002   2.730874E-002
   4.080000E+002   2.739142E-002
   4.090000E+002   2.747872E-002
   4.100000E+002   2.757053E-002
   4.110000E+002   2.766673E-002
   4.120000E+002   2.776722E-002
   4.130000E+002   2.787188E-002
   4.140000E+002   2.798061E-002
   4.150000E+002   2.809329E-002
   4.160000E+002   2.820981E-002
   4.170000E+002   2.833007E-002
   4.180000E+002   2.845394E-002
   4.190000E+002   2.858133E-002
   4.200000E+002   2.871212E-002
   4.210000E+002   2.884620E-002
   4.220000E+002   2.898346E-002
   4.230000E+002   2.912379E-002
   4.240000E+002   2.926708E-002
   4.250000E+002   2.941321E-002
   4.260000E+002   2.956209E-002
   4.270000E+002   2.971359E-002
   4.280000E+002   2.986760E-002
   4.290000E+002   3.002403E-002
   4.300000E+002   3.018275E-002
   4.310000E+002   3.034365E-002
   4.320000E+002   3.050663E-002
   4.330000E+002   3.067157E-002
   4.340000E+002   3.083836E-002
   4.350000E+002   3.100690E-002
   4.360000E+002   3.117707E-002
   4.370000E+002   3.134876E-002
   4.380000E+002   3.152186E-002
   4.390000E+002   3.169627E-002
   4.400000E+002   3.187186E-002
   4.410000E+002   3.204853E-002
   4.420000E+002   3.222618E-002
   4.430000E+002   3.240468E-002
   4.440000E+002   3.258392E-002
   4.450000E+002   3.276381E-002
   4.460000E+002   3.294422E-002
   4.470000E+002   3.312505E-002
   4.480000E+002   3.330618E-002
   4.490000E+002   3.348751E-002
   4.500000E+002   3.366893E-002
   4.510000E+002   3.385032E-002
   4.520000E+002   3.403160E-002
   4.530000E+002   3.421269E-002
   4.540000E+002   3.439350E-002
   4.550000E+002   3.457394E-002
   4.560000E+002   3.475394E-002
   4.570000E+002   3.493341E-002
   4.580000E+002   3.511226E-002
   4.590000E+002   3.529041E-002
   4.600000E+002   3.546778E-002
   4.610000E+002   3.564427E-002
   4.620000E+002   3.581982E-002
   4.630000E+002   3.599433E-002
   4.640000E+002   3.616771E-002
   4.650000E+002   3.633989E-002
   4.660000E+002   3.651078E-002
   4.670000E+002   3.668030E-002
   4.680000E+002   3.684836E-002
   4.690000E+002   3.701487E-002
   4.700000E+002   3.717976E-002
   4.710000E+002   3.734294E-002
   4.720000E+002   3.750432E-002
   4.730000E+002   3.766382E-002
   4.740000E+002   3.782135E-002
   4.750000E+002   3.797684E-002
   4.760000E+002   3.813020E-002
   4.770000E+002   3.828134E-002
   4.780000E+002   3.843017E-002
   4.790000E+002   3.857662E-002
   4.800000E+002   3.872061E-002
   4.810000E+002   3.886203E-002
   4.820000E+002   3.900082E-002
   4.830000E+002   3.913689E-002
   4.840000E+002   3.927015E-002
   4.850000E+002   3.940052E-002
   4.860000E+002   3.952791E-002
   4.870000E+002   3.965224E-002
   4.880000E+002   3.977343E-002
   4.890000E+002   3.989139E-002
   4.900000E+002   4.000604E-002
   4.910000E+002   4.011729E-002
   4.920000E+002   4.022506E-002
   4.930000E+002   4.032926E-002
   4.940000E+002   4.042982E-002
   4.950000E+002   4.052664E-002
   4.960000E+002   4.061964E-002
   4.970000E+002   4.070874E-002
   4.980000E+002   4.079385E-002
   4.990000E+002   4.087490E-002
   5.000000E+002   4.095178E-002
   5.010000E+002   4.102445E-002
   5.020000E+002   4.109289E-002
   5.030000E+002   4.115715E-002
   5.040000E+002   4.121723E-002
   5.050000E+002   4.127316E-002
   5.060000E+002   4.132496E-002
   5.070000E+002   4.137266E-002
   5.080000E+002   4.141628E-002
   5.090000E+002   4.145584E-002
   5.100000E+002   4.149136E-002
   5.110000E+002   4.152287E-002
   5.120000E+002   4.155038E-002
   5.130000E+002   4.157392E-002
   5.140000E+002   4.159352E-002
   5.150000E+002   4.160919E-002
   5.160000E+002   4.162096E-002
   5.170000E+002   4.162885E-002
   5.180000E+002   4.163289E-002
   5.190000E+002   4.163309E-002
   5.200000E+002   4.162947E-002
   5.210000E+002   4.162207E-002
   5.220000E+002   4.161090E-002
   5.230000E+002   4.159598E-002
   5.240000E+002   4.157734E-002
   5.250000E+002   4.155501E-002
   5.260000E+002   4.152899E-002
   5.270000E+002   4.149932E-002
   5.280000E+002   4.146602E-002
   5.290000E+002   4.142911E-002
   5.300000E+002   4.138861E-002
   5.310000E+002   4.134455E-002
   5.320000E+002   4.129694E-002
   5.330000E+002   4.124581E-002
   5.340000E+002   4.119119E-002
   5.350000E+002   4.113309E-002
   5.360000E+002   4.107154E-002
   5.370000E+002   4.100656E-002
   5.380000E+002   4.093818E-002
   5.390000E+002   4.086640E-002
   5.400000E+002   4.079127E-002
   5.410000E+002   4.071279E-002
   5.420000E+002   4.063100E-002
   5.430000E+002   4.054591E-002
   5.440000E+002   4.045756E-002
   5.450000E+002   4.036595E-002
   5.460000E+002   4.027111E-002
   5.470000E+002   4.017307E-002
   5.480000E+002   4.007185E-002
   5.490000E+002   3.996746E-002
   5.500000E+002   3.985994E-002
   5.510000E+002   3.974932E-002
   5.520000E+002   3.963566E-002
   5.530000E+002   3.951907E-002
   5.540000E+002   3.939963E-002
   5.550000E+002   3.927743E-002
   5.560000E+002   3.915255E-002
   5.570000E+002   3.902508E-002
   5.580000E+002   3.889511E-002
   5.590000E+002   3.876273E-002
   5.600000E+002   3.862803E-002
   5.610000E+002   3.849110E-002
   5.620000E+002   3.835201E-002
   5.630000E+002   3.821087E-002
   5.640000E+002   3.806776E-002
   5.650000E+002   3.792276E-002
   5.660000E+002   3.777597E-002
   5.670000E+002   3.762747E-002
   5.680000E+002   3.747735E-002
   5.690000E+002   3.732570E-002
   5.700000E+002   3.717261E-002
   5.710000E+002   3.701816E-002
   5.720000E+002   3.686244E-002
   5.730000E+002   3.670554E-002
   5.740000E+002   3.654755E-002
   5.750000E+002   3.638856E-002
   5.760000E+002   3.622865E-002
   5.770000E+002   3.606792E-002
   5.780000E+002   3.590644E-002
   5.790000E+002   3.574432E-002
   5.800000E+002   3.558163E-002
   5.810000E+002   3.541846E-002
   5.820000E+002   3.525491E-002
   5.830000E+002   3.509105E-002
   5.840000E+002   3.492699E-002
   5.850000E+002   3.476280E-002
   5.860000E+002   3.459857E-002
   5.870000E+002   3.443440E-002
   5.880000E+002   3.427036E-002
   5.890000E+002   3.410656E-002
   5.900000E+002   3.394307E-002
   5.910000E+002   3.377998E-002
   5.920000E+002   3.361739E-002
   5.930000E+002   3.345538E-002
   5.940000E+002   3.329403E-002
   5.950000E+002   3.313344E-002
   5.960000E+002   3.297369E-002
   5.970000E+002   3.281488E-002
   5.980000E+002   3.265708E-002
   5.990000E+002   3.250039E-002
   6.000000E+002   3.234490E-002
   6.010000E+002   3.219069E-002
   6.020000E+002   3.203781E-002
   6.030000E+002   3.188631E-002
   6.040000E+002   3.173624E-002
   6.050000E+002   3.158766E-002
   6.060000E+002   3.144060E-002
   6.070000E+002   3.129513E-002
   6.080000E+002   3.115129E-002
   6.090000E+002   3.100912E-002
   6.100000E+002   3.086869E-002
   6.110000E+002   3.073003E-002
   6.120000E+002   3.059320E-002
   6.130000E+002   3.045826E-002
   6.140000E+002   3.032523E-002
   6.150000E+002   3.019419E-002
   6.160000E+002   3.006517E-002
   6.170000E+002   2.993822E-002
   6.180000E+002   2.981341E-002
   6.190000E+002   2.969076E-002
   6.200000E+002   2.957034E-002
   6.210000E+002   2.945220E-002
   6.220000E+002   2.933638E-002
   6.230000E+002   2.922293E-002
   6.240000E+002   2.911190E-002
   6.250000E+002   2.900335E-002
   6.260000E+002   2.889731E-002
   6.270000E+002   2.879385E-002
   6.280000E+002   2.869301E-002
   6.290000E+002   2.859483E-002
   6.300000E+002   2.849938E-002
   6.310000E+002   2.840670E-002
   6.320000E+002   2.831683E-002
   6.330000E+002   2.822983E-002
   6.340000E+002   2.814575E-002
   6.350000E+002   2.806464E-002
   6.360000E+002   2.798654E-002
   6.370000E+002   2.791151E-002
   6.380000E+002   2.783959E-002
   6.390000E+002   2.777084E-002
   6.400000E+002   2.770531E-002
   6.410000E+002   2.764303E-002
   6.420000E+002   2.758408E-002
   6.430000E+002   2.752848E-002
   6.440000E+002   2.747630E-002
   6.450000E+002   2.742758E-002
   6.460000E+002   2.738237E-002
   6.470000E+002   2.734072E-002
   6.480000E+002   2.730268E-002
   6.490000E+002   2.726830E-002
   6.500000E+002   2.723763E-002
   6.510000E+002   2.721071E-002
   6.520000E+002   2.718751E-002
   6.530000E+002   2.716799E-002
   6.540000E+002   2.715212E-002
   6.550000E+002   2.713987E-002
   6.560000E+002   2.713118E-002
   6.570000E+002   2.712604E-002
   6.580000E+002   2.712440E-002
   6.590000E+002   2.712622E-002
   6.600000E+002   2.713146E-002
   6.610000E+002   2.714010E-002
   6.620000E+002   2.715209E-002
   6.630000E+002   2.716740E-002
   6.640000E+002   2.718599E-002
   6.650000E+002   2.720782E-002
   6.660000E+002   2.723285E-002
   6.670000E+002   2.726106E-002
   6.680000E+002   2.729239E-002
   6.690000E+002   2.732682E-002
   6.700000E+002   2.736431E-002
   6.710000E+002   2.740482E-002
   6.720000E+002   2.744832E-002
   6.730000E+002   2.749476E-002
   6.740000E+002   2.754411E-002
   6.750000E+002   2.759634E-002
   6.760000E+002   2.765140E-002
   6.770000E+002   2.770927E-002
   6.780000E+002   2.776989E-002
   6.790000E+002   2.783324E-002
   6.800000E+002   2.789929E-002
   6.810000E+002   2.796798E-002
   6.820000E+002   2.803929E-002
   6.830000E+002   2.811318E-002
   6.840000E+002   2.818961E-002
   6.850000E+002   2.826854E-002
   6.860000E+002   2.834994E-002
   6.870000E+002   2.843378E-002
   6.880000E+002   2.852000E-002
   6.890000E+002   2.860859E-002
   6.900000E+002   2.869949E-002
   6.910000E+002   2.879268E-002
   6.920000E+002   2.888812E-002
   6.930000E+002   2.898576E-002
   6.940000E+002   2.908558E-002
   6.950000E+002   2.918753E-002
   6.960000E+002   2.929158E-002
   6.970000E+002   2.939770E-002
   6.980000E+002   2.950584E-002
   6.990000E+002   2.961596E-002
   7.000000E+002   2.972804E-002
   7.010000E+002   2.984203E-002
   7.020000E+002   2.995786E-002
   7.030000E+002   3.007544E-002
   7.040000E+002   3.019472E-002
   7.050000E+002   3.031560E-002
   7.060000E+002   3.043802E-002
   7.070000E+002   3.056189E-002
   7.080000E+002   3.068715E-002
   7.090000E+002   3.081371E-002
   7.100000E+002   3.094150E-002
   7.110000E+002   3.107045E-002
   7.120000E+002   3.120047E-002
   7.130000E+002   3.133149E-002
   7.140000E+002   3.146344E-002
   7.150000E+002   3.159623E-002
   7.160000E+002   3.172980E-002
   7.170000E+002   3.186406E-002
   7.180000E+002   3.199895E-002
   7.190000E+002   3.213437E-002
   7.200000E+002   3.227027E-002
   7.210000E+002   3.240656E-002
   7.220000E+002   3.254316E-002
   7.230000E+002   3.268000E-002
   7.240000E+002   3.281700E-002
   7.250000E+002   3.295410E-002
   7.260000E+002   3.309120E-002
   7.270000E+002   3.322824E-002
   7.280000E+002   3.336513E-002
   7.290000E+002   3.350181E-002
   7.300000E+002   3.363820E-002
   7.310000E+002   3.377421E-002
   7.320000E+002   3.390978E-002
   7.330000E+002   3.404483E-002
   7.340000E+002   3.417928E-002
   7.350000E+002   3.431306E-002
   7.360000E+002   3.444608E-002
   7.370000E+002   3.457828E-002
   7.380000E+002   3.470957E-002
   7.390000E+002   3.483989E-002
   7.400000E+002   3.496915E-002
   7.410000E+002   3.509728E-002
   7.420000E+002   3.522420E-002
   7.430000E+002   3.534984E-002
   7.440000E+002   3.547412E-002
   7.450000E+002   3.559696E-002
   7.460000E+002   3.571829E-002
   7.470000E+002   3.583804E-002
   7.480000E+002   3.595612E-002
   7.490000E+002   3.607246E-002
   7.500000E+002   3.618698E-002
   7.510000E+002   3.629961E-002
   7.520000E+002   3.641032E-002
   7.530000E+002   3.651907E-002
   7.540000E+002   3.662581E-002
   7.550000E+002   3.673052E-002
   7.560000E+002   3.683315E-002
   7.570000E+002   3.693368E-002
   7.580000E+002   3.703207E-002
   7.590000E+002   3.712828E-002
   7.600000E+002   3.722227E-002
   7.610000E+002   3.731402E-002
   7.620000E+002   3.740347E-002
   7.630000E+002   3.749061E-002
   7.640000E+002   3.757539E-002
   7.650000E+002   3.765778E-002
   7.660000E+002   3.773773E-002
   7.670000E+002   3.781523E-002
   7.680000E+002   3.789022E-002
   7.690000E+002   3.796267E-002
   7.700000E+002   3.803256E-002
   7.710000E+002   3.809983E-002
   7.720000E+002   3.816447E-002
   7.730000E+002   3.822642E-002
   7.740000E+002   3.828566E-002
   7.750000E+002   3.834215E-002
   7.760000E+002   3.839586E-002
   7.770000E+002   3.844674E-002
   7.780000E+002   3.849476E-002
   7.790000E+002   3.853989E-002
   7.800000E+002   3.858209E-002
   7.810000E+002   3.862133E-002
   7.820000E+002   3.865756E-002
   7.830000E+002   3.869076E-002
   7.840000E+002   3.872089E-002
   7.850000E+002   3.874790E-002
   7.860000E+002   3.877178E-002
   7.870000E+002   3.879247E-002
   7.880000E+002   3.880995E-002
   7.890000E+002   3.882418E-002
   7.900000E+002   3.883513E-002
   7.910000E+002   3.884275E-002
   7.920000E+002   3.884701E-002
   7.930000E+002   3.884788E-002
   7.940000E+002   3.884532E-002
   7.950000E+002   3.883929E-002
   7.960000E+002   3.882976E-002
   7.970000E+002   3.881670E-002
   7.980000E+002   3.880006E-002
   7.990000E+002   3.877981E-002
   8.000000E+002   3.875592E-002
   8.010000E+002   3.872837E-002
   8.020000E+002   3.869717E-002
   8.030000E+002   3.866237E-002
   8.040000E+002   3.862402E-002
   8.050000E+002   3.858215E-002
   8.060000E+002   3.853679E-002
   8.070000E+002   3.848800E-002
   8.080000E+002   3.843582E-002
   8.090000E+002   3.838027E-002
   8.100000E+002   3.832141E-002
   8.110000E+002   3.825927E-002
   8.120000E+002   3.819390E-002
   8.130000E+002   3.812532E-002
   8.140000E+002   3.805360E-002
   8.150000E+002   3.797875E-002
   8.160000E+002   3.790084E-002
   8.170000E+002   3.781988E-002
   8.180000E+002   3.773594E-002
   8.190000E+002   3.764903E-002
   8.200000E+002   3.755922E-002
   8.210000E+002   3.746653E-002
   8.220000E+002   3.737100E-002
   8.230000E+002   3.727269E-002
   8.240000E+002   3.717162E-002
   8.250000E+002   3.706783E-002
   8.260000E+002   3.696138E-002
   8.270000E+002   3.685229E-002
   8.280000E+002   3.674061E-002
   8.290000E+002   3.662639E-002
   8.300000E+002   3.650964E-002
   8.310000E+002   3.639043E-002
   8.320000E+002   3.626879E-002
   8.330000E+002   3.614476E-002
   8.340000E+002   3.601838E-002
   8.350000E+002   3.588969E-002
   8.360000E+002   3.575872E-002
   8.370000E+002   3.562553E-002
   8.380000E+002   3.549016E-002
   8.390000E+002   3.535263E-002
   8.400000E+002   3.521300E-002
   8.410000E+002   3.507129E-002
   8.420000E+002   3.492756E-002
   8.430000E+002   3.478185E-002
   8.440000E+002   3.463418E-002
   8.450000E+002   3.448461E-002
   8.460000E+002   3.433317E-002
   8.470000E+002   3.417991E-002
   8.480000E+002   3.402486E-002
   8.490000E+002   3.386807E-002
   8.500000E+002   3.370957E-002
   8.510000E+002   3.354941E-002
   8.520000E+002   3.338765E-002
   8.530000E+002   3.322435E-002
   8.540000E+002   3.305958E-002
   8.550000E+002   3.289339E-002
   8.560000E+002   3.272586E-002
   8.570000E+002   3.255704E-002
   8.580000E+002   3.238700E-002
   8.590000E+002   3.221580E-002
   8.600000E+002   3.204351E-002
   8.610000E+002   3.187019E-002
   8.620000E+002   3.169590E-002
   8.630000E+002   3.152070E-002
   8.640000E+002   3.134466E-002
   8.650000E+002   3.116785E-002
   8.660000E+002   3.099032E-002
   8.670000E+002   3.081214E-002
   8.680000E+002   3.063337E-002
   8.690000E+002   3.045407E-002
   8.700000E+002   3.027432E-002
   8.710000E+002   3.009416E-002
   8.720000E+002   2.991367E-002
   8.730000E+002   2.973291E-002
   8.740000E+002   2.955195E-002
   8.750000E+002   2.937083E-002
   8.760000E+002   2.918964E-002
   8.770000E+002   2.900843E-002
   8.780000E+002   2.882726E-002
   8.790000E+002   2.864620E-002
   8.800000E+002   2.846532E-002
   8.810000E+002   2.828466E-002
   8.820000E+002   2.810431E-002
   8.830000E+002   2.792432E-002
   8.840000E+002   2.774476E-002
   8.850000E+002   2.756568E-002
   8.860000E+002   2.738716E-002
   8.870000E+002   2.720925E-002
   8.880000E+002   2.703202E-002
   8.890000E+002   2.685553E-002
   8.900000E+002   2.667985E-002
   8.910000E+002   2.650503E-002
   8.920000E+002   2.633115E-002
   8.930000E+002   2.615826E-002
   8.940000E+002   2.598644E-002
   8.950000E+002   2.581573E-002
   8.960000E+002   2.564621E-002
   8.970000E+002   2.547794E-002
   8.980000E+002   2.531098E-002
   8.990000E+002   2.514539E-002
   9.000000E+002   2.498125E-002
   9.010000E+002   2.481860E-002
   9.020000E+002   2.465747E-002
   9.030000E+002   2.449791E-002
   9.040000E+002   2.433993E-002
   9.050000E+002   2.418356E-002
   9.060000E+002   2.402882E-002
   9.070000E+002   2.387575E-002
   9.080000E+002   2.372437E-002
   9.090000E+002   2.357471E-002
   9.100000E+002   2.342679E-002
   9.110000E+002   2.328065E-002
   9.120000E+002   2.313631E-002
   9.130000E+002   2.299379E-002
   9.140000E+002   2.285312E-002
   9.150000E+002   2.271434E-002
   9.160000E+002   2.257746E-002
   9.170000E+002   2.244252E-002
   9.180000E+002   2.230954E-002
   9.190000E+002   2.217855E-002
   9.200000E+002   2.204957E-002
   9.210000E+002   2.192263E-002
   9.220000E+002   2.179777E-002
   9.230000E+002   2.167500E-002
   9.240000E+002   2.155436E-002
   9.250000E+002   2.143586E-002
   9.260000E+002   2.131955E-002
   9.270000E+002   2.120544E-002
   9.280000E+002   2.109356E-002
   9.290000E+002   2.098393E-002
   9.300000E+002   2.087660E-002
   9.310000E+002   2.077158E-002
   9.320000E+002   2.066889E-002
   9.330000E+002   2.056858E-002
   9.340000E+002   2.047066E-002
   9.350000E+002   2.037516E-002
   9.360000E+002   2.028210E-002
   9.370000E+002   2.019152E-002
   9.380000E+002   2.010345E-002
   9.390000E+002   2.001790E-002
   9.400000E+002   1.993491E-002
   9.410000E+002   1.985450E-002
   9.420000E+002   1.977670E-002
   9.430000E+002   1.970154E-002
   9.440000E+002   1.962905E-002
   9.450000E+002   1.955924E-002
   9.460000E+002   1.949215E-002
   9.470000E+002   1.942781E-002
   9.480000E+002   1.936624E-002
   9.490000E+002   1.930747E-002
   9.500000E+002   1.925153E-002
   9.510000E+002   1.919843E-002
   9.520000E+002   1.914815E-002
   9.530000E+002   1.910066E-002
   9.540000E+002   1.905594E-002
   9.550000E+002   1.901395E-002
   9.560000E+002   1.897465E-002
   9.570000E+002   1.893803E-002
   9.580000E+002   1.890405E-002
   9.590000E+002   1.887267E-002
   9.600000E+002   1.884387E-002
   9.610000E+002   1.881762E-002
   9.620000E+002   1.879389E-002
   9.630000E+002   1.877264E-002
   9.640000E+002   1.875385E-002
   9.650000E+002   1.873748E-002
   9.660000E+002   1.872351E-002
   9.670000E+002   1.871190E-002
   9.680000E+002   1.870262E-002
   9.690000E+002   1.869565E-002
   9.700000E+002   1.869094E-002
   9.710000E+002   1.868848E-002
   9.720000E+002   1.868823E-002
   9.730000E+002   1.869016E-002
   9.740000E+002   1.869424E-002
   9.750000E+002   1.870044E-002
   9.760000E+002   1.870873E-002
   9.770000E+002   1.871907E-002
   9.780000E+002   1.873144E-002
   9.790000E+002   1.874581E-002
   9.800000E+002   1.876214E-002
   9.810000E+002   1.878041E-002
   9.820000E+002   1.880058E-002
   9.830000E+002   1.882262E-002
   9.840000E+002   1.884651E-002
   9.850000E+002   1.887222E-002
   9.860000E+002   1.889970E-002
   9.870000E+002   1.892894E-002
   9.880000E+002   1.895989E-002
   9.890000E+002   1.899254E-002
   9.900000E+002   1.902685E-002
   9.910000E+002   1.906278E-002
   9.920000E+002   1.910032E-002
   9.930000E+002   1.913942E-002
   9.940000E+002   1.918006E-002
   9.950000E+002   1.922221E-002
   9.960000E+002   1.926583E-002
   9.970000E+002   1.931090E-002
   9.980000E+002   1.935738E-002
   9.990000E+002   1.940525E-002
   1.000000E+003   1.945447E-002
   1.001000E+003   1.950501E-002
   1.002000E+003   1.955682E-002
   1.003000E+003   1.960986E-002
   1.004000E+003   1.966408E-002
   1.005000E+003   1.971943E-002
   1.006000E+003   1.977586E-002
   1.007000E+003   1.983331E-002
   1.008000E+003   1.989176E-002
   1.009000E+003   1.995113E-002
   1.010000E+003   2.001140E-002
   1.011000E+003   2.007250E-002
   1.012000E+003   2.013439E-002
   1.013000E+003   2.019702E-002
   1.014000E+003   2.026034E-002
   1.015000E+003   2.032431E-002
   1.016000E+003   2.038887E-002
   1.017000E+003   2.045398E-002
   1.018000E+003   2.051959E-002
   1.019000E+003   2.058564E-002
   1.020000E+003   2.065210E-002
   1.021000E+003   2.071890E-002
   1.022000E+003   2.078602E-002
   1.023000E+003   2.085338E-002
   1.024000E+003   2.092096E-002
   1.025000E+003   2.098869E-002
   1.026000E+003   2.105653E-002
   1.027000E+003   2.112443E-002
   1.028000E+003   2.119235E-002
   1.029000E+003   2.126023E-002
   1.030000E+003   2.132802E-002
   1.031000E+003   2.139568E-002
   1.032000E+003   2.146316E-002
   1.033000E+003   2.153041E-002
   1.034000E+003   2.159738E-002
   1.035000E+003   2.166403E-002
   1.036000E+003   2.173030E-002
   1.037000E+003   2.179614E-002
   1.038000E+003   2.186151E-002
   1.039000E+003   2.192636E-002
   1.040000E+003   2.199064E-002
   1.041000E+003   2.205430E-002
   1.042000E+003   2.211729E-002
   1.043000E+003   2.217957E-002
   1.044000E+003   2.224109E-002
   1.045000E+003   2.230179E-002
   1.046000E+003   2.236163E-002
   1.047000E+003   2.242056E-002
   1.048000E+003   2.247853E-002
   1.049000E+003   2.253550E-002
   1.050000E+003   2.259141E-002
   1.051000E+003   2.264622E-002
   1.052000E+003   2.269991E-002
   1.053000E+003   2.275246E-002
   1.054000E+003   2.280385E-002
   1.055000E+003   2.285406E-002
   1.056000E+003   2.290308E-002
   1.057000E+003   2.295089E-002
   1.058000E+003   2.299747E-002
   1.059000E+003   2.304280E-002
   1.060000E+003   2.308686E-002
   1.061000E+003   2.312963E-002
   1.062000E+003   2.317110E-002
   1.063000E+003   2.321125E-002
   1.064000E+003   2.325006E-002
   1.065000E+003   2.328751E-002
   1.066000E+003   2.332359E-002
   1.067000E+003   2.335827E-002
   1.068000E+003   2.339154E-002
   1.069000E+003   2.342338E-002
   1.070000E+003   2.345377E-002
   1.071000E+003   2.348269E-002
   1.072000E+003   2.351013E-002
   1.073000E+003   2.353607E-002
   1.074000E+003   2.356048E-002
   1.075000E+003   2.358335E-002
   1.076000E+003   2.360467E-002
   1.077000E+003   2.362441E-002
   1.078000E+003   2.364256E-002
   1.079000E+003   2.365909E-002
   1.080000E+003   2.367400E-002
   1.081000E+003   2.368725E-002
   1.082000E+003   2.369884E-002
   1.083000E+003   2.370875E-002
   1.084000E+003   2.371695E-002
   1.085000E+003   2.372343E-002
   1.086000E+003   2.372818E-002
   1.087000E+003   2.373116E-002
   1.088000E+003   2.373237E-002
   1.089000E+003   2.373179E-002
   1.090000E+003   2.372939E-002
   1.091000E+003   2.372517E-002
   1.092000E+003   2.371909E-002
   1.093000E+003   2.371115E-002
   1.094000E+003   2.370133E-002
   1.095000E+003   2.368960E-002
   1.096000E+003   2.367596E-002
   1.097000E+003   2.366037E-002
   1.098000E+003   2.364283E-002
   1.099000E+003   2.362331E-002
   1.100000E+003   2.360180E-002
   1.101000E+003   2.357829E-002
   1.102000E+003   2.355279E-002
   1.103000E+003   2.352535E-002
   1.104000E+003   2.349599E-002
   1.105000E+003   2.346475E-002
   1.106000E+003   2.343165E-002
   1.107000E+003   2.339673E-002
   1.108000E+003   2.336002E-002
   1.109000E+003   2.332154E-002
   1.110000E+003   2.328134E-002
   1.111000E+003   2.323945E-002
   1.112000E+003   2.319589E-002
   1.113000E+003   2.315069E-002
   1.114000E+003   2.310390E-002
   1.115000E+003   2.305553E-002
   1.116000E+003   2.300562E-002
   1.117000E+003   2.295421E-002
   1.118000E+003   2.290132E-002
   1.119000E+003   2.284698E-002
   1.120000E+003   2.279124E-002
   1.121000E+003   2.273411E-002
   1.122000E+003   2.267563E-002
   1.123000E+003   2.261583E-002
   1.124000E+003   2.255474E-002
   1.125000E+003   2.249240E-002
   1.126000E+003   2.242883E-002
   1.127000E+003   2.236407E-002
   1.128000E+003   2.229815E-002
   1.129000E+003   2.223110E-002
   1.130000E+003   2.216295E-002
   1.131000E+003   2.209374E-002
   1.132000E+003   2.202349E-002
   1.133000E+003   2.195223E-002
   1.134000E+003   2.188001E-002
   1.135000E+003   2.180684E-002
   1.136000E+003   2.173276E-002
   1.137000E+003   2.165780E-002
   1.138000E+003   2.158200E-002
   1.139000E+003   2.150538E-002
   1.140000E+003   2.142798E-002
   1.141000E+003   2.134983E-002
   1.142000E+003   2.127096E-002
   1.143000E+003   2.119139E-002
   1.144000E+003   2.111117E-002
   1.145000E+003   2.103033E-002
   1.146000E+003   2.094888E-002
   1.147000E+003   2.086688E-002
   1.148000E+003   2.078434E-002
   1.149000E+003   2.070131E-002
   1.150000E+003   2.061780E-002
   1.151000E+003   2.053385E-002
   1.152000E+003   2.044948E-002
   1.153000E+003   2.036468E-002
   1.154000E+003   2.027948E-002
   1.155000E+003   2.019387E-002
   1.156000E+003   2.010787E-002
   1.157000E+003   2.002148E-002
   1.158000E+003   1.993472E-002
   1.159000E+003   1.984759E-002
   1.160000E+003   1.976010E-002
   1.161000E+003   1.967226E-002
   1.162000E+003   1.958408E-002
   1.163000E+003   1.949557E-002
   1.164000E+003   1.940674E-002
   1.165000E+003   1.931759E-002
   1.166000E+003   1.922813E-002
   1.167000E+003   1.913838E-002
   1.168000E+003   1.904834E-002
   1.169000E+003   1.895801E-002
   1.170000E+003   1.886742E-002
   1.171000E+003   1.877656E-002
   1.172000E+003   1.868546E-002
   1.173000E+003   1.859410E-002
   1.174000E+003   1.850251E-002
   1.175000E+003   1.841069E-002
   1.176000E+003   1.831866E-002
   1.177000E+003   1.822641E-002
   1.178000E+003   1.813396E-002
   1.179000E+003   1.804132E-002
   1.180000E+003   1.794850E-002
   1.181000E+003   1.785550E-002
   1.182000E+003   1.776234E-002
   1.183000E+003   1.766902E-002
   1.184000E+003   1.757555E-002
   1.185000E+003   1.748194E-002
   1.186000E+003   1.738820E-002
   1.187000E+003   1.729433E-002
   1.188000E+003   1.720035E-002
   1.189000E+003   1.710627E-002
   1.190000E+003   1.701209E-002
   1.191000E+003   1.691783E-002
   1.192000E+003   1.682348E-002
   1.193000E+003   1.672907E-002
   1.194000E+003   1.663459E-002
   1.195000E+003   1.654006E-002
   1.196000E+003   1.644549E-002
   1.197000E+003   1.635088E-002
   1.198000E+003   1.625625E-002
   1.199000E+003   1.616160E-002
   1.200000E+003   1.606694E-002
