   1.000000E+000   1.728966E-002
   2.000000E+000   2.034600E-002
   3.000000E+000   2.340233E-002
   4.000000E+000   2.268480E-002
   5.000000E+000   2.160956E-002
   6.000000E+000   2.094704E-002
   7.000000E+000   2.036119E-002
   8.000000E+000   1.982948E-002
   9.000000E+000   1.939178E-002
   1.000000E+001   1.902415E-002
   1.100000E+001   1.869327E-002
   1.200000E+001   1.839200E-002
   1.300000E+001   1.811902E-002
   1.400000E+001   1.787002E-002
   1.500000E+001   1.763996E-002
   1.600000E+001   1.742437E-002
   1.700000E+001   1.722112E-002
   1.800000E+001   1.702867E-002
   1.900000E+001   1.684549E-002
   2.000000E+001   1.667003E-002
   2.100000E+001   1.650096E-002
   2.200000E+001   1.633777E-002
   2.300000E+001   1.618015E-002
   2.400000E+001   1.602780E-002
   2.500000E+001   1.588043E-002
   2.600000E+001   1.573772E-002
   2.700000E+001   1.559938E-002
   2.800000E+001   1.546510E-002
   2.900000E+001   1.533459E-002
   3.000000E+001   1.520754E-002
   3.100000E+001   1.508369E-002
   3.200000E+001   1.496296E-002
   3.300000E+001   1.484533E-002
   3.400000E+001   1.473075E-002
   3.500000E+001   1.461920E-002
   3.600000E+001   1.451065E-002
   3.700000E+001   1.440505E-002
   3.800000E+001   1.430239E-002
   3.900000E+001   1.420262E-002
   4.000000E+001   1.410571E-002
   4.100000E+001   1.401165E-002
   4.200000E+001   1.392045E-002
   4.300000E+001   1.383216E-002
   4.400000E+001   1.374680E-002
   4.500000E+001   1.366441E-002
   4.600000E+001   1.358504E-002
   4.700000E+001   1.350870E-002
   4.800000E+001   1.343545E-002
   4.900000E+001   1.336531E-002
   5.000000E+001   1.329832E-002
   5.100000E+001   1.323452E-002
   5.200000E+001   1.317395E-002
   5.300000E+001   1.311662E-002
   5.400000E+001   1.306259E-002
   5.500000E+001   1.301189E-002
   5.600000E+001   1.296455E-002
   5.700000E+001   1.292060E-002
   5.800000E+001   1.288009E-002
   5.900000E+001   1.284305E-002
   6.000000E+001   1.280951E-002
   6.100000E+001   1.277950E-002
   6.200000E+001   1.275306E-002
   6.300000E+001   1.273022E-002
   6.400000E+001   1.271101E-002
   6.500000E+001   1.269545E-002
   6.600000E+001   1.268357E-002
   6.700000E+001   1.267542E-002
   6.800000E+001   1.267100E-002
   6.900000E+001   1.267036E-002
   7.000000E+001   1.267352E-002
   7.100000E+001   1.268052E-002
   7.200000E+001   1.269135E-002
   7.300000E+001   1.270605E-002
   7.400000E+001   1.272461E-002
   7.500000E+001   1.274706E-002
   7.600000E+001   1.277340E-002
   7.700000E+001   1.280365E-002
   7.800000E+001   1.283781E-002
   7.900000E+001   1.287590E-002
   8.000000E+001   1.291794E-002
   8.100000E+001   1.296393E-002
   8.200000E+001   1.301386E-002
   8.300000E+001   1.306772E-002
   8.400000E+001   1.312552E-002
   8.500000E+001   1.318723E-002
   8.600000E+001   1.325285E-002
   8.700000E+001   1.332237E-002
   8.800000E+001   1.339578E-002
   8.900000E+001   1.347307E-002
   9.000000E+001   1.355423E-002
   9.100000E+001   1.363925E-002
   9.200000E+001   1.372811E-002
   9.300000E+001   1.382078E-002
   9.400000E+001   1.391724E-002
   9.500000E+001   1.401746E-002
   9.600000E+001   1.412141E-002
   9.700000E+001   1.422908E-002
   9.800000E+001   1.434043E-002
   9.900000E+001   1.445545E-002
   1.000000E+002   1.457410E-002
   1.010000E+002   1.469636E-002
   1.020000E+002   1.482218E-002
   1.030000E+002   1.495150E-002
   1.040000E+002   1.508428E-002
   1.050000E+002   1.522045E-002
   1.060000E+002   1.535997E-002
   1.070000E+002   1.550278E-002
   1.080000E+002   1.564882E-002
   1.090000E+002   1.579805E-002
   1.100000E+002   1.595042E-002
   1.110000E+002   1.610586E-002
   1.120000E+002   1.626432E-002
   1.130000E+002   1.642576E-002
   1.140000E+002   1.659011E-002
   1.150000E+002   1.675733E-002
   1.160000E+002   1.692736E-002
   1.170000E+002   1.710015E-002
   1.180000E+002   1.727564E-002
   1.190000E+002   1.745378E-002
   1.200000E+002   1.763453E-002
   1.210000E+002   1.781781E-002
   1.220000E+002   1.800355E-002
   1.230000E+002   1.819167E-002
   1.240000E+002   1.838209E-002
   1.250000E+002   1.857472E-002
   1.260000E+002   1.876949E-002
   1.270000E+002   1.896630E-002
   1.280000E+002   1.916508E-002
   1.290000E+002   1.936575E-002
   1.300000E+002   1.956821E-002
   1.310000E+002   1.977240E-002
   1.320000E+002   1.997822E-002
   1.330000E+002   2.018559E-002
   1.340000E+002   2.039444E-002
   1.350000E+002   2.060467E-002
   1.360000E+002   2.081621E-002
   1.370000E+002   2.102898E-002
   1.380000E+002   2.124288E-002
   1.390000E+002   2.145785E-002
   1.400000E+002   2.167378E-002
   1.410000E+002   2.189062E-002
   1.420000E+002   2.210825E-002
   1.430000E+002   2.232659E-002
   1.440000E+002   2.254556E-002
   1.450000E+002   2.276505E-002
   1.460000E+002   2.298499E-002
   1.470000E+002   2.320527E-002
   1.480000E+002   2.342581E-002
   1.490000E+002   2.364651E-002
   1.500000E+002   2.386730E-002
   1.510000E+002   2.408806E-002
   1.520000E+002   2.430872E-002
   1.530000E+002   2.452919E-002
   1.540000E+002   2.474937E-002
   1.550000E+002   2.496916E-002
   1.560000E+002   2.518849E-002
   1.570000E+002   2.540726E-002
   1.580000E+002   2.562538E-002
   1.590000E+002   2.584276E-002
   1.600000E+002   2.605930E-002
   1.610000E+002   2.627492E-002
   1.620000E+002   2.648954E-002
   1.630000E+002   2.670307E-002
   1.640000E+002   2.691544E-002
   1.650000E+002   2.712657E-002
   1.660000E+002   2.733637E-002
   1.670000E+002   2.754476E-002
   1.680000E+002   2.775167E-002
   1.690000E+002   2.795702E-002
   1.700000E+002   2.816071E-002
   1.710000E+002   2.836268E-002
   1.720000E+002   2.856285E-002
   1.730000E+002   2.876112E-002
   1.740000E+002   2.895743E-002
   1.750000E+002   2.915169E-002
   1.760000E+002   2.934383E-002
   1.770000E+002   2.953375E-002
   1.780000E+002   2.972139E-002
   1.790000E+002   2.990665E-002
   1.800000E+002   3.008947E-002
   1.810000E+002   3.026976E-002
   1.820000E+002   3.044746E-002
   1.830000E+002   3.062251E-002
   1.840000E+002   3.079484E-002
   1.850000E+002   3.096441E-002
   1.860000E+002   3.113113E-002
   1.870000E+002   3.129497E-002
   1.880000E+002   3.145584E-002
   1.890000E+002   3.161370E-002
   1.900000E+002   3.176848E-002
   1.910000E+002   3.192012E-002
   1.920000E+002   3.206857E-002
   1.930000E+002   3.221375E-002
   1.940000E+002   3.235561E-002
   1.950000E+002   3.249408E-002
   1.960000E+002   3.262912E-002
   1.970000E+002   3.276064E-002
   1.980000E+002   3.288861E-002
   1.990000E+002   3.301294E-002
   2.000000E+002   3.313359E-002
   2.010000E+002   3.325050E-002
   2.020000E+002   3.336363E-002
   2.030000E+002   3.347295E-002
   2.040000E+002   3.357845E-002
   2.050000E+002   3.368008E-002
   2.060000E+002   3.377782E-002
   2.070000E+002   3.387164E-002
   2.080000E+002   3.396151E-002
   2.090000E+002   3.404741E-002
   2.100000E+002   3.412931E-002
   2.110000E+002   3.420717E-002
   2.120000E+002   3.428098E-002
   2.130000E+002   3.435069E-002
   2.140000E+002   3.441629E-002
   2.150000E+002   3.447774E-002
   2.160000E+002   3.453502E-002
   2.170000E+002   3.458810E-002
   2.180000E+002   3.463695E-002
   2.190000E+002   3.468154E-002
   2.200000E+002   3.472184E-002
   2.210000E+002   3.475783E-002
   2.220000E+002   3.478947E-002
   2.230000E+002   3.481674E-002
   2.240000E+002   3.483961E-002
   2.250000E+002   3.485805E-002
   2.260000E+002   3.487205E-002
   2.270000E+002   3.488161E-002
   2.280000E+002   3.488676E-002
   2.290000E+002   3.488752E-002
   2.300000E+002   3.488392E-002
   2.310000E+002   3.487599E-002
   2.320000E+002   3.486374E-002
   2.330000E+002   3.484720E-002
   2.340000E+002   3.482639E-002
   2.350000E+002   3.480134E-002
   2.360000E+002   3.477207E-002
   2.370000E+002   3.473861E-002
   2.380000E+002   3.470097E-002
   2.390000E+002   3.465919E-002
   2.400000E+002   3.461328E-002
   2.410000E+002   3.456328E-002
   2.420000E+002   3.450919E-002
   2.430000E+002   3.445106E-002
   2.440000E+002   3.438889E-002
   2.450000E+002   3.432272E-002
   2.460000E+002   3.425257E-002
   2.470000E+002   3.417846E-002
   2.480000E+002   3.410042E-002
   2.490000E+002   3.401847E-002
   2.500000E+002   3.393264E-002
   2.510000E+002   3.384294E-002
   2.520000E+002   3.374944E-002
   2.530000E+002   3.365217E-002
   2.540000E+002   3.355119E-002
   2.550000E+002   3.344655E-002
   2.560000E+002   3.333829E-002
   2.570000E+002   3.322648E-002
   2.580000E+002   3.311115E-002
   2.590000E+002   3.299236E-002
   2.600000E+002   3.287015E-002
   2.610000E+002   3.274459E-002
   2.620000E+002   3.261571E-002
   2.630000E+002   3.248357E-002
   2.640000E+002   3.234822E-002
   2.650000E+002   3.220970E-002
   2.660000E+002   3.206807E-002
   2.670000E+002   3.192338E-002
   2.680000E+002   3.177568E-002
   2.690000E+002   3.162501E-002
   2.700000E+002   3.147143E-002
   2.710000E+002   3.131499E-002
   2.720000E+002   3.115573E-002
   2.730000E+002   3.099372E-002
   2.740000E+002   3.082899E-002
   2.750000E+002   3.066159E-002
   2.760000E+002   3.049159E-002
   2.770000E+002   3.031905E-002
   2.780000E+002   3.014405E-002
   2.790000E+002   2.996666E-002
   2.800000E+002   2.978696E-002
   2.810000E+002   2.960503E-002
   2.820000E+002   2.942094E-002
   2.830000E+002   2.923477E-002
   2.840000E+002   2.904659E-002
   2.850000E+002   2.885648E-002
   2.860000E+002   2.866451E-002
   2.870000E+002   2.847077E-002
   2.880000E+002   2.827532E-002
   2.890000E+002   2.807824E-002
   2.900000E+002   2.787961E-002
   2.910000E+002   2.767951E-002
   2.920000E+002   2.747800E-002
   2.930000E+002   2.727517E-002
   2.940000E+002   2.707109E-002
   2.950000E+002   2.686583E-002
   2.960000E+002   2.665948E-002
   2.970000E+002   2.645210E-002
   2.980000E+002   2.624378E-002
   2.990000E+002   2.603459E-002
   3.000000E+002   2.582461E-002
   3.010000E+002   2.561390E-002
   3.020000E+002   2.540254E-002
   3.030000E+002   2.519060E-002
   3.040000E+002   2.497813E-002
   3.050000E+002   2.476521E-002
   3.060000E+002   2.455190E-002
   3.070000E+002   2.433826E-002
   3.080000E+002   2.412437E-002
   3.090000E+002   2.391029E-002
   3.100000E+002   2.369608E-002
   3.110000E+002   2.348181E-002
   3.120000E+002   2.326754E-002
   3.130000E+002   2.305335E-002
   3.140000E+002   2.283930E-002
   3.150000E+002   2.262545E-002
   3.160000E+002   2.241186E-002
   3.170000E+002   2.219862E-002
   3.180000E+002   2.198577E-002
   3.190000E+002   2.177339E-002
   3.200000E+002   2.156155E-002
   3.210000E+002   2.135030E-002
   3.220000E+002   2.113972E-002
   3.230000E+002   2.092987E-002
   3.240000E+002   2.072082E-002
   3.250000E+002   2.051263E-002
   3.260000E+002   2.030536E-002
   3.270000E+002   2.009910E-002
   3.280000E+002   1.989389E-002
   3.290000E+002   1.968980E-002
   3.300000E+002   1.948691E-002
   3.310000E+002   1.928528E-002
   3.320000E+002   1.908497E-002
   3.330000E+002   1.888605E-002
   3.340000E+002   1.868859E-002
   3.350000E+002   1.849264E-002
   3.360000E+002   1.829829E-002
   3.370000E+002   1.810559E-002
   3.380000E+002   1.791460E-002
   3.390000E+002   1.772540E-002
   3.400000E+002   1.753806E-002
   3.410000E+002   1.735262E-002
   3.420000E+002   1.716918E-002
   3.430000E+002   1.698777E-002
   3.440000E+002   1.680849E-002
   3.450000E+002   1.663138E-002
   3.460000E+002   1.645652E-002
   3.470000E+002   1.628397E-002
   3.480000E+002   1.611380E-002
   3.490000E+002   1.594608E-002
   3.500000E+002   1.578086E-002
   3.510000E+002   1.561821E-002
   3.520000E+002   1.545814E-002
   3.530000E+002   1.530067E-002
   3.540000E+002   1.514579E-002
   3.550000E+002   1.499352E-002
   3.560000E+002   1.484387E-002
   3.570000E+002   1.469685E-002
   3.580000E+002   1.455245E-002
   3.590000E+002   1.441070E-002
   3.600000E+002   1.427160E-002
   3.610000E+002   1.413515E-002
   3.620000E+002   1.400137E-002
   3.630000E+002   1.387027E-002
   3.640000E+002   1.374184E-002
   3.650000E+002   1.361611E-002
   3.660000E+002   1.349307E-002
   3.670000E+002   1.337274E-002
   3.680000E+002   1.325513E-002
   3.690000E+002   1.314023E-002
   3.700000E+002   1.302807E-002
   3.710000E+002   1.291865E-002
   3.720000E+002   1.281197E-002
   3.730000E+002   1.270806E-002
   3.740000E+002   1.260690E-002
   3.750000E+002   1.250852E-002
   3.760000E+002   1.241291E-002
   3.770000E+002   1.232010E-002
   3.780000E+002   1.223008E-002
   3.790000E+002   1.214286E-002
   3.800000E+002   1.205846E-002
   3.810000E+002   1.197688E-002
   3.820000E+002   1.189813E-002
   3.830000E+002   1.182222E-002
   3.840000E+002   1.174915E-002
   3.850000E+002   1.167894E-002
   3.860000E+002   1.161158E-002
   3.870000E+002   1.154710E-002
   3.880000E+002   1.148550E-002
   3.890000E+002   1.142678E-002
   3.900000E+002   1.137096E-002
   3.910000E+002   1.131804E-002
   3.920000E+002   1.126803E-002
   3.930000E+002   1.122094E-002
   3.940000E+002   1.117678E-002
   3.950000E+002   1.113555E-002
   3.960000E+002   1.109727E-002
   3.970000E+002   1.106194E-002
   3.980000E+002   1.102957E-002
   3.990000E+002   1.100017E-002
   4.000000E+002   1.097374E-002
   4.010000E+002   1.095029E-002
   4.020000E+002   1.092979E-002
   4.030000E+002   1.091217E-002
   4.040000E+002   1.089741E-002
   4.050000E+002   1.088546E-002
   4.060000E+002   1.087626E-002
   4.070000E+002   1.086979E-002
   4.080000E+002   1.086599E-002
   4.090000E+002   1.086481E-002
   4.100000E+002   1.086622E-002
   4.110000E+002   1.087017E-002
   4.120000E+002   1.087662E-002
   4.130000E+002   1.088552E-002
   4.140000E+002   1.089682E-002
   4.150000E+002   1.091049E-002
   4.160000E+002   1.092647E-002
   4.170000E+002   1.094473E-002
   4.180000E+002   1.096521E-002
   4.190000E+002   1.098788E-002
   4.200000E+002   1.101268E-002
   4.210000E+002   1.103959E-002
   4.220000E+002   1.106854E-002
   4.230000E+002   1.109950E-002
   4.240000E+002   1.113242E-002
   4.250000E+002   1.116726E-002
   4.260000E+002   1.120397E-002
   4.270000E+002   1.124250E-002
   4.280000E+002   1.128282E-002
   4.290000E+002   1.132488E-002
   4.300000E+002   1.136864E-002
   4.310000E+002   1.141404E-002
   4.320000E+002   1.146105E-002
   4.330000E+002   1.150962E-002
   4.340000E+002   1.155971E-002
   4.350000E+002   1.161127E-002
   4.360000E+002   1.166426E-002
   4.370000E+002   1.171863E-002
   4.380000E+002   1.177434E-002
   4.390000E+002   1.183134E-002
   4.400000E+002   1.188959E-002
   4.410000E+002   1.194905E-002
   4.420000E+002   1.200967E-002
   4.430000E+002   1.207140E-002
   4.440000E+002   1.213421E-002
   4.450000E+002   1.219804E-002
   4.460000E+002   1.226286E-002
   4.470000E+002   1.232861E-002
   4.480000E+002   1.239526E-002
   4.490000E+002   1.246276E-002
   4.500000E+002   1.253106E-002
   4.510000E+002   1.260012E-002
   4.520000E+002   1.266990E-002
   4.530000E+002   1.274035E-002
   4.540000E+002   1.281142E-002
   4.550000E+002   1.288308E-002
   4.560000E+002   1.295527E-002
   4.570000E+002   1.302795E-002
   4.580000E+002   1.310108E-002
   4.590000E+002   1.317462E-002
   4.600000E+002   1.324851E-002
   4.610000E+002   1.332271E-002
   4.620000E+002   1.339719E-002
   4.630000E+002   1.347188E-002
   4.640000E+002   1.354676E-002
   4.650000E+002   1.362177E-002
   4.660000E+002   1.369687E-002
   4.670000E+002   1.377202E-002
   4.680000E+002   1.384716E-002
   4.690000E+002   1.392226E-002
   4.700000E+002   1.399727E-002
   4.710000E+002   1.407215E-002
   4.720000E+002   1.414685E-002
   4.730000E+002   1.422133E-002
   4.740000E+002   1.429554E-002
   4.750000E+002   1.436943E-002
   4.760000E+002   1.444297E-002
   4.770000E+002   1.451610E-002
   4.780000E+002   1.458879E-002
   4.790000E+002   1.466099E-002
   4.800000E+002   1.473265E-002
   4.810000E+002   1.480373E-002
   4.820000E+002   1.487419E-002
   4.830000E+002   1.494397E-002
   4.840000E+002   1.501304E-002
   4.850000E+002   1.508135E-002
   4.860000E+002   1.514886E-002
   4.870000E+002   1.521551E-002
   4.880000E+002   1.528127E-002
   4.890000E+002   1.534610E-002
   4.900000E+002   1.540994E-002
   4.910000E+002   1.547275E-002
   4.920000E+002   1.553449E-002
   4.930000E+002   1.559511E-002
   4.940000E+002   1.565457E-002
   4.950000E+002   1.571283E-002
   4.960000E+002   1.576983E-002
   4.970000E+002   1.582553E-002
   4.980000E+002   1.587990E-002
   4.990000E+002   1.593288E-002
   5.000000E+002   1.598443E-002
   5.010000E+002   1.603451E-002
   5.020000E+002   1.608311E-002
   5.030000E+002   1.613023E-002
   5.040000E+002   1.617587E-002
   5.050000E+002   1.622002E-002
   5.060000E+002   1.626267E-002
   5.070000E+002   1.630384E-002
   5.080000E+002   1.634350E-002
   5.090000E+002   1.638167E-002
   5.100000E+002   1.641833E-002
   5.110000E+002   1.645348E-002
   5.120000E+002   1.648712E-002
   5.130000E+002   1.651925E-002
   5.140000E+002   1.654986E-002
   5.150000E+002   1.657895E-002
   5.160000E+002   1.660651E-002
   5.170000E+002   1.663255E-002
   5.180000E+002   1.665706E-002
   5.190000E+002   1.668004E-002
   5.200000E+002   1.670148E-002
   5.210000E+002   1.672137E-002
   5.220000E+002   1.673973E-002
   5.230000E+002   1.675654E-002
   5.240000E+002   1.677180E-002
   5.250000E+002   1.678550E-002
   5.260000E+002   1.679766E-002
   5.270000E+002   1.680825E-002
   5.280000E+002   1.681727E-002
   5.290000E+002   1.682474E-002
   5.300000E+002   1.683063E-002
   5.310000E+002   1.683495E-002
   5.320000E+002   1.683769E-002
   5.330000E+002   1.683886E-002
   5.340000E+002   1.683844E-002
   5.350000E+002   1.683644E-002
   5.360000E+002   1.683285E-002
   5.370000E+002   1.682767E-002
   5.380000E+002   1.682089E-002
   5.390000E+002   1.681252E-002
   5.400000E+002   1.680254E-002
   5.410000E+002   1.679096E-002
   5.420000E+002   1.677777E-002
   5.430000E+002   1.676296E-002
   5.440000E+002   1.674655E-002
   5.450000E+002   1.672851E-002
   5.460000E+002   1.670886E-002
   5.470000E+002   1.668758E-002
   5.480000E+002   1.666467E-002
   5.490000E+002   1.664013E-002
   5.500000E+002   1.661396E-002
   5.510000E+002   1.658615E-002
   5.520000E+002   1.655674E-002
   5.530000E+002   1.652576E-002
   5.540000E+002   1.649323E-002
   5.550000E+002   1.645919E-002
   5.560000E+002   1.642368E-002
   5.570000E+002   1.638672E-002
   5.580000E+002   1.634834E-002
   5.590000E+002   1.630858E-002
   5.600000E+002   1.626747E-002
   5.610000E+002   1.622503E-002
   5.620000E+002   1.618131E-002
   5.630000E+002   1.613633E-002
   5.640000E+002   1.609013E-002
   5.650000E+002   1.604274E-002
   5.660000E+002   1.599418E-002
   5.670000E+002   1.594449E-002
   5.680000E+002   1.589371E-002
   5.690000E+002   1.584186E-002
   5.700000E+002   1.578897E-002
   5.710000E+002   1.573509E-002
   5.720000E+002   1.568023E-002
   5.730000E+002   1.562443E-002
   5.740000E+002   1.556772E-002
   5.750000E+002   1.551014E-002
   5.760000E+002   1.545172E-002
   5.770000E+002   1.539248E-002
   5.780000E+002   1.533247E-002
   5.790000E+002   1.527170E-002
   5.800000E+002   1.521022E-002
   5.810000E+002   1.514805E-002
   5.820000E+002   1.508523E-002
   5.830000E+002   1.502179E-002
   5.840000E+002   1.495775E-002
   5.850000E+002   1.489316E-002
   5.860000E+002   1.482804E-002
   5.870000E+002   1.476243E-002
   5.880000E+002   1.469635E-002
   5.890000E+002   1.462985E-002
   5.900000E+002   1.456294E-002
   5.910000E+002   1.449567E-002
   5.920000E+002   1.442806E-002
   5.930000E+002   1.436014E-002
   5.940000E+002   1.429195E-002
   5.950000E+002   1.422352E-002
   5.960000E+002   1.415489E-002
   5.970000E+002   1.408607E-002
   5.980000E+002   1.401711E-002
   5.990000E+002   1.394804E-002
   6.000000E+002   1.387888E-002
   6.010000E+002   1.380967E-002
   6.020000E+002   1.374044E-002
   6.030000E+002   1.367122E-002
   6.040000E+002   1.360203E-002
   6.050000E+002   1.353291E-002
   6.060000E+002   1.346389E-002
   6.070000E+002   1.339498E-002
   6.080000E+002   1.332623E-002
   6.090000E+002   1.325765E-002
   6.100000E+002   1.318929E-002
   6.110000E+002   1.312116E-002
   6.120000E+002   1.305330E-002
   6.130000E+002   1.298574E-002
   6.140000E+002   1.291850E-002
   6.150000E+002   1.285162E-002
   6.160000E+002   1.278511E-002
   6.170000E+002   1.271902E-002
   6.180000E+002   1.265337E-002
   6.190000E+002   1.258818E-002
   6.200000E+002   1.252349E-002
   6.210000E+002   1.245933E-002
   6.220000E+002   1.239573E-002
   6.230000E+002   1.233271E-002
   6.240000E+002   1.227030E-002
   6.250000E+002   1.220853E-002
   6.260000E+002   1.214744E-002
   6.270000E+002   1.208704E-002
   6.280000E+002   1.202737E-002
   6.290000E+002   1.196846E-002
   6.300000E+002   1.191033E-002
   6.310000E+002   1.185302E-002
   6.320000E+002   1.179655E-002
   6.330000E+002   1.174096E-002
   6.340000E+002   1.168627E-002
   6.350000E+002   1.163250E-002
   6.360000E+002   1.157970E-002
   6.370000E+002   1.152788E-002
   6.380000E+002   1.147708E-002
   6.390000E+002   1.142732E-002
   6.400000E+002   1.137864E-002
   6.410000E+002   1.133107E-002
   6.420000E+002   1.128462E-002
   6.430000E+002   1.123934E-002
   6.440000E+002   1.119524E-002
   6.450000E+002   1.115236E-002
   6.460000E+002   1.111074E-002
   6.470000E+002   1.107038E-002
   6.480000E+002   1.103133E-002
   6.490000E+002   1.099362E-002
   6.500000E+002   1.095727E-002
   6.510000E+002   1.092230E-002
   6.520000E+002   1.088872E-002
   6.530000E+002   1.085653E-002
   6.540000E+002   1.082572E-002
   6.550000E+002   1.079628E-002
   6.560000E+002   1.076822E-002
   6.570000E+002   1.074152E-002
   6.580000E+002   1.071620E-002
   6.590000E+002   1.069223E-002
   6.600000E+002   1.066962E-002
   6.610000E+002   1.064837E-002
   6.620000E+002   1.062846E-002
   6.630000E+002   1.060991E-002
   6.640000E+002   1.059270E-002
   6.650000E+002   1.057682E-002
   6.660000E+002   1.056229E-002
   6.670000E+002   1.054908E-002
   6.680000E+002   1.053721E-002
   6.690000E+002   1.052666E-002
   6.700000E+002   1.051743E-002
   6.710000E+002   1.050952E-002
   6.720000E+002   1.050292E-002
   6.730000E+002   1.049763E-002
   6.740000E+002   1.049365E-002
   6.750000E+002   1.049098E-002
   6.760000E+002   1.048960E-002
   6.770000E+002   1.048952E-002
   6.780000E+002   1.049072E-002
   6.790000E+002   1.049322E-002
   6.800000E+002   1.049700E-002
   6.810000E+002   1.050206E-002
   6.820000E+002   1.050840E-002
   6.830000E+002   1.051602E-002
   6.840000E+002   1.052490E-002
   6.850000E+002   1.053505E-002
   6.860000E+002   1.054646E-002
   6.870000E+002   1.055912E-002
   6.880000E+002   1.057305E-002
   6.890000E+002   1.058822E-002
   6.900000E+002   1.060464E-002
   6.910000E+002   1.062231E-002
   6.920000E+002   1.064121E-002
   6.930000E+002   1.066136E-002
   6.940000E+002   1.068273E-002
   6.950000E+002   1.070534E-002
   6.960000E+002   1.072916E-002
   6.970000E+002   1.075421E-002
   6.980000E+002   1.078048E-002
   6.990000E+002   1.080797E-002
   7.000000E+002   1.083666E-002
   7.010000E+002   1.086655E-002
   7.020000E+002   1.089763E-002
   7.030000E+002   1.092985E-002
   7.040000E+002   1.096320E-002
   7.050000E+002   1.099764E-002
   7.060000E+002   1.103315E-002
   7.070000E+002   1.106970E-002
   7.080000E+002   1.110725E-002
   7.090000E+002   1.114579E-002
   7.100000E+002   1.118528E-002
   7.110000E+002   1.122570E-002
   7.120000E+002   1.126701E-002
   7.130000E+002   1.130920E-002
   7.140000E+002   1.135222E-002
   7.150000E+002   1.139606E-002
   7.160000E+002   1.144068E-002
   7.170000E+002   1.148606E-002
   7.180000E+002   1.153217E-002
   7.190000E+002   1.157898E-002
   7.200000E+002   1.162647E-002
   7.210000E+002   1.167459E-002
   7.220000E+002   1.172333E-002
   7.230000E+002   1.177267E-002
   7.240000E+002   1.182256E-002
   7.250000E+002   1.187298E-002
   7.260000E+002   1.192391E-002
   7.270000E+002   1.197531E-002
   7.280000E+002   1.202716E-002
   7.290000E+002   1.207943E-002
   7.300000E+002   1.213209E-002
   7.310000E+002   1.218511E-002
   7.320000E+002   1.223847E-002
   7.330000E+002   1.229214E-002
   7.340000E+002   1.234608E-002
   7.350000E+002   1.240028E-002
   7.360000E+002   1.245470E-002
   7.370000E+002   1.250931E-002
   7.380000E+002   1.256409E-002
   7.390000E+002   1.261900E-002
   7.400000E+002   1.267403E-002
   7.410000E+002   1.272914E-002
   7.420000E+002   1.278430E-002
   7.430000E+002   1.283949E-002
   7.440000E+002   1.289468E-002
   7.450000E+002   1.294984E-002
   7.460000E+002   1.300493E-002
   7.470000E+002   1.305994E-002
   7.480000E+002   1.311484E-002
   7.490000E+002   1.316959E-002
   7.500000E+002   1.322418E-002
   7.510000E+002   1.327856E-002
   7.520000E+002   1.333272E-002
   7.530000E+002   1.338664E-002
   7.540000E+002   1.344028E-002
   7.550000E+002   1.349364E-002
   7.560000E+002   1.354668E-002
   7.570000E+002   1.359938E-002
   7.580000E+002   1.365172E-002
   7.590000E+002   1.370367E-002
   7.600000E+002   1.375521E-002
   7.610000E+002   1.380633E-002
   7.620000E+002   1.385699E-002
   7.630000E+002   1.390717E-002
   7.640000E+002   1.395685E-002
   7.650000E+002   1.400600E-002
   7.660000E+002   1.405461E-002
   7.670000E+002   1.410265E-002
   7.680000E+002   1.415009E-002
   7.690000E+002   1.419691E-002
   7.700000E+002   1.424310E-002
   7.710000E+002   1.428862E-002
   7.720000E+002   1.433345E-002
   7.730000E+002   1.437758E-002
   7.740000E+002   1.442097E-002
   7.750000E+002   1.446360E-002
   7.760000E+002   1.450545E-002
   7.770000E+002   1.454650E-002
   7.780000E+002   1.458672E-002
   7.790000E+002   1.462610E-002
   7.800000E+002   1.466460E-002
   7.810000E+002   1.470220E-002
   7.820000E+002   1.473889E-002
   7.830000E+002   1.477463E-002
   7.840000E+002   1.480940E-002
   7.850000E+002   1.484319E-002
   7.860000E+002   1.487596E-002
   7.870000E+002   1.490770E-002
   7.880000E+002   1.493838E-002
   7.890000E+002   1.496798E-002
   7.900000E+002   1.499647E-002
   7.910000E+002   1.502384E-002
   7.920000E+002   1.505005E-002
   7.930000E+002   1.507509E-002
   7.940000E+002   1.509893E-002
   7.950000E+002   1.512154E-002
   7.960000E+002   1.514292E-002
   7.970000E+002   1.516302E-002
   7.980000E+002   1.518184E-002
   7.990000E+002   1.519934E-002
   8.000000E+002   1.521550E-002
   8.010000E+002   1.523030E-002
   8.020000E+002   1.524375E-002
   8.030000E+002   1.525585E-002
   8.040000E+002   1.526660E-002
   8.050000E+002   1.527600E-002
   8.060000E+002   1.528407E-002
   8.070000E+002   1.529080E-002
   8.080000E+002   1.529620E-002
   8.090000E+002   1.530027E-002
   8.100000E+002   1.530302E-002
   8.110000E+002   1.530446E-002
   8.120000E+002   1.530458E-002
   8.130000E+002   1.530339E-002
   8.140000E+002   1.530090E-002
   8.150000E+002   1.529710E-002
   8.160000E+002   1.529202E-002
   8.170000E+002   1.528563E-002
   8.180000E+002   1.527797E-002
   8.190000E+002   1.526901E-002
   8.200000E+002   1.525878E-002
   8.210000E+002   1.524728E-002
   8.220000E+002   1.523450E-002
   8.230000E+002   1.522046E-002
   8.240000E+002   1.520516E-002
   8.250000E+002   1.518860E-002
   8.260000E+002   1.517079E-002
   8.270000E+002   1.515173E-002
   8.280000E+002   1.513142E-002
   8.290000E+002   1.510987E-002
   8.300000E+002   1.508709E-002
   8.310000E+002   1.506308E-002
   8.320000E+002   1.503784E-002
   8.330000E+002   1.501138E-002
   8.340000E+002   1.498370E-002
   8.350000E+002   1.495481E-002
   8.360000E+002   1.492470E-002
   8.370000E+002   1.489339E-002
   8.380000E+002   1.486088E-002
   8.390000E+002   1.482717E-002
   8.400000E+002   1.479227E-002
   8.410000E+002   1.475619E-002
   8.420000E+002   1.471892E-002
   8.430000E+002   1.468046E-002
   8.440000E+002   1.464084E-002
   8.450000E+002   1.460004E-002
   8.460000E+002   1.455808E-002
   8.470000E+002   1.451495E-002
   8.480000E+002   1.447067E-002
   8.490000E+002   1.442523E-002
   8.500000E+002   1.437865E-002
   8.510000E+002   1.433092E-002
   8.520000E+002   1.428207E-002
   8.530000E+002   1.423212E-002
   8.540000E+002   1.418111E-002
   8.550000E+002   1.412904E-002
   8.560000E+002   1.407594E-002
   8.570000E+002   1.402185E-002
   8.580000E+002   1.396678E-002
   8.590000E+002   1.391075E-002
   8.600000E+002   1.385380E-002
   8.610000E+002   1.379594E-002
   8.620000E+002   1.373719E-002
   8.630000E+002   1.367759E-002
   8.640000E+002   1.361716E-002
   8.650000E+002   1.355592E-002
   8.660000E+002   1.349389E-002
   8.670000E+002   1.343109E-002
   8.680000E+002   1.336756E-002
   8.690000E+002   1.330332E-002
   8.700000E+002   1.323838E-002
   8.710000E+002   1.317278E-002
   8.720000E+002   1.310654E-002
   8.730000E+002   1.303968E-002
   8.740000E+002   1.297222E-002
   8.750000E+002   1.290419E-002
   8.760000E+002   1.283562E-002
   8.770000E+002   1.276652E-002
   8.780000E+002   1.269692E-002
   8.790000E+002   1.262685E-002
   8.800000E+002   1.255633E-002
   8.810000E+002   1.248538E-002
   8.820000E+002   1.241403E-002
   8.830000E+002   1.234230E-002
   8.840000E+002   1.227021E-002
   8.850000E+002   1.219779E-002
   8.860000E+002   1.212507E-002
   8.870000E+002   1.205206E-002
   8.880000E+002   1.197879E-002
   8.890000E+002   1.190528E-002
   8.900000E+002   1.183157E-002
   8.910000E+002   1.175766E-002
   8.920000E+002   1.168359E-002
   8.930000E+002   1.160938E-002
   8.940000E+002   1.153506E-002
   8.950000E+002   1.146064E-002
   8.960000E+002   1.138616E-002
   8.970000E+002   1.131163E-002
   8.980000E+002   1.123708E-002
   8.990000E+002   1.116253E-002
   9.000000E+002   1.108801E-002
   9.010000E+002   1.101354E-002
   9.020000E+002   1.093915E-002
   9.030000E+002   1.086484E-002
   9.040000E+002   1.079064E-002
   9.050000E+002   1.071657E-002
   9.060000E+002   1.064264E-002
   9.070000E+002   1.056888E-002
   9.080000E+002   1.049531E-002
   9.090000E+002   1.042194E-002
   9.100000E+002   1.034880E-002
   9.110000E+002   1.027590E-002
   9.120000E+002   1.020325E-002
   9.130000E+002   1.013090E-002
   9.140000E+002   1.005884E-002
   9.150000E+002   9.987096E-003
   9.160000E+002   9.915694E-003
   9.170000E+002   9.844650E-003
   9.180000E+002   9.773983E-003
   9.190000E+002   9.703711E-003
   9.200000E+002   9.633854E-003
   9.210000E+002   9.564432E-003
   9.220000E+002   9.495462E-003
   9.230000E+002   9.426965E-003
   9.240000E+002   9.358959E-003
   9.250000E+002   9.291464E-003
   9.260000E+002   9.224499E-003
   9.270000E+002   9.158082E-003
   9.280000E+002   9.092233E-003
   9.290000E+002   9.026972E-003
   9.300000E+002   8.962317E-003
   9.310000E+002   8.898287E-003
   9.320000E+002   8.834901E-003
   9.330000E+002   8.772180E-003
   9.340000E+002   8.710141E-003
   9.350000E+002   8.648804E-003
   9.360000E+002   8.588188E-003
   9.370000E+002   8.528313E-003
   9.380000E+002   8.469196E-003
   9.390000E+002   8.410858E-003
   9.400000E+002   8.353318E-003
   9.410000E+002   8.296594E-003
   9.420000E+002   8.240707E-003
   9.430000E+002   8.185674E-003
   9.440000E+002   8.131515E-003
   9.450000E+002   8.078250E-003
   9.460000E+002   8.025897E-003
   9.470000E+002   7.974476E-003
   9.480000E+002   7.924005E-003
   9.490000E+002   7.874504E-003
   9.500000E+002   7.825992E-003
   9.510000E+002   7.778485E-003
   9.520000E+002   7.731984E-003
   9.530000E+002   7.686488E-003
   9.540000E+002   7.641996E-003
   9.550000E+002   7.598506E-003
   9.560000E+002   7.556017E-003
   9.570000E+002   7.514526E-003
   9.580000E+002   7.474033E-003
   9.590000E+002   7.434537E-003
   9.600000E+002   7.396034E-003
   9.610000E+002   7.358525E-003
   9.620000E+002   7.322008E-003
   9.630000E+002   7.286480E-003
   9.640000E+002   7.251941E-003
   9.650000E+002   7.218389E-003
   9.660000E+002   7.185823E-003
   9.670000E+002   7.154241E-003
   9.680000E+002   7.123641E-003
   9.690000E+002   7.094022E-003
   9.700000E+002   7.065383E-003
   9.710000E+002   7.037722E-003
   9.720000E+002   7.011038E-003
   9.730000E+002   6.985329E-003
   9.740000E+002   6.960593E-003
   9.750000E+002   6.936829E-003
   9.760000E+002   6.914036E-003
   9.770000E+002   6.892212E-003
   9.780000E+002   6.871356E-003
   9.790000E+002   6.851465E-003
   9.800000E+002   6.832540E-003
   9.810000E+002   6.814577E-003
   9.820000E+002   6.797576E-003
   9.830000E+002   6.781535E-003
   9.840000E+002   6.766452E-003
   9.850000E+002   6.752327E-003
   9.860000E+002   6.739157E-003
   9.870000E+002   6.726941E-003
   9.880000E+002   6.715678E-003
   9.890000E+002   6.705365E-003
   9.900000E+002   6.696003E-003
   9.910000E+002   6.687588E-003
   9.920000E+002   6.680120E-003
   9.930000E+002   6.673598E-003
   9.940000E+002   6.668018E-003
   9.950000E+002   6.663381E-003
   9.960000E+002   6.659684E-003
   9.970000E+002   6.656927E-003
   9.980000E+002   6.655107E-003
   9.990000E+002   6.654223E-003
   1.000000E+003   6.654274E-003
   1.001000E+003   6.655255E-003
   1.002000E+003   6.657152E-003
   1.003000E+003   6.659947E-003
   1.004000E+003   6.663623E-003
   1.005000E+003   6.668163E-003
   1.006000E+003   6.673549E-003
   1.007000E+003   6.679765E-003
   1.008000E+003   6.686792E-003
   1.009000E+003   6.694613E-003
   1.010000E+003   6.703211E-003
   1.011000E+003   6.712569E-003
   1.012000E+003   6.722669E-003
   1.013000E+003   6.733494E-003
   1.014000E+003   6.745026E-003
   1.015000E+003   6.757249E-003
   1.016000E+003   6.770145E-003
   1.017000E+003   6.783696E-003
   1.018000E+003   6.797885E-003
   1.019000E+003   6.812695E-003
   1.020000E+003   6.828109E-003
   1.021000E+003   6.844109E-003
   1.022000E+003   6.860677E-003
   1.023000E+003   6.877797E-003
   1.024000E+003   6.895452E-003
   1.025000E+003   6.913623E-003
   1.026000E+003   6.932293E-003
   1.027000E+003   6.951445E-003
   1.028000E+003   6.971062E-003
   1.029000E+003   6.991127E-003
   1.030000E+003   7.011621E-003
   1.031000E+003   7.032528E-003
   1.032000E+003   7.053831E-003
   1.033000E+003   7.075511E-003
   1.034000E+003   7.097552E-003
   1.035000E+003   7.119937E-003
   1.036000E+003   7.142647E-003
   1.037000E+003   7.165666E-003
   1.038000E+003   7.188976E-003
   1.039000E+003   7.212560E-003
   1.040000E+003   7.236400E-003
   1.041000E+003   7.260480E-003
   1.042000E+003   7.284782E-003
   1.043000E+003   7.309288E-003
   1.044000E+003   7.333981E-003
   1.045000E+003   7.358844E-003
   1.046000E+003   7.383860E-003
   1.047000E+003   7.409011E-003
   1.048000E+003   7.434279E-003
   1.049000E+003   7.459648E-003
   1.050000E+003   7.485100E-003
   1.051000E+003   7.510618E-003
   1.052000E+003   7.536187E-003
   1.053000E+003   7.561793E-003
   1.054000E+003   7.587421E-003
   1.055000E+003   7.613056E-003
   1.056000E+003   7.638684E-003
   1.057000E+003   7.664289E-003
   1.058000E+003   7.689858E-003
   1.059000E+003   7.715376E-003
   1.060000E+003   7.740828E-003
   1.061000E+003   7.766200E-003
   1.062000E+003   7.791476E-003
   1.063000E+003   7.816643E-003
   1.064000E+003   7.841686E-003
   1.065000E+003   7.866590E-003
   1.066000E+003   7.891340E-003
   1.067000E+003   7.915922E-003
   1.068000E+003   7.940321E-003
   1.069000E+003   7.964523E-003
   1.070000E+003   7.988513E-003
   1.071000E+003   8.012276E-003
   1.072000E+003   8.035798E-003
   1.073000E+003   8.059065E-003
   1.074000E+003   8.082061E-003
   1.075000E+003   8.104771E-003
   1.076000E+003   8.127183E-003
   1.077000E+003   8.149279E-003
   1.078000E+003   8.171047E-003
   1.079000E+003   8.192472E-003
   1.080000E+003   8.213538E-003
   1.081000E+003   8.234231E-003
   1.082000E+003   8.254537E-003
   1.083000E+003   8.274441E-003
   1.084000E+003   8.293929E-003
   1.085000E+003   8.312985E-003
   1.086000E+003   8.331595E-003
   1.087000E+003   8.349745E-003
   1.088000E+003   8.367420E-003
   1.089000E+003   8.384605E-003
   1.090000E+003   8.401285E-003
   1.091000E+003   8.417447E-003
   1.092000E+003   8.433075E-003
   1.093000E+003   8.448156E-003
   1.094000E+003   8.462673E-003
   1.095000E+003   8.476613E-003
   1.096000E+003   8.489961E-003
   1.097000E+003   8.502702E-003
   1.098000E+003   8.514822E-003
   1.099000E+003   8.526306E-003
   1.100000E+003   8.537139E-003
   1.101000E+003   8.547311E-003
   1.102000E+003   8.556818E-003
   1.103000E+003   8.565663E-003
   1.104000E+003   8.573847E-003
   1.105000E+003   8.581372E-003
   1.106000E+003   8.588238E-003
   1.107000E+003   8.594448E-003
   1.108000E+003   8.600002E-003
   1.109000E+003   8.604903E-003
   1.110000E+003   8.609150E-003
   1.111000E+003   8.612747E-003
   1.112000E+003   8.615694E-003
   1.113000E+003   8.617992E-003
   1.114000E+003   8.619643E-003
   1.115000E+003   8.620649E-003
   1.116000E+003   8.621010E-003
   1.117000E+003   8.620728E-003
   1.118000E+003   8.619805E-003
   1.119000E+003   8.618242E-003
   1.120000E+003   8.616040E-003
   1.121000E+003   8.613201E-003
   1.122000E+003   8.609726E-003
   1.123000E+003   8.605616E-003
   1.124000E+003   8.600873E-003
   1.125000E+003   8.595499E-003
   1.126000E+003   8.589494E-003
   1.127000E+003   8.582860E-003
   1.128000E+003   8.575598E-003
   1.129000E+003   8.567710E-003
   1.130000E+003   8.559198E-003
   1.131000E+003   8.550062E-003
   1.132000E+003   8.540304E-003
   1.133000E+003   8.529925E-003
   1.134000E+003   8.518927E-003
   1.135000E+003   8.507312E-003
   1.136000E+003   8.495079E-003
   1.137000E+003   8.482232E-003
   1.138000E+003   8.468771E-003
   1.139000E+003   8.454698E-003
   1.140000E+003   8.440013E-003
   1.141000E+003   8.424720E-003
   1.142000E+003   8.408818E-003
   1.143000E+003   8.392309E-003
   1.144000E+003   8.375195E-003
   1.145000E+003   8.357477E-003
   1.146000E+003   8.339156E-003
   1.147000E+003   8.320234E-003
   1.148000E+003   8.300713E-003
   1.149000E+003   8.280593E-003
   1.150000E+003   8.259876E-003
   1.151000E+003   8.238565E-003
   1.152000E+003   8.216670E-003
   1.153000E+003   8.194204E-003
   1.154000E+003   8.171177E-003
   1.155000E+003   8.147603E-003
   1.156000E+003   8.123493E-003
   1.157000E+003   8.098858E-003
   1.158000E+003   8.073711E-003
   1.159000E+003   8.048064E-003
   1.160000E+003   8.021928E-003
   1.161000E+003   7.995316E-003
   1.162000E+003   7.968240E-003
   1.163000E+003   7.940710E-003
   1.164000E+003   7.912740E-003
   1.165000E+003   7.884341E-003
   1.166000E+003   7.855525E-003
   1.167000E+003   7.826304E-003
   1.168000E+003   7.796690E-003
   1.169000E+003   7.766695E-003
   1.170000E+003   7.736330E-003
   1.171000E+003   7.705608E-003
   1.172000E+003   7.674541E-003
   1.173000E+003   7.643140E-003
   1.174000E+003   7.611417E-003
   1.175000E+003   7.579385E-003
   1.176000E+003   7.547055E-003
   1.177000E+003   7.514439E-003
   1.178000E+003   7.481548E-003
   1.179000E+003   7.448396E-003
   1.180000E+003   7.414994E-003
   1.181000E+003   7.381353E-003
   1.182000E+003   7.347486E-003
   1.183000E+003   7.313405E-003
   1.184000E+003   7.279121E-003
   1.185000E+003   7.244647E-003
   1.186000E+003   7.209994E-003
   1.187000E+003   7.175174E-003
   1.188000E+003   7.140199E-003
   1.189000E+003   7.105081E-003
   1.190000E+003   7.069832E-003
   1.191000E+003   7.034464E-003
   1.192000E+003   6.998989E-003
   1.193000E+003   6.963419E-003
   1.194000E+003   6.927765E-003
   1.195000E+003   6.892039E-003
   1.196000E+003   6.856255E-003
   1.197000E+003   6.820422E-003
   1.198000E+003   6.784554E-003
   1.199000E+003   6.748662E-003
   1.200000E+003   6.712758E-003
