   1.000000E+000   1.864844E-002
   2.000000E+000   2.330546E-002
   3.000000E+000   2.796249E-002
   4.000000E+000   2.817425E-002
   5.000000E+000   2.772142E-002
   6.000000E+000   2.754716E-002
   7.000000E+000   2.736239E-002
   8.000000E+000   2.716937E-002
   9.000000E+000   2.702499E-002
   1.000000E+001   2.691335E-002
   1.100000E+001   2.680681E-002
   1.200000E+001   2.670347E-002
   1.300000E+001   2.660660E-002
   1.400000E+001   2.651440E-002
   1.500000E+001   2.642377E-002
   1.600000E+001   2.633212E-002
   1.700000E+001   2.623871E-002
   1.800000E+001   2.614331E-002
   1.900000E+001   2.604570E-002
   2.000000E+001   2.594561E-002
   2.100000E+001   2.584290E-002
   2.200000E+001   2.573762E-002
   2.300000E+001   2.562995E-002
   2.400000E+001   2.552002E-002
   2.500000E+001   2.540798E-002
   2.600000E+001   2.529398E-002
   2.700000E+001   2.517817E-002
   2.800000E+001   2.506070E-002
   2.900000E+001   2.494171E-002
   3.000000E+001   2.482137E-002
   3.100000E+001   2.469981E-002
   3.200000E+001   2.457727E-002
   3.300000E+001   2.445397E-002
   3.400000E+001   2.433014E-002
   3.500000E+001   2.420599E-002
   3.600000E+001   2.408177E-002
   3.700000E+001   2.395770E-002
   3.800000E+001   2.383400E-002
   3.900000E+001   2.371090E-002
   4.000000E+001   2.358864E-002
   4.100000E+001   2.346742E-002
   4.200000E+001   2.334749E-002
   4.300000E+001   2.322903E-002
   4.400000E+001   2.311229E-002
   4.500000E+001   2.299745E-002
   4.600000E+001   2.288475E-002
   4.700000E+001   2.277439E-002
   4.800000E+001   2.266660E-002
   4.900000E+001   2.256158E-002
   5.000000E+001   2.245955E-002
   5.100000E+001   2.236071E-002
   5.200000E+001   2.226525E-002
   5.300000E+001   2.217331E-002
   5.400000E+001   2.208508E-002
   5.500000E+001   2.200070E-002
   5.600000E+001   2.192035E-002
   5.700000E+001   2.184419E-002
   5.800000E+001   2.177238E-002
   5.900000E+001   2.170508E-002
   6.000000E+001   2.164247E-002
   6.100000E+001   2.158470E-002
   6.200000E+001   2.153190E-002
   6.300000E+001   2.148422E-002
   6.400000E+001   2.144179E-002
   6.500000E+001   2.140474E-002
   6.600000E+001   2.137321E-002
   6.700000E+001   2.134733E-002
   6.800000E+001   2.132723E-002
   6.900000E+001   2.131306E-002
   7.000000E+001   2.130495E-002
   7.100000E+001   2.130301E-002
   7.200000E+001   2.130734E-002
   7.300000E+001   2.131802E-002
   7.400000E+001   2.133512E-002
   7.500000E+001   2.135872E-002
   7.600000E+001   2.138889E-002
   7.700000E+001   2.142572E-002
   7.800000E+001   2.146928E-002
   7.900000E+001   2.151964E-002
   8.000000E+001   2.157689E-002
   8.100000E+001   2.164110E-002
   8.200000E+001   2.171230E-002
   8.300000E+001   2.179052E-002
   8.400000E+001   2.187580E-002
   8.500000E+001   2.196817E-002
   8.600000E+001   2.206765E-002
   8.700000E+001   2.217428E-002
   8.800000E+001   2.228808E-002
   8.900000E+001   2.240910E-002
   9.000000E+001   2.253735E-002
   9.100000E+001   2.267287E-002
   9.200000E+001   2.281564E-002
   9.300000E+001   2.296565E-002
   9.400000E+001   2.312287E-002
   9.500000E+001   2.328730E-002
   9.600000E+001   2.345892E-002
   9.700000E+001   2.363770E-002
   9.800000E+001   2.382363E-002
   9.900000E+001   2.401671E-002
   1.000000E+002   2.421689E-002
   1.010000E+002   2.442417E-002
   1.020000E+002   2.463847E-002
   1.030000E+002   2.485971E-002
   1.040000E+002   2.508780E-002
   1.050000E+002   2.532267E-002
   1.060000E+002   2.556423E-002
   1.070000E+002   2.581241E-002
   1.080000E+002   2.606711E-002
   1.090000E+002   2.632827E-002
   1.100000E+002   2.659580E-002
   1.110000E+002   2.686962E-002
   1.120000E+002   2.714964E-002
   1.130000E+002   2.743578E-002
   1.140000E+002   2.772798E-002
   1.150000E+002   2.802613E-002
   1.160000E+002   2.833016E-002
   1.170000E+002   2.864000E-002
   1.180000E+002   2.895555E-002
   1.190000E+002   2.927674E-002
   1.200000E+002   2.960349E-002
   1.210000E+002   2.993570E-002
   1.220000E+002   3.027323E-002
   1.230000E+002   3.061592E-002
   1.240000E+002   3.096361E-002
   1.250000E+002   3.131616E-002
   1.260000E+002   3.167340E-002
   1.270000E+002   3.203517E-002
   1.280000E+002   3.240132E-002
   1.290000E+002   3.277170E-002
   1.300000E+002   3.314615E-002
   1.310000E+002   3.352451E-002
   1.320000E+002   3.390662E-002
   1.330000E+002   3.429233E-002
   1.340000E+002   3.468149E-002
   1.350000E+002   3.507393E-002
   1.360000E+002   3.546950E-002
   1.370000E+002   3.586804E-002
   1.380000E+002   3.626940E-002
   1.390000E+002   3.667342E-002
   1.400000E+002   3.707995E-002
   1.410000E+002   3.748882E-002
   1.420000E+002   3.789986E-002
   1.430000E+002   3.831288E-002
   1.440000E+002   3.872771E-002
   1.450000E+002   3.914417E-002
   1.460000E+002   3.956208E-002
   1.470000E+002   3.998125E-002
   1.480000E+002   4.040151E-002
   1.490000E+002   4.082268E-002
   1.500000E+002   4.124457E-002
   1.510000E+002   4.166701E-002
   1.520000E+002   4.208982E-002
   1.530000E+002   4.251281E-002
   1.540000E+002   4.293581E-002
   1.550000E+002   4.335863E-002
   1.560000E+002   4.378109E-002
   1.570000E+002   4.420303E-002
   1.580000E+002   4.462424E-002
   1.590000E+002   4.504456E-002
   1.600000E+002   4.546381E-002
   1.610000E+002   4.588180E-002
   1.620000E+002   4.629837E-002
   1.630000E+002   4.671336E-002
   1.640000E+002   4.712658E-002
   1.650000E+002   4.753789E-002
   1.660000E+002   4.794712E-002
   1.670000E+002   4.835409E-002
   1.680000E+002   4.875865E-002
   1.690000E+002   4.916062E-002
   1.700000E+002   4.955984E-002
   1.710000E+002   4.995615E-002
   1.720000E+002   5.034938E-002
   1.730000E+002   5.073936E-002
   1.740000E+002   5.112593E-002
   1.750000E+002   5.150892E-002
   1.760000E+002   5.188816E-002
   1.770000E+002   5.226349E-002
   1.780000E+002   5.263475E-002
   1.790000E+002   5.300177E-002
   1.800000E+002   5.336437E-002
   1.810000E+002   5.372241E-002
   1.820000E+002   5.407574E-002
   1.830000E+002   5.442424E-002
   1.840000E+002   5.476778E-002
   1.850000E+002   5.510623E-002
   1.860000E+002   5.543945E-002
   1.870000E+002   5.576733E-002
   1.880000E+002   5.608972E-002
   1.890000E+002   5.640650E-002
   1.900000E+002   5.671754E-002
   1.910000E+002   5.702272E-002
   1.920000E+002   5.732189E-002
   1.930000E+002   5.761494E-002
   1.940000E+002   5.790173E-002
   1.950000E+002   5.818213E-002
   1.960000E+002   5.845602E-002
   1.970000E+002   5.872326E-002
   1.980000E+002   5.898372E-002
   1.990000E+002   5.923728E-002
   2.000000E+002   5.948381E-002
   2.010000E+002   5.972318E-002
   2.020000E+002   5.995534E-002
   2.030000E+002   6.018022E-002
   2.040000E+002   6.039778E-002
   2.050000E+002   6.060795E-002
   2.060000E+002   6.081068E-002
   2.070000E+002   6.100593E-002
   2.080000E+002   6.119363E-002
   2.090000E+002   6.137372E-002
   2.100000E+002   6.154616E-002
   2.110000E+002   6.171090E-002
   2.120000E+002   6.186786E-002
   2.130000E+002   6.201701E-002
   2.140000E+002   6.215828E-002
   2.150000E+002   6.229163E-002
   2.160000E+002   6.241699E-002
   2.170000E+002   6.253431E-002
   2.180000E+002   6.264354E-002
   2.190000E+002   6.274462E-002
   2.200000E+002   6.283750E-002
   2.210000E+002   6.292213E-002
   2.220000E+002   6.299844E-002
   2.230000E+002   6.306639E-002
   2.240000E+002   6.312592E-002
   2.250000E+002   6.317697E-002
   2.260000E+002   6.321951E-002
   2.270000E+002   6.325357E-002
   2.280000E+002   6.327921E-002
   2.290000E+002   6.329647E-002
   2.300000E+002   6.330541E-002
   2.310000E+002   6.330608E-002
   2.320000E+002   6.329853E-002
   2.330000E+002   6.328281E-002
   2.340000E+002   6.325898E-002
   2.350000E+002   6.322708E-002
   2.360000E+002   6.318718E-002
   2.370000E+002   6.313931E-002
   2.380000E+002   6.308354E-002
   2.390000E+002   6.301990E-002
   2.400000E+002   6.294847E-002
   2.410000E+002   6.286928E-002
   2.420000E+002   6.278239E-002
   2.430000E+002   6.268785E-002
   2.440000E+002   6.258572E-002
   2.450000E+002   6.247604E-002
   2.460000E+002   6.235887E-002
   2.470000E+002   6.223425E-002
   2.480000E+002   6.210225E-002
   2.490000E+002   6.196290E-002
   2.500000E+002   6.181627E-002
   2.510000E+002   6.166242E-002
   2.520000E+002   6.150144E-002
   2.530000E+002   6.133344E-002
   2.540000E+002   6.115852E-002
   2.550000E+002   6.097681E-002
   2.560000E+002   6.078839E-002
   2.570000E+002   6.059339E-002
   2.580000E+002   6.039190E-002
   2.590000E+002   6.018404E-002
   2.600000E+002   5.996992E-002
   2.610000E+002   5.974963E-002
   2.620000E+002   5.952329E-002
   2.630000E+002   5.929101E-002
   2.640000E+002   5.905289E-002
   2.650000E+002   5.880904E-002
   2.660000E+002   5.855958E-002
   2.670000E+002   5.830459E-002
   2.680000E+002   5.804420E-002
   2.690000E+002   5.777851E-002
   2.700000E+002   5.750763E-002
   2.710000E+002   5.723166E-002
   2.720000E+002   5.695072E-002
   2.730000E+002   5.666491E-002
   2.740000E+002   5.637434E-002
   2.750000E+002   5.607911E-002
   2.760000E+002   5.577935E-002
   2.770000E+002   5.547520E-002
   2.780000E+002   5.516683E-002
   2.790000E+002   5.485441E-002
   2.800000E+002   5.453809E-002
   2.810000E+002   5.421804E-002
   2.820000E+002   5.389442E-002
   2.830000E+002   5.356740E-002
   2.840000E+002   5.323714E-002
   2.850000E+002   5.290380E-002
   2.860000E+002   5.256754E-002
   2.870000E+002   5.222854E-002
   2.880000E+002   5.188694E-002
   2.890000E+002   5.154292E-002
   2.900000E+002   5.119664E-002
   2.910000E+002   5.084825E-002
   2.920000E+002   5.049794E-002
   2.930000E+002   5.014585E-002
   2.940000E+002   4.979215E-002
   2.950000E+002   4.943700E-002
   2.960000E+002   4.908057E-002
   2.970000E+002   4.872303E-002
   2.980000E+002   4.836452E-002
   2.990000E+002   4.800522E-002
   3.000000E+002   4.764529E-002
   3.010000E+002   4.728489E-002
   3.020000E+002   4.692415E-002
   3.030000E+002   4.656319E-002
   3.040000E+002   4.620215E-002
   3.050000E+002   4.584114E-002
   3.060000E+002   4.548030E-002
   3.070000E+002   4.511975E-002
   3.080000E+002   4.475962E-002
   3.090000E+002   4.440003E-002
   3.100000E+002   4.404111E-002
   3.110000E+002   4.368299E-002
   3.120000E+002   4.332580E-002
   3.130000E+002   4.296965E-002
   3.140000E+002   4.261468E-002
   3.150000E+002   4.226102E-002
   3.160000E+002   4.190878E-002
   3.170000E+002   4.155810E-002
   3.180000E+002   4.120910E-002
   3.190000E+002   4.086191E-002
   3.200000E+002   4.051666E-002
   3.210000E+002   4.017347E-002
   3.220000E+002   3.983246E-002
   3.230000E+002   3.949377E-002
   3.240000E+002   3.915752E-002
   3.250000E+002   3.882384E-002
   3.260000E+002   3.849285E-002
   3.270000E+002   3.816468E-002
   3.280000E+002   3.783946E-002
   3.290000E+002   3.751732E-002
   3.300000E+002   3.719837E-002
   3.310000E+002   3.688275E-002
   3.320000E+002   3.657058E-002
   3.330000E+002   3.626199E-002
   3.340000E+002   3.595710E-002
   3.350000E+002   3.565605E-002
   3.360000E+002   3.535895E-002
   3.370000E+002   3.506594E-002
   3.380000E+002   3.477714E-002
   3.390000E+002   3.449268E-002
   3.400000E+002   3.421268E-002
   3.410000E+002   3.393728E-002
   3.420000E+002   3.366659E-002
   3.430000E+002   3.340074E-002
   3.440000E+002   3.313986E-002
   3.450000E+002   3.288408E-002
   3.460000E+002   3.263352E-002
   3.470000E+002   3.238832E-002
   3.480000E+002   3.214858E-002
   3.490000E+002   3.191445E-002
   3.500000E+002   3.168605E-002
   3.510000E+002   3.146348E-002
   3.520000E+002   3.124675E-002
   3.530000E+002   3.103586E-002
   3.540000E+002   3.083079E-002
   3.550000E+002   3.063154E-002
   3.560000E+002   3.043810E-002
   3.570000E+002   3.025044E-002
   3.580000E+002   3.006858E-002
   3.590000E+002   2.989249E-002
   3.600000E+002   2.972216E-002
   3.610000E+002   2.955759E-002
   3.620000E+002   2.939877E-002
   3.630000E+002   2.924568E-002
   3.640000E+002   2.909831E-002
   3.650000E+002   2.895667E-002
   3.660000E+002   2.882072E-002
   3.670000E+002   2.869048E-002
   3.680000E+002   2.856591E-002
   3.690000E+002   2.844703E-002
   3.700000E+002   2.833381E-002
   3.710000E+002   2.822624E-002
   3.720000E+002   2.812432E-002
   3.730000E+002   2.802804E-002
   3.740000E+002   2.793738E-002
   3.750000E+002   2.785234E-002
   3.760000E+002   2.777291E-002
   3.770000E+002   2.769907E-002
   3.780000E+002   2.763081E-002
   3.790000E+002   2.756813E-002
   3.800000E+002   2.751102E-002
   3.810000E+002   2.745947E-002
   3.820000E+002   2.741346E-002
   3.830000E+002   2.737299E-002
   3.840000E+002   2.733804E-002
   3.850000E+002   2.730861E-002
   3.860000E+002   2.728468E-002
   3.870000E+002   2.726626E-002
   3.880000E+002   2.725332E-002
   3.890000E+002   2.724585E-002
   3.900000E+002   2.724385E-002
   3.910000E+002   2.724731E-002
   3.920000E+002   2.725622E-002
   3.930000E+002   2.727056E-002
   3.940000E+002   2.729033E-002
   3.950000E+002   2.731551E-002
   3.960000E+002   2.734610E-002
   3.970000E+002   2.738209E-002
   3.980000E+002   2.742347E-002
   3.990000E+002   2.747022E-002
   4.000000E+002   2.752234E-002
   4.010000E+002   2.757980E-002
   4.020000E+002   2.764250E-002
   4.030000E+002   2.771034E-002
   4.040000E+002   2.778320E-002
   4.050000E+002   2.786097E-002
   4.060000E+002   2.794354E-002
   4.070000E+002   2.803079E-002
   4.080000E+002   2.812261E-002
   4.090000E+002   2.821890E-002
   4.100000E+002   2.831954E-002
   4.110000E+002   2.842442E-002
   4.120000E+002   2.853342E-002
   4.130000E+002   2.864644E-002
   4.140000E+002   2.876336E-002
   4.150000E+002   2.888407E-002
   4.160000E+002   2.900846E-002
   4.170000E+002   2.913641E-002
   4.180000E+002   2.926783E-002
   4.190000E+002   2.940258E-002
   4.200000E+002   2.954057E-002
   4.210000E+002   2.968167E-002
   4.220000E+002   2.982579E-002
   4.230000E+002   2.997280E-002
   4.240000E+002   3.012259E-002
   4.250000E+002   3.027506E-002
   4.260000E+002   3.043008E-002
   4.270000E+002   3.058756E-002
   4.280000E+002   3.074737E-002
   4.290000E+002   3.090940E-002
   4.300000E+002   3.107355E-002
   4.310000E+002   3.123970E-002
   4.320000E+002   3.140774E-002
   4.330000E+002   3.157755E-002
   4.340000E+002   3.174903E-002
   4.350000E+002   3.192207E-002
   4.360000E+002   3.209654E-002
   4.370000E+002   3.227235E-002
   4.380000E+002   3.244937E-002
   4.390000E+002   3.262750E-002
   4.400000E+002   3.280662E-002
   4.410000E+002   3.298662E-002
   4.420000E+002   3.316740E-002
   4.430000E+002   3.334883E-002
   4.440000E+002   3.353081E-002
   4.450000E+002   3.371322E-002
   4.460000E+002   3.389596E-002
   4.470000E+002   3.407891E-002
   4.480000E+002   3.426196E-002
   4.490000E+002   3.444499E-002
   4.500000E+002   3.462790E-002
   4.510000E+002   3.481058E-002
   4.520000E+002   3.499293E-002
   4.530000E+002   3.517489E-002
   4.540000E+002   3.535637E-002
   4.550000E+002   3.553727E-002
   4.560000E+002   3.571753E-002
   4.570000E+002   3.589706E-002
   4.580000E+002   3.607578E-002
   4.590000E+002   3.625360E-002
   4.600000E+002   3.643044E-002
   4.610000E+002   3.660623E-002
   4.620000E+002   3.678087E-002
   4.630000E+002   3.695429E-002
   4.640000E+002   3.712640E-002
   4.650000E+002   3.729712E-002
   4.660000E+002   3.746638E-002
   4.670000E+002   3.763407E-002
   4.680000E+002   3.780014E-002
   4.690000E+002   3.796448E-002
   4.700000E+002   3.812702E-002
   4.710000E+002   3.828768E-002
   4.720000E+002   3.844638E-002
   4.730000E+002   3.860303E-002
   4.740000E+002   3.875755E-002
   4.750000E+002   3.890985E-002
   4.760000E+002   3.905986E-002
   4.770000E+002   3.920750E-002
   4.780000E+002   3.935268E-002
   4.790000E+002   3.949531E-002
   4.800000E+002   3.963532E-002
   4.810000E+002   3.977263E-002
   4.820000E+002   3.990715E-002
   4.830000E+002   4.003880E-002
   4.840000E+002   4.016749E-002
   4.850000E+002   4.029315E-002
   4.860000E+002   4.041569E-002
   4.870000E+002   4.053503E-002
   4.880000E+002   4.065109E-002
   4.890000E+002   4.076379E-002
   4.900000E+002   4.087304E-002
   4.910000E+002   4.097876E-002
   4.920000E+002   4.108087E-002
   4.930000E+002   4.117929E-002
   4.940000E+002   4.127393E-002
   4.950000E+002   4.136471E-002
   4.960000E+002   4.145155E-002
   4.970000E+002   4.153437E-002
   4.980000E+002   4.161308E-002
   4.990000E+002   4.168761E-002
   5.000000E+002   4.175786E-002
   5.010000E+002   4.182379E-002
   5.020000E+002   4.188538E-002
   5.030000E+002   4.194268E-002
   5.040000E+002   4.199570E-002
   5.050000E+002   4.204448E-002
   5.060000E+002   4.208904E-002
   5.070000E+002   4.212941E-002
   5.080000E+002   4.216561E-002
   5.090000E+002   4.219767E-002
   5.100000E+002   4.222561E-002
   5.110000E+002   4.224947E-002
   5.120000E+002   4.226927E-002
   5.130000E+002   4.228503E-002
   5.140000E+002   4.229678E-002
   5.150000E+002   4.230455E-002
   5.160000E+002   4.230837E-002
   5.170000E+002   4.230826E-002
   5.180000E+002   4.230424E-002
   5.190000E+002   4.229635E-002
   5.200000E+002   4.228462E-002
   5.210000E+002   4.226905E-002
   5.220000E+002   4.224970E-002
   5.230000E+002   4.222657E-002
   5.240000E+002   4.219970E-002
   5.250000E+002   4.216911E-002
   5.260000E+002   4.213483E-002
   5.270000E+002   4.209688E-002
   5.280000E+002   4.205530E-002
   5.290000E+002   4.201011E-002
   5.300000E+002   4.196133E-002
   5.310000E+002   4.190900E-002
   5.320000E+002   4.185313E-002
   5.330000E+002   4.179376E-002
   5.340000E+002   4.173091E-002
   5.350000E+002   4.166460E-002
   5.360000E+002   4.159487E-002
   5.370000E+002   4.152174E-002
   5.380000E+002   4.144524E-002
   5.390000E+002   4.136539E-002
   5.400000E+002   4.128222E-002
   5.410000E+002   4.119576E-002
   5.420000E+002   4.110603E-002
   5.430000E+002   4.101306E-002
   5.440000E+002   4.091687E-002
   5.450000E+002   4.081750E-002
   5.460000E+002   4.071496E-002
   5.470000E+002   4.060929E-002
   5.480000E+002   4.050052E-002
   5.490000E+002   4.038866E-002
   5.500000E+002   4.027374E-002
   5.510000E+002   4.015580E-002
   5.520000E+002   4.003493E-002
   5.530000E+002   3.991120E-002
   5.540000E+002   3.978471E-002
   5.550000E+002   3.965554E-002
   5.560000E+002   3.952378E-002
   5.570000E+002   3.938952E-002
   5.580000E+002   3.925285E-002
   5.590000E+002   3.911386E-002
   5.600000E+002   3.897263E-002
   5.610000E+002   3.882925E-002
   5.620000E+002   3.868382E-002
   5.630000E+002   3.853641E-002
   5.640000E+002   3.838712E-002
   5.650000E+002   3.823604E-002
   5.660000E+002   3.808325E-002
   5.670000E+002   3.792884E-002
   5.680000E+002   3.777290E-002
   5.690000E+002   3.761552E-002
   5.700000E+002   3.745678E-002
   5.710000E+002   3.729678E-002
   5.720000E+002   3.713561E-002
   5.730000E+002   3.697334E-002
   5.740000E+002   3.681007E-002
   5.750000E+002   3.664589E-002
   5.760000E+002   3.648089E-002
   5.770000E+002   3.631514E-002
   5.780000E+002   3.614875E-002
   5.790000E+002   3.598180E-002
   5.800000E+002   3.581438E-002
   5.810000E+002   3.564658E-002
   5.820000E+002   3.547847E-002
   5.830000E+002   3.531016E-002
   5.840000E+002   3.514174E-002
   5.850000E+002   3.497328E-002
   5.860000E+002   3.480487E-002
   5.870000E+002   3.463662E-002
   5.880000E+002   3.446859E-002
   5.890000E+002   3.430089E-002
   5.900000E+002   3.413360E-002
   5.910000E+002   3.396681E-002
   5.920000E+002   3.380060E-002
   5.930000E+002   3.363506E-002
   5.940000E+002   3.347029E-002
   5.950000E+002   3.330637E-002
   5.960000E+002   3.314339E-002
   5.970000E+002   3.298144E-002
   5.980000E+002   3.282060E-002
   5.990000E+002   3.266096E-002
   6.000000E+002   3.250262E-002
   6.010000E+002   3.234565E-002
   6.020000E+002   3.219011E-002
   6.030000E+002   3.203604E-002
   6.040000E+002   3.188350E-002
   6.050000E+002   3.173253E-002
   6.060000E+002   3.158319E-002
   6.070000E+002   3.143551E-002
   6.080000E+002   3.128956E-002
   6.090000E+002   3.114537E-002
   6.100000E+002   3.100300E-002
   6.110000E+002   3.086249E-002
   6.120000E+002   3.072390E-002
   6.130000E+002   3.058726E-002
   6.140000E+002   3.045264E-002
   6.150000E+002   3.032007E-002
   6.160000E+002   3.018961E-002
   6.170000E+002   3.006131E-002
   6.180000E+002   2.993521E-002
   6.190000E+002   2.981136E-002
   6.200000E+002   2.968982E-002
   6.210000E+002   2.957062E-002
   6.220000E+002   2.945382E-002
   6.230000E+002   2.933947E-002
   6.240000E+002   2.922761E-002
   6.250000E+002   2.911829E-002
   6.260000E+002   2.901156E-002
   6.270000E+002   2.890748E-002
   6.280000E+002   2.880608E-002
   6.290000E+002   2.870742E-002
   6.300000E+002   2.861154E-002
   6.310000E+002   2.851850E-002
   6.320000E+002   2.842834E-002
   6.330000E+002   2.834111E-002
   6.340000E+002   2.825686E-002
   6.350000E+002   2.817564E-002
   6.360000E+002   2.809749E-002
   6.370000E+002   2.802247E-002
   6.380000E+002   2.795062E-002
   6.390000E+002   2.788200E-002
   6.400000E+002   2.781664E-002
   6.410000E+002   2.775460E-002
   6.420000E+002   2.769593E-002
   6.430000E+002   2.764067E-002
   6.440000E+002   2.758887E-002
   6.450000E+002   2.754059E-002
   6.460000E+002   2.749587E-002
   6.470000E+002   2.745476E-002
   6.480000E+002   2.741731E-002
   6.490000E+002   2.738356E-002
   6.500000E+002   2.735356E-002
   6.510000E+002   2.732736E-002
   6.520000E+002   2.730492E-002
   6.530000E+002   2.728620E-002
   6.540000E+002   2.727116E-002
   6.550000E+002   2.725977E-002
   6.560000E+002   2.725198E-002
   6.570000E+002   2.724776E-002
   6.580000E+002   2.724705E-002
   6.590000E+002   2.724984E-002
   6.600000E+002   2.725606E-002
   6.610000E+002   2.726569E-002
   6.620000E+002   2.727869E-002
   6.630000E+002   2.729501E-002
   6.640000E+002   2.731461E-002
   6.650000E+002   2.733746E-002
   6.660000E+002   2.736351E-002
   6.670000E+002   2.739273E-002
   6.680000E+002   2.742507E-002
   6.690000E+002   2.746050E-002
   6.700000E+002   2.749897E-002
   6.710000E+002   2.754044E-002
   6.720000E+002   2.758489E-002
   6.730000E+002   2.763225E-002
   6.740000E+002   2.768251E-002
   6.750000E+002   2.773561E-002
   6.760000E+002   2.779151E-002
   6.770000E+002   2.785018E-002
   6.780000E+002   2.791158E-002
   6.790000E+002   2.797566E-002
   6.800000E+002   2.804239E-002
   6.810000E+002   2.811173E-002
   6.820000E+002   2.818363E-002
   6.830000E+002   2.825806E-002
   6.840000E+002   2.833497E-002
   6.850000E+002   2.841433E-002
   6.860000E+002   2.849610E-002
   6.870000E+002   2.858024E-002
   6.880000E+002   2.866670E-002
   6.890000E+002   2.875545E-002
   6.900000E+002   2.884645E-002
   6.910000E+002   2.893965E-002
   6.920000E+002   2.903503E-002
   6.930000E+002   2.913253E-002
   6.940000E+002   2.923211E-002
   6.950000E+002   2.933375E-002
   6.960000E+002   2.943739E-002
   6.970000E+002   2.954300E-002
   6.980000E+002   2.965054E-002
   6.990000E+002   2.975997E-002
   7.000000E+002   2.987125E-002
   7.010000E+002   2.998433E-002
   7.020000E+002   3.009914E-002
   7.030000E+002   3.021561E-002
   7.040000E+002   3.033367E-002
   7.050000E+002   3.045323E-002
   7.060000E+002   3.057422E-002
   7.070000E+002   3.069657E-002
   7.080000E+002   3.082020E-002
   7.090000E+002   3.094503E-002
   7.100000E+002   3.107100E-002
   7.110000E+002   3.119802E-002
   7.120000E+002   3.132602E-002
   7.130000E+002   3.145492E-002
   7.140000E+002   3.158466E-002
   7.150000E+002   3.171514E-002
   7.160000E+002   3.184631E-002
   7.170000E+002   3.197808E-002
   7.180000E+002   3.211038E-002
   7.190000E+002   3.224313E-002
   7.200000E+002   3.237625E-002
   7.210000E+002   3.250968E-002
   7.220000E+002   3.264333E-002
   7.230000E+002   3.277714E-002
   7.240000E+002   3.291102E-002
   7.250000E+002   3.304490E-002
   7.260000E+002   3.317870E-002
   7.270000E+002   3.331236E-002
   7.280000E+002   3.344579E-002
   7.290000E+002   3.357892E-002
   7.300000E+002   3.371167E-002
   7.310000E+002   3.384397E-002
   7.320000E+002   3.397574E-002
   7.330000E+002   3.410691E-002
   7.340000E+002   3.423740E-002
   7.350000E+002   3.436714E-002
   7.360000E+002   3.449605E-002
   7.370000E+002   3.462405E-002
   7.380000E+002   3.475108E-002
   7.390000E+002   3.487705E-002
   7.400000E+002   3.500189E-002
   7.410000E+002   3.512553E-002
   7.420000E+002   3.524789E-002
   7.430000E+002   3.536888E-002
   7.440000E+002   3.548845E-002
   7.450000E+002   3.560651E-002
   7.460000E+002   3.572299E-002
   7.470000E+002   3.583782E-002
   7.480000E+002   3.595091E-002
   7.490000E+002   3.606219E-002
   7.500000E+002   3.617158E-002
   7.510000E+002   3.627903E-002
   7.520000E+002   3.638448E-002
   7.530000E+002   3.648792E-002
   7.540000E+002   3.658929E-002
   7.550000E+002   3.668859E-002
   7.560000E+002   3.678576E-002
   7.570000E+002   3.688078E-002
   7.580000E+002   3.697362E-002
   7.590000E+002   3.706425E-002
   7.600000E+002   3.715263E-002
   7.610000E+002   3.723873E-002
   7.620000E+002   3.732252E-002
   7.630000E+002   3.740397E-002
   7.640000E+002   3.748304E-002
   7.650000E+002   3.755971E-002
   7.660000E+002   3.763394E-002
   7.670000E+002   3.770570E-002
   7.680000E+002   3.777496E-002
   7.690000E+002   3.784169E-002
   7.700000E+002   3.790585E-002
   7.710000E+002   3.796741E-002
   7.720000E+002   3.802635E-002
   7.730000E+002   3.808262E-002
   7.740000E+002   3.813620E-002
   7.750000E+002   3.818705E-002
   7.760000E+002   3.823515E-002
   7.770000E+002   3.828046E-002
   7.780000E+002   3.832294E-002
   7.790000E+002   3.836258E-002
   7.800000E+002   3.839933E-002
   7.810000E+002   3.843316E-002
   7.820000E+002   3.846404E-002
   7.830000E+002   3.849194E-002
   7.840000E+002   3.851683E-002
   7.850000E+002   3.853868E-002
   7.860000E+002   3.855745E-002
   7.870000E+002   3.857311E-002
   7.880000E+002   3.858563E-002
   7.890000E+002   3.859497E-002
   7.900000E+002   3.860112E-002
   7.910000E+002   3.860402E-002
   7.920000E+002   3.860366E-002
   7.930000E+002   3.860000E-002
   7.940000E+002   3.859301E-002
   7.950000E+002   3.858265E-002
   7.960000E+002   3.856890E-002
   7.970000E+002   3.855172E-002
   7.980000E+002   3.853108E-002
   7.990000E+002   3.850695E-002
   8.000000E+002   3.847929E-002
   8.010000E+002   3.844809E-002
   8.020000E+002   3.841337E-002
   8.030000E+002   3.837516E-002
   8.040000E+002   3.833350E-002
   8.050000E+002   3.828841E-002
   8.060000E+002   3.823994E-002
   8.070000E+002   3.818811E-002
   8.080000E+002   3.813296E-002
   8.090000E+002   3.807453E-002
   8.100000E+002   3.801285E-002
   8.110000E+002   3.794794E-002
   8.120000E+002   3.787985E-002
   8.130000E+002   3.780861E-002
   8.140000E+002   3.773425E-002
   8.150000E+002   3.765681E-002
   8.160000E+002   3.757632E-002
   8.170000E+002   3.749280E-002
   8.180000E+002   3.740631E-002
   8.190000E+002   3.731687E-002
   8.200000E+002   3.722451E-002
   8.210000E+002   3.712926E-002
   8.220000E+002   3.703117E-002
   8.230000E+002   3.693026E-002
   8.240000E+002   3.682657E-002
   8.250000E+002   3.672014E-002
   8.260000E+002   3.661099E-002
   8.270000E+002   3.649916E-002
   8.280000E+002   3.638468E-002
   8.290000E+002   3.626759E-002
   8.300000E+002   3.614792E-002
   8.310000E+002   3.602570E-002
   8.320000E+002   3.590097E-002
   8.330000E+002   3.577376E-002
   8.340000E+002   3.564411E-002
   8.350000E+002   3.551204E-002
   8.360000E+002   3.537760E-002
   8.370000E+002   3.524082E-002
   8.380000E+002   3.510172E-002
   8.390000E+002   3.496035E-002
   8.400000E+002   3.481673E-002
   8.410000E+002   3.467091E-002
   8.420000E+002   3.452290E-002
   8.430000E+002   3.437276E-002
   8.440000E+002   3.422051E-002
   8.450000E+002   3.406618E-002
   8.460000E+002   3.390981E-002
   8.470000E+002   3.375144E-002
   8.480000E+002   3.359109E-002
   8.490000E+002   3.342880E-002
   8.500000E+002   3.326460E-002
   8.510000E+002   3.309854E-002
   8.520000E+002   3.293070E-002
   8.530000E+002   3.276118E-002
   8.540000E+002   3.259006E-002
   8.550000E+002   3.241744E-002
   8.560000E+002   3.224342E-002
   8.570000E+002   3.206809E-002
   8.580000E+002   3.189153E-002
   8.590000E+002   3.171385E-002
   8.600000E+002   3.153514E-002
   8.610000E+002   3.135549E-002
   8.620000E+002   3.117500E-002
   8.630000E+002   3.099375E-002
   8.640000E+002   3.081185E-002
   8.650000E+002   3.062937E-002
   8.660000E+002   3.044643E-002
   8.670000E+002   3.026311E-002
   8.680000E+002   3.007951E-002
   8.690000E+002   2.989571E-002
   8.700000E+002   2.971182E-002
   8.710000E+002   2.952792E-002
   8.720000E+002   2.934411E-002
   8.730000E+002   2.916049E-002
   8.740000E+002   2.897714E-002
   8.750000E+002   2.879416E-002
   8.760000E+002   2.861164E-002
   8.770000E+002   2.842968E-002
   8.780000E+002   2.824836E-002
   8.790000E+002   2.806779E-002
   8.800000E+002   2.788806E-002
   8.810000E+002   2.770926E-002
   8.820000E+002   2.753148E-002
   8.830000E+002   2.735482E-002
   8.840000E+002   2.717936E-002
   8.850000E+002   2.700521E-002
   8.860000E+002   2.683246E-002
   8.870000E+002   2.666120E-002
   8.880000E+002   2.649152E-002
   8.890000E+002   2.632353E-002
   8.900000E+002   2.615730E-002
   8.910000E+002   2.599293E-002
   8.920000E+002   2.583052E-002
   8.930000E+002   2.567017E-002
   8.940000E+002   2.551196E-002
   8.950000E+002   2.535598E-002
   8.960000E+002   2.520234E-002
   8.970000E+002   2.505112E-002
   8.980000E+002   2.490242E-002
   8.990000E+002   2.475634E-002
   9.000000E+002   2.461295E-002
   9.010000E+002   2.447235E-002
   9.020000E+002   2.433450E-002
   9.030000E+002   2.419938E-002
   9.040000E+002   2.406695E-002
   9.050000E+002   2.393717E-002
   9.060000E+002   2.381000E-002
   9.070000E+002   2.368541E-002
   9.080000E+002   2.356335E-002
   9.090000E+002   2.344380E-002
   9.100000E+002   2.332672E-002
   9.110000E+002   2.321206E-002
   9.120000E+002   2.309979E-002
   9.130000E+002   2.298987E-002
   9.140000E+002   2.288228E-002
   9.150000E+002   2.277696E-002
   9.160000E+002   2.267389E-002
   9.170000E+002   2.257302E-002
   9.180000E+002   2.247432E-002
   9.190000E+002   2.237775E-002
   9.200000E+002   2.228327E-002
   9.210000E+002   2.219085E-002
   9.220000E+002   2.210046E-002
   9.230000E+002   2.201204E-002
   9.240000E+002   2.192557E-002
   9.250000E+002   2.184102E-002
   9.260000E+002   2.175833E-002
   9.270000E+002   2.167748E-002
   9.280000E+002   2.159842E-002
   9.290000E+002   2.152113E-002
   9.300000E+002   2.144556E-002
   9.310000E+002   2.137168E-002
   9.320000E+002   2.129945E-002
   9.330000E+002   2.122883E-002
   9.340000E+002   2.115979E-002
   9.350000E+002   2.109228E-002
   9.360000E+002   2.102628E-002
   9.370000E+002   2.096174E-002
   9.380000E+002   2.089863E-002
   9.390000E+002   2.083690E-002
   9.400000E+002   2.077654E-002
   9.410000E+002   2.071748E-002
   9.420000E+002   2.065971E-002
   9.430000E+002   2.060318E-002
   9.440000E+002   2.054785E-002
   9.450000E+002   2.049370E-002
   9.460000E+002   2.044067E-002
   9.470000E+002   2.038874E-002
   9.480000E+002   2.033786E-002
   9.490000E+002   2.028800E-002
   9.500000E+002   2.023913E-002
   9.510000E+002   2.019121E-002
   9.520000E+002   2.014427E-002
   9.530000E+002   2.009832E-002
   9.540000E+002   2.005340E-002
   9.550000E+002   2.000954E-002
   9.560000E+002   1.996675E-002
   9.570000E+002   1.992507E-002
   9.580000E+002   1.988452E-002
   9.590000E+002   1.984513E-002
   9.600000E+002   1.980693E-002
   9.610000E+002   1.976994E-002
   9.620000E+002   1.973420E-002
   9.630000E+002   1.969972E-002
   9.640000E+002   1.966653E-002
   9.650000E+002   1.963467E-002
   9.660000E+002   1.960415E-002
   9.670000E+002   1.957501E-002
   9.680000E+002   1.954727E-002
   9.690000E+002   1.952095E-002
   9.700000E+002   1.949609E-002
   9.710000E+002   1.947272E-002
   9.720000E+002   1.945085E-002
   9.730000E+002   1.943052E-002
   9.740000E+002   1.941174E-002
   9.750000E+002   1.939456E-002
   9.760000E+002   1.937899E-002
   9.770000E+002   1.936507E-002
   9.780000E+002   1.935281E-002
   9.790000E+002   1.934226E-002
   9.800000E+002   1.933342E-002
   9.810000E+002   1.932633E-002
   9.820000E+002   1.932102E-002
   9.830000E+002   1.931751E-002
   9.840000E+002   1.931584E-002
   9.850000E+002   1.931602E-002
   9.860000E+002   1.931808E-002
   9.870000E+002   1.932205E-002
   9.880000E+002   1.932796E-002
   9.890000E+002   1.933584E-002
   9.900000E+002   1.934570E-002
   9.910000E+002   1.935758E-002
   9.920000E+002   1.937151E-002
   9.930000E+002   1.938751E-002
   9.940000E+002   1.940560E-002
   9.950000E+002   1.942582E-002
   9.960000E+002   1.944820E-002
   9.970000E+002   1.947275E-002
   9.980000E+002   1.949950E-002
   9.990000E+002   1.952849E-002
   1.000000E+003   1.955974E-002
   1.001000E+003   1.959325E-002
   1.002000E+003   1.962898E-002
   1.003000E+003   1.966685E-002
   1.004000E+003   1.970678E-002
   1.005000E+003   1.974870E-002
   1.006000E+003   1.979254E-002
   1.007000E+003   1.983823E-002
   1.008000E+003   1.988568E-002
   1.009000E+003   1.993484E-002
   1.010000E+003   1.998562E-002
   1.011000E+003   2.003795E-002
   1.012000E+003   2.009175E-002
   1.013000E+003   2.014696E-002
   1.014000E+003   2.020350E-002
   1.015000E+003   2.026130E-002
   1.016000E+003   2.032028E-002
   1.017000E+003   2.038038E-002
   1.018000E+003   2.044150E-002
   1.019000E+003   2.050359E-002
   1.020000E+003   2.056658E-002
   1.021000E+003   2.063037E-002
   1.022000E+003   2.069491E-002
   1.023000E+003   2.076012E-002
   1.024000E+003   2.082592E-002
   1.025000E+003   2.089225E-002
   1.026000E+003   2.095903E-002
   1.027000E+003   2.102618E-002
   1.028000E+003   2.109363E-002
   1.029000E+003   2.116131E-002
   1.030000E+003   2.122914E-002
   1.031000E+003   2.129706E-002
   1.032000E+003   2.136498E-002
   1.033000E+003   2.143284E-002
   1.034000E+003   2.150056E-002
   1.035000E+003   2.156807E-002
   1.036000E+003   2.163529E-002
   1.037000E+003   2.170215E-002
   1.038000E+003   2.176858E-002
   1.039000E+003   2.183450E-002
   1.040000E+003   2.189985E-002
   1.041000E+003   2.196454E-002
   1.042000E+003   2.202850E-002
   1.043000E+003   2.209166E-002
   1.044000E+003   2.215395E-002
   1.045000E+003   2.221529E-002
   1.046000E+003   2.227561E-002
   1.047000E+003   2.233483E-002
   1.048000E+003   2.239289E-002
   1.049000E+003   2.244971E-002
   1.050000E+003   2.250521E-002
   1.051000E+003   2.255934E-002
   1.052000E+003   2.261206E-002
   1.053000E+003   2.266338E-002
   1.054000E+003   2.271328E-002
   1.055000E+003   2.276174E-002
   1.056000E+003   2.280877E-002
   1.057000E+003   2.285434E-002
   1.058000E+003   2.289846E-002
   1.059000E+003   2.294110E-002
   1.060000E+003   2.298225E-002
   1.061000E+003   2.302191E-002
   1.062000E+003   2.306007E-002
   1.063000E+003   2.309671E-002
   1.064000E+003   2.313183E-002
   1.065000E+003   2.316541E-002
   1.066000E+003   2.319744E-002
   1.067000E+003   2.322792E-002
   1.068000E+003   2.325683E-002
   1.069000E+003   2.328416E-002
   1.070000E+003   2.330990E-002
   1.071000E+003   2.333404E-002
   1.072000E+003   2.335657E-002
   1.073000E+003   2.337748E-002
   1.074000E+003   2.339676E-002
   1.075000E+003   2.341439E-002
   1.076000E+003   2.343038E-002
   1.077000E+003   2.344470E-002
   1.078000E+003   2.345734E-002
   1.079000E+003   2.346830E-002
   1.080000E+003   2.347757E-002
   1.081000E+003   2.348513E-002
   1.082000E+003   2.349098E-002
   1.083000E+003   2.349510E-002
   1.084000E+003   2.349748E-002
   1.085000E+003   2.349811E-002
   1.086000E+003   2.349698E-002
   1.087000E+003   2.349409E-002
   1.088000E+003   2.348942E-002
   1.089000E+003   2.348295E-002
   1.090000E+003   2.347469E-002
   1.091000E+003   2.346461E-002
   1.092000E+003   2.345271E-002
   1.093000E+003   2.343898E-002
   1.094000E+003   2.342341E-002
   1.095000E+003   2.340598E-002
   1.096000E+003   2.338669E-002
   1.097000E+003   2.336552E-002
   1.098000E+003   2.334247E-002
   1.099000E+003   2.331752E-002
   1.100000E+003   2.329067E-002
   1.101000E+003   2.326190E-002
   1.102000E+003   2.323125E-002
   1.103000E+003   2.319874E-002
   1.104000E+003   2.316442E-002
   1.105000E+003   2.312830E-002
   1.106000E+003   2.309042E-002
   1.107000E+003   2.305081E-002
   1.108000E+003   2.300951E-002
   1.109000E+003   2.296655E-002
   1.110000E+003   2.292195E-002
   1.111000E+003   2.287574E-002
   1.112000E+003   2.282797E-002
   1.113000E+003   2.277866E-002
   1.114000E+003   2.272785E-002
   1.115000E+003   2.267555E-002
   1.116000E+003   2.262182E-002
   1.117000E+003   2.256667E-002
   1.118000E+003   2.251014E-002
   1.119000E+003   2.245226E-002
   1.120000E+003   2.239307E-002
   1.121000E+003   2.233258E-002
   1.122000E+003   2.227085E-002
   1.123000E+003   2.220789E-002
   1.124000E+003   2.214374E-002
   1.125000E+003   2.207843E-002
   1.126000E+003   2.201199E-002
   1.127000E+003   2.194446E-002
   1.128000E+003   2.187586E-002
   1.129000E+003   2.180622E-002
   1.130000E+003   2.173559E-002
   1.131000E+003   2.166398E-002
   1.132000E+003   2.159144E-002
   1.133000E+003   2.151798E-002
   1.134000E+003   2.144366E-002
   1.135000E+003   2.136848E-002
   1.136000E+003   2.129250E-002
   1.137000E+003   2.121573E-002
   1.138000E+003   2.113822E-002
   1.139000E+003   2.105999E-002
   1.140000E+003   2.098107E-002
   1.141000E+003   2.090149E-002
   1.142000E+003   2.082130E-002
   1.143000E+003   2.074051E-002
   1.144000E+003   2.065916E-002
   1.145000E+003   2.057728E-002
   1.146000E+003   2.049491E-002
   1.147000E+003   2.041207E-002
   1.148000E+003   2.032879E-002
   1.149000E+003   2.024512E-002
   1.150000E+003   2.016107E-002
   1.151000E+003   2.007668E-002
   1.152000E+003   1.999196E-002
   1.153000E+003   1.990691E-002
   1.154000E+003   1.982154E-002
   1.155000E+003   1.973586E-002
   1.156000E+003   1.964988E-002
   1.157000E+003   1.956360E-002
   1.158000E+003   1.947702E-002
   1.159000E+003   1.939016E-002
   1.160000E+003   1.930302E-002
   1.161000E+003   1.921561E-002
   1.162000E+003   1.912794E-002
   1.163000E+003   1.904001E-002
   1.164000E+003   1.895183E-002
   1.165000E+003   1.886340E-002
   1.166000E+003   1.877474E-002
   1.167000E+003   1.868584E-002
   1.168000E+003   1.859672E-002
   1.169000E+003   1.850739E-002
   1.170000E+003   1.841784E-002
   1.171000E+003   1.832809E-002
   1.172000E+003   1.823815E-002
   1.173000E+003   1.814801E-002
   1.174000E+003   1.805769E-002
   1.175000E+003   1.796720E-002
   1.176000E+003   1.787653E-002
   1.177000E+003   1.778570E-002
   1.178000E+003   1.769472E-002
   1.179000E+003   1.760359E-002
   1.180000E+003   1.751231E-002
   1.181000E+003   1.742090E-002
   1.182000E+003   1.732936E-002
   1.183000E+003   1.723770E-002
   1.184000E+003   1.714592E-002
   1.185000E+003   1.705403E-002
   1.186000E+003   1.696205E-002
   1.187000E+003   1.686996E-002
   1.188000E+003   1.677779E-002
   1.189000E+003   1.668554E-002
   1.190000E+003   1.659321E-002
   1.191000E+003   1.650082E-002
   1.192000E+003   1.640836E-002
   1.193000E+003   1.631585E-002
   1.194000E+003   1.622329E-002
   1.195000E+003   1.613070E-002
   1.196000E+003   1.603806E-002
   1.197000E+003   1.594540E-002
   1.198000E+003   1.585272E-002
   1.199000E+003   1.576003E-002
   1.200000E+003   1.566733E-002
