   1.000000E+000   1.828746E-002
   2.000000E+000   2.288164E-002
   3.000000E+000   2.747582E-002
   4.000000E+000   2.768949E-002
   5.000000E+000   2.724645E-002
   6.000000E+000   2.707723E-002
   7.000000E+000   2.689858E-002
   8.000000E+000   2.671261E-002
   9.000000E+000   2.657500E-002
   1.000000E+001   2.647005E-002
   1.100000E+001   2.637055E-002
   1.200000E+001   2.627452E-002
   1.300000E+001   2.618507E-002
   1.400000E+001   2.610039E-002
   1.500000E+001   2.601744E-002
   1.600000E+001   2.593364E-002
   1.700000E+001   2.584831E-002
   1.800000E+001   2.576119E-002
   1.900000E+001   2.567205E-002
   2.000000E+001   2.558066E-002
   2.100000E+001   2.548684E-002
   2.200000E+001   2.539066E-002
   2.300000E+001   2.529227E-002
   2.400000E+001   2.519180E-002
   2.500000E+001   2.508938E-002
   2.600000E+001   2.498515E-002
   2.700000E+001   2.487925E-002
   2.800000E+001   2.477182E-002
   2.900000E+001   2.466299E-002
   3.000000E+001   2.455290E-002
   3.100000E+001   2.444169E-002
   3.200000E+001   2.432959E-002
   3.300000E+001   2.421681E-002
   3.400000E+001   2.410356E-002
   3.500000E+001   2.399009E-002
   3.600000E+001   2.387659E-002
   3.700000E+001   2.376331E-002
   3.800000E+001   2.365046E-002
   3.900000E+001   2.353825E-002
   4.000000E+001   2.342693E-002
   4.100000E+001   2.331669E-002
   4.200000E+001   2.320776E-002
   4.300000E+001   2.310034E-002
   4.400000E+001   2.299464E-002
   4.500000E+001   2.289087E-002
   4.600000E+001   2.278923E-002
   4.700000E+001   2.268993E-002
   4.800000E+001   2.259318E-002
   4.900000E+001   2.249919E-002
   5.000000E+001   2.240815E-002
   5.100000E+001   2.232029E-002
   5.200000E+001   2.223575E-002
   5.300000E+001   2.215472E-002
   5.400000E+001   2.207734E-002
   5.500000E+001   2.200380E-002
   5.600000E+001   2.193424E-002
   5.700000E+001   2.186883E-002
   5.800000E+001   2.180775E-002
   5.900000E+001   2.175114E-002
   6.000000E+001   2.169918E-002
   6.100000E+001   2.165202E-002
   6.200000E+001   2.160980E-002
   6.300000E+001   2.157264E-002
   6.400000E+001   2.154068E-002
   6.500000E+001   2.151403E-002
   6.600000E+001   2.149283E-002
   6.700000E+001   2.147720E-002
   6.800000E+001   2.146728E-002
   6.900000E+001   2.146319E-002
   7.000000E+001   2.146505E-002
   7.100000E+001   2.147300E-002
   7.200000E+001   2.148710E-002
   7.300000E+001   2.150746E-002
   7.400000E+001   2.153413E-002
   7.500000E+001   2.156721E-002
   7.600000E+001   2.160677E-002
   7.700000E+001   2.165290E-002
   7.800000E+001   2.170566E-002
   7.900000E+001   2.176515E-002
   8.000000E+001   2.183144E-002
   8.100000E+001   2.190459E-002
   8.200000E+001   2.198466E-002
   8.300000E+001   2.207166E-002
   8.400000E+001   2.216561E-002
   8.500000E+001   2.226655E-002
   8.600000E+001   2.237451E-002
   8.700000E+001   2.248950E-002
   8.800000E+001   2.261156E-002
   8.900000E+001   2.274070E-002
   9.000000E+001   2.287697E-002
   9.100000E+001   2.302037E-002
   9.200000E+001   2.317090E-002
   9.300000E+001   2.332855E-002
   9.400000E+001   2.349329E-002
   9.500000E+001   2.366513E-002
   9.600000E+001   2.384404E-002
   9.700000E+001   2.403001E-002
   9.800000E+001   2.422303E-002
   9.900000E+001   2.442308E-002
   1.000000E+002   2.463015E-002
   1.010000E+002   2.484421E-002
   1.020000E+002   2.506520E-002
   1.030000E+002   2.529304E-002
   1.040000E+002   2.552764E-002
   1.050000E+002   2.576892E-002
   1.060000E+002   2.601681E-002
   1.070000E+002   2.627123E-002
   1.080000E+002   2.653210E-002
   1.090000E+002   2.679933E-002
   1.100000E+002   2.707285E-002
   1.110000E+002   2.735258E-002
   1.120000E+002   2.763844E-002
   1.130000E+002   2.793035E-002
   1.140000E+002   2.822823E-002
   1.150000E+002   2.853199E-002
   1.160000E+002   2.884157E-002
   1.170000E+002   2.915687E-002
   1.180000E+002   2.947783E-002
   1.190000E+002   2.980436E-002
   1.200000E+002   3.013638E-002
   1.210000E+002   3.047379E-002
   1.220000E+002   3.081647E-002
   1.230000E+002   3.116424E-002
   1.240000E+002   3.151695E-002
   1.250000E+002   3.187446E-002
   1.260000E+002   3.223659E-002
   1.270000E+002   3.260320E-002
   1.280000E+002   3.297413E-002
   1.290000E+002   3.334923E-002
   1.300000E+002   3.372833E-002
   1.310000E+002   3.411129E-002
   1.320000E+002   3.449794E-002
   1.330000E+002   3.488813E-002
   1.340000E+002   3.528170E-002
   1.350000E+002   3.567850E-002
   1.360000E+002   3.607838E-002
   1.370000E+002   3.648117E-002
   1.380000E+002   3.688672E-002
   1.390000E+002   3.729487E-002
   1.400000E+002   3.770547E-002
   1.410000E+002   3.811837E-002
   1.420000E+002   3.853337E-002
   1.430000E+002   3.895032E-002
   1.440000E+002   3.936902E-002
   1.450000E+002   3.978932E-002
   1.460000E+002   4.021102E-002
   1.470000E+002   4.063395E-002
   1.480000E+002   4.105794E-002
   1.490000E+002   4.148280E-002
   1.500000E+002   4.190836E-002
   1.510000E+002   4.233445E-002
   1.520000E+002   4.276089E-002
   1.530000E+002   4.318750E-002
   1.540000E+002   4.361410E-002
   1.550000E+002   4.404052E-002
   1.560000E+002   4.446657E-002
   1.570000E+002   4.489210E-002
   1.580000E+002   4.531690E-002
   1.590000E+002   4.574082E-002
   1.600000E+002   4.616367E-002
   1.610000E+002   4.658528E-002
   1.620000E+002   4.700548E-002
   1.630000E+002   4.742410E-002
   1.640000E+002   4.784099E-002
   1.650000E+002   4.825596E-002
   1.660000E+002   4.866887E-002
   1.670000E+002   4.907953E-002
   1.680000E+002   4.948779E-002
   1.690000E+002   4.989348E-002
   1.700000E+002   5.029644E-002
   1.710000E+002   5.069650E-002
   1.720000E+002   5.109349E-002
   1.730000E+002   5.148724E-002
   1.740000E+002   5.187760E-002
   1.750000E+002   5.226440E-002
   1.760000E+002   5.264746E-002
   1.770000E+002   5.302663E-002
   1.780000E+002   5.340174E-002
   1.790000E+002   5.377263E-002
   1.800000E+002   5.413912E-002
   1.810000E+002   5.450106E-002
   1.820000E+002   5.485831E-002
   1.830000E+002   5.521073E-002
   1.840000E+002   5.555821E-002
   1.850000E+002   5.590059E-002
   1.860000E+002   5.623776E-002
   1.870000E+002   5.656958E-002
   1.880000E+002   5.689592E-002
   1.890000E+002   5.721664E-002
   1.900000E+002   5.753162E-002
   1.910000E+002   5.784072E-002
   1.920000E+002   5.814381E-002
   1.930000E+002   5.844075E-002
   1.940000E+002   5.873143E-002
   1.950000E+002   5.901569E-002
   1.960000E+002   5.929342E-002
   1.970000E+002   5.956448E-002
   1.980000E+002   5.982874E-002
   1.990000E+002   6.008607E-002
   2.000000E+002   6.033632E-002
   2.010000E+002   6.057940E-002
   2.020000E+002   6.081522E-002
   2.030000E+002   6.104373E-002
   2.040000E+002   6.126489E-002
   2.050000E+002   6.147862E-002
   2.060000E+002   6.168489E-002
   2.070000E+002   6.188364E-002
   2.080000E+002   6.207481E-002
   2.090000E+002   6.225834E-002
   2.100000E+002   6.243419E-002
   2.110000E+002   6.260230E-002
   2.120000E+002   6.276261E-002
   2.130000E+002   6.291508E-002
   2.140000E+002   6.305964E-002
   2.150000E+002   6.319624E-002
   2.160000E+002   6.332483E-002
   2.170000E+002   6.344535E-002
   2.180000E+002   6.355776E-002
   2.190000E+002   6.366198E-002
   2.200000E+002   6.375798E-002
   2.210000E+002   6.384570E-002
   2.220000E+002   6.392507E-002
   2.230000E+002   6.399606E-002
   2.240000E+002   6.405860E-002
   2.250000E+002   6.411264E-002
   2.260000E+002   6.415814E-002
   2.270000E+002   6.419513E-002
   2.280000E+002   6.422366E-002
   2.290000E+002   6.424378E-002
   2.300000E+002   6.425553E-002
   2.310000E+002   6.425896E-002
   2.320000E+002   6.425412E-002
   2.330000E+002   6.424106E-002
   2.340000E+002   6.421982E-002
   2.350000E+002   6.419046E-002
   2.360000E+002   6.415301E-002
   2.370000E+002   6.410752E-002
   2.380000E+002   6.405405E-002
   2.390000E+002   6.399264E-002
   2.400000E+002   6.392333E-002
   2.410000E+002   6.384618E-002
   2.420000E+002   6.376123E-002
   2.430000E+002   6.366853E-002
   2.440000E+002   6.356812E-002
   2.450000E+002   6.346006E-002
   2.460000E+002   6.334439E-002
   2.470000E+002   6.322116E-002
   2.480000E+002   6.309041E-002
   2.490000E+002   6.295220E-002
   2.500000E+002   6.280656E-002
   2.510000E+002   6.265356E-002
   2.520000E+002   6.249330E-002
   2.530000E+002   6.232587E-002
   2.540000E+002   6.215138E-002
   2.550000E+002   6.196994E-002
   2.560000E+002   6.178164E-002
   2.570000E+002   6.158660E-002
   2.580000E+002   6.138492E-002
   2.590000E+002   6.117670E-002
   2.600000E+002   6.096205E-002
   2.610000E+002   6.074107E-002
   2.620000E+002   6.051387E-002
   2.630000E+002   6.028054E-002
   2.640000E+002   6.004121E-002
   2.650000E+002   5.979596E-002
   2.660000E+002   5.954490E-002
   2.670000E+002   5.928815E-002
   2.680000E+002   5.902580E-002
   2.690000E+002   5.875796E-002
   2.700000E+002   5.848472E-002
   2.710000E+002   5.820621E-002
   2.720000E+002   5.792251E-002
   2.730000E+002   5.763375E-002
   2.740000E+002   5.734001E-002
   2.750000E+002   5.704140E-002
   2.760000E+002   5.673805E-002
   2.770000E+002   5.643009E-002
   2.780000E+002   5.611771E-002
   2.790000E+002   5.580105E-002
   2.800000E+002   5.548029E-002
   2.810000E+002   5.515559E-002
   2.820000E+002   5.482710E-002
   2.830000E+002   5.449500E-002
   2.840000E+002   5.415946E-002
   2.850000E+002   5.382062E-002
   2.860000E+002   5.347866E-002
   2.870000E+002   5.313374E-002
   2.880000E+002   5.278603E-002
   2.890000E+002   5.243568E-002
   2.900000E+002   5.208287E-002
   2.910000E+002   5.172775E-002
   2.920000E+002   5.137049E-002
   2.930000E+002   5.101125E-002
   2.940000E+002   5.065020E-002
   2.950000E+002   5.028750E-002
   2.960000E+002   4.992331E-002
   2.970000E+002   4.955780E-002
   2.980000E+002   4.919114E-002
   2.990000E+002   4.882348E-002
   3.000000E+002   4.845499E-002
   3.010000E+002   4.808582E-002
   3.020000E+002   4.771612E-002
   3.030000E+002   4.734601E-002
   3.040000E+002   4.697561E-002
   3.050000E+002   4.660506E-002
   3.060000E+002   4.623449E-002
   3.070000E+002   4.586401E-002
   3.080000E+002   4.549377E-002
   3.090000E+002   4.512388E-002
   3.100000E+002   4.475448E-002
   3.110000E+002   4.438570E-002
   3.120000E+002   4.401766E-002
   3.130000E+002   4.365048E-002
   3.140000E+002   4.328431E-002
   3.150000E+002   4.291927E-002
   3.160000E+002   4.255548E-002
   3.170000E+002   4.219307E-002
   3.180000E+002   4.183217E-002
   3.190000E+002   4.147292E-002
   3.200000E+002   4.111543E-002
   3.210000E+002   4.075984E-002
   3.220000E+002   4.040627E-002
   3.230000E+002   4.005485E-002
   3.240000E+002   3.970572E-002
   3.250000E+002   3.935899E-002
   3.260000E+002   3.901480E-002
   3.270000E+002   3.867327E-002
   3.280000E+002   3.833454E-002
   3.290000E+002   3.799872E-002
   3.300000E+002   3.766596E-002
   3.310000E+002   3.733637E-002
   3.320000E+002   3.701009E-002
   3.330000E+002   3.668725E-002
   3.340000E+002   3.636796E-002
   3.350000E+002   3.605236E-002
   3.360000E+002   3.574058E-002
   3.370000E+002   3.543275E-002
   3.380000E+002   3.512899E-002
   3.390000E+002   3.482944E-002
   3.400000E+002   3.453421E-002
   3.410000E+002   3.424344E-002
   3.420000E+002   3.395726E-002
   3.430000E+002   3.367580E-002
   3.440000E+002   3.339917E-002
   3.450000E+002   3.312752E-002
   3.460000E+002   3.286097E-002
   3.470000E+002   3.259964E-002
   3.480000E+002   3.234367E-002
   3.490000E+002   3.209319E-002
   3.500000E+002   3.184831E-002
   3.510000E+002   3.160916E-002
   3.520000E+002   3.137574E-002
   3.530000E+002   3.114805E-002
   3.540000E+002   3.092609E-002
   3.550000E+002   3.070986E-002
   3.560000E+002   3.049934E-002
   3.570000E+002   3.029455E-002
   3.580000E+002   3.009547E-002
   3.590000E+002   2.990210E-002
   3.600000E+002   2.971444E-002
   3.610000E+002   2.953248E-002
   3.620000E+002   2.935621E-002
   3.630000E+002   2.918565E-002
   3.640000E+002   2.902078E-002
   3.650000E+002   2.886159E-002
   3.660000E+002   2.870809E-002
   3.670000E+002   2.856027E-002
   3.680000E+002   2.841813E-002
   3.690000E+002   2.828167E-002
   3.700000E+002   2.815087E-002
   3.710000E+002   2.802574E-002
   3.720000E+002   2.790627E-002
   3.730000E+002   2.779246E-002
   3.740000E+002   2.768431E-002
   3.750000E+002   2.758180E-002
   3.760000E+002   2.748495E-002
   3.770000E+002   2.739374E-002
   3.780000E+002   2.730817E-002
   3.790000E+002   2.722824E-002
   3.800000E+002   2.715394E-002
   3.810000E+002   2.708527E-002
   3.820000E+002   2.702223E-002
   3.830000E+002   2.696481E-002
   3.840000E+002   2.691300E-002
   3.850000E+002   2.686682E-002
   3.860000E+002   2.682624E-002
   3.870000E+002   2.679127E-002
   3.880000E+002   2.676191E-002
   3.890000E+002   2.673814E-002
   3.900000E+002   2.671997E-002
   3.910000E+002   2.670740E-002
   3.920000E+002   2.670041E-002
   3.930000E+002   2.669901E-002
   3.940000E+002   2.670319E-002
   3.950000E+002   2.671295E-002
   3.960000E+002   2.672829E-002
   3.970000E+002   2.674919E-002
   3.980000E+002   2.677566E-002
   3.990000E+002   2.680770E-002
   4.000000E+002   2.684529E-002
   4.010000E+002   2.688843E-002
   4.020000E+002   2.693701E-002
   4.030000E+002   2.699092E-002
   4.040000E+002   2.705007E-002
   4.050000E+002   2.711432E-002
   4.060000E+002   2.718359E-002
   4.070000E+002   2.725774E-002
   4.080000E+002   2.733669E-002
   4.090000E+002   2.742031E-002
   4.100000E+002   2.750849E-002
   4.110000E+002   2.760113E-002
   4.120000E+002   2.769812E-002
   4.130000E+002   2.779934E-002
   4.140000E+002   2.790469E-002
   4.150000E+002   2.801405E-002
   4.160000E+002   2.812731E-002
   4.170000E+002   2.824437E-002
   4.180000E+002   2.836512E-002
   4.190000E+002   2.848944E-002
   4.200000E+002   2.861722E-002
   4.210000E+002   2.874836E-002
   4.220000E+002   2.888274E-002
   4.230000E+002   2.902026E-002
   4.240000E+002   2.916080E-002
   4.250000E+002   2.930425E-002
   4.260000E+002   2.945051E-002
   4.270000E+002   2.959947E-002
   4.280000E+002   2.975100E-002
   4.290000E+002   2.990501E-002
   4.300000E+002   3.006139E-002
   4.310000E+002   3.022002E-002
   4.320000E+002   3.038079E-002
   4.330000E+002   3.054359E-002
   4.340000E+002   3.070832E-002
   4.350000E+002   3.087486E-002
   4.360000E+002   3.104310E-002
   4.370000E+002   3.121294E-002
   4.380000E+002   3.138426E-002
   4.390000E+002   3.155696E-002
   4.400000E+002   3.173091E-002
   4.410000E+002   3.190602E-002
   4.420000E+002   3.208217E-002
   4.430000E+002   3.225925E-002
   4.440000E+002   3.243716E-002
   4.450000E+002   3.261578E-002
   4.460000E+002   3.279500E-002
   4.470000E+002   3.297471E-002
   4.480000E+002   3.315481E-002
   4.490000E+002   3.333518E-002
   4.500000E+002   3.351570E-002
   4.510000E+002   3.369629E-002
   4.520000E+002   3.387684E-002
   4.530000E+002   3.405728E-002
   4.540000E+002   3.423752E-002
   4.550000E+002   3.441748E-002
   4.560000E+002   3.459707E-002
   4.570000E+002   3.477621E-002
   4.580000E+002   3.495481E-002
   4.590000E+002   3.513280E-002
   4.600000E+002   3.531009E-002
   4.610000E+002   3.548660E-002
   4.620000E+002   3.566223E-002
   4.630000E+002   3.583692E-002
   4.640000E+002   3.601056E-002
   4.650000E+002   3.618309E-002
   4.660000E+002   3.635442E-002
   4.670000E+002   3.652446E-002
   4.680000E+002   3.669313E-002
   4.690000E+002   3.686035E-002
   4.700000E+002   3.702603E-002
   4.710000E+002   3.719009E-002
   4.720000E+002   3.735245E-002
   4.730000E+002   3.751302E-002
   4.740000E+002   3.767171E-002
   4.750000E+002   3.782845E-002
   4.760000E+002   3.798316E-002
   4.770000E+002   3.813574E-002
   4.780000E+002   3.828611E-002
   4.790000E+002   3.843419E-002
   4.800000E+002   3.857990E-002
   4.810000E+002   3.872316E-002
   4.820000E+002   3.886387E-002
   4.830000E+002   3.900196E-002
   4.840000E+002   3.913734E-002
   4.850000E+002   3.926992E-002
   4.860000E+002   3.939964E-002
   4.870000E+002   3.952639E-002
   4.880000E+002   3.965011E-002
   4.890000E+002   3.977069E-002
   4.900000E+002   3.988807E-002
   4.910000E+002   4.000215E-002
   4.920000E+002   4.011286E-002
   4.930000E+002   4.022010E-002
   4.940000E+002   4.032381E-002
   4.950000E+002   4.042388E-002
   4.960000E+002   4.052024E-002
   4.970000E+002   4.061281E-002
   4.980000E+002   4.070150E-002
   4.990000E+002   4.078622E-002
   5.000000E+002   4.086690E-002
   5.010000E+002   4.094347E-002
   5.020000E+002   4.101592E-002
   5.030000E+002   4.108427E-002
   5.040000E+002   4.114853E-002
   5.050000E+002   4.120872E-002
   5.060000E+002   4.126485E-002
   5.070000E+002   4.131693E-002
   5.080000E+002   4.136497E-002
   5.090000E+002   4.140900E-002
   5.100000E+002   4.144903E-002
   5.110000E+002   4.148506E-002
   5.120000E+002   4.151712E-002
   5.130000E+002   4.154521E-002
   5.140000E+002   4.156936E-002
   5.150000E+002   4.158957E-002
   5.160000E+002   4.160586E-002
   5.170000E+002   4.161824E-002
   5.180000E+002   4.162672E-002
   5.190000E+002   4.163133E-002
   5.200000E+002   4.163207E-002
   5.210000E+002   4.162896E-002
   5.220000E+002   4.162201E-002
   5.230000E+002   4.161123E-002
   5.240000E+002   4.159665E-002
   5.250000E+002   4.157827E-002
   5.260000E+002   4.155610E-002
   5.270000E+002   4.153017E-002
   5.280000E+002   4.150048E-002
   5.290000E+002   4.146705E-002
   5.300000E+002   4.142990E-002
   5.310000E+002   4.138903E-002
   5.320000E+002   4.134446E-002
   5.330000E+002   4.129621E-002
   5.340000E+002   4.124428E-002
   5.350000E+002   4.118869E-002
   5.360000E+002   4.112947E-002
   5.370000E+002   4.106661E-002
   5.380000E+002   4.100013E-002
   5.390000E+002   4.093006E-002
   5.400000E+002   4.085639E-002
   5.410000E+002   4.077915E-002
   5.420000E+002   4.069835E-002
   5.430000E+002   4.061400E-002
   5.440000E+002   4.052612E-002
   5.450000E+002   4.043472E-002
   5.460000E+002   4.033982E-002
   5.470000E+002   4.024142E-002
   5.480000E+002   4.013955E-002
   5.490000E+002   4.003421E-002
   5.500000E+002   3.992542E-002
   5.510000E+002   3.981322E-002
   5.520000E+002   3.969769E-002
   5.530000E+002   3.957895E-002
   5.540000E+002   3.945711E-002
   5.550000E+002   3.933228E-002
   5.560000E+002   3.920458E-002
   5.570000E+002   3.907412E-002
   5.580000E+002   3.894101E-002
   5.590000E+002   3.880537E-002
   5.600000E+002   3.866730E-002
   5.610000E+002   3.852692E-002
   5.620000E+002   3.838434E-002
   5.630000E+002   3.823967E-002
   5.640000E+002   3.809303E-002
   5.650000E+002   3.794453E-002
   5.660000E+002   3.779428E-002
   5.670000E+002   3.764240E-002
   5.680000E+002   3.748899E-002
   5.690000E+002   3.733416E-002
   5.700000E+002   3.717804E-002
   5.710000E+002   3.702073E-002
   5.720000E+002   3.686235E-002
   5.730000E+002   3.670300E-002
   5.740000E+002   3.654281E-002
   5.750000E+002   3.638188E-002
   5.760000E+002   3.622032E-002
   5.770000E+002   3.605825E-002
   5.780000E+002   3.589578E-002
   5.790000E+002   3.573303E-002
   5.800000E+002   3.557010E-002
   5.810000E+002   3.540711E-002
   5.820000E+002   3.524416E-002
   5.830000E+002   3.508138E-002
   5.840000E+002   3.491888E-002
   5.850000E+002   3.475676E-002
   5.860000E+002   3.459514E-002
   5.870000E+002   3.443414E-002
   5.880000E+002   3.427386E-002
   5.890000E+002   3.411442E-002
   5.900000E+002   3.395592E-002
   5.910000E+002   3.379849E-002
   5.920000E+002   3.364224E-002
   5.930000E+002   3.348727E-002
   5.940000E+002   3.333370E-002
   5.950000E+002   3.318164E-002
   5.960000E+002   3.303121E-002
   5.970000E+002   3.288251E-002
   5.980000E+002   3.273567E-002
   5.990000E+002   3.259078E-002
   6.000000E+002   3.244797E-002
   6.010000E+002   3.230733E-002
   6.020000E+002   3.216887E-002
   6.030000E+002   3.203260E-002
   6.040000E+002   3.189851E-002
   6.050000E+002   3.176660E-002
   6.060000E+002   3.163687E-002
   6.070000E+002   3.150932E-002
   6.080000E+002   3.138396E-002
   6.090000E+002   3.126076E-002
   6.100000E+002   3.113975E-002
   6.110000E+002   3.102090E-002
   6.120000E+002   3.090423E-002
   6.130000E+002   3.078974E-002
   6.140000E+002   3.067741E-002
   6.150000E+002   3.056725E-002
   6.160000E+002   3.045926E-002
   6.170000E+002   3.035344E-002
   6.180000E+002   3.024979E-002
   6.190000E+002   3.014830E-002
   6.200000E+002   3.004897E-002
   6.210000E+002   2.995181E-002
   6.220000E+002   2.985680E-002
   6.230000E+002   2.976396E-002
   6.240000E+002   2.967327E-002
   6.250000E+002   2.958475E-002
   6.260000E+002   2.949838E-002
   6.270000E+002   2.941416E-002
   6.280000E+002   2.933210E-002
   6.290000E+002   2.925219E-002
   6.300000E+002   2.917443E-002
   6.310000E+002   2.909882E-002
   6.320000E+002   2.902536E-002
   6.330000E+002   2.895405E-002
   6.340000E+002   2.888488E-002
   6.350000E+002   2.881786E-002
   6.360000E+002   2.875299E-002
   6.370000E+002   2.869025E-002
   6.380000E+002   2.862966E-002
   6.390000E+002   2.857121E-002
   6.400000E+002   2.851490E-002
   6.410000E+002   2.846072E-002
   6.420000E+002   2.840869E-002
   6.430000E+002   2.835878E-002
   6.440000E+002   2.831102E-002
   6.450000E+002   2.826538E-002
   6.460000E+002   2.822188E-002
   6.470000E+002   2.818050E-002
   6.480000E+002   2.814126E-002
   6.490000E+002   2.810415E-002
   6.500000E+002   2.806916E-002
   6.510000E+002   2.803630E-002
   6.520000E+002   2.800558E-002
   6.530000E+002   2.797703E-002
   6.540000E+002   2.795065E-002
   6.550000E+002   2.792647E-002
   6.560000E+002   2.790450E-002
   6.570000E+002   2.788476E-002
   6.580000E+002   2.786727E-002
   6.590000E+002   2.785205E-002
   6.600000E+002   2.783910E-002
   6.610000E+002   2.782846E-002
   6.620000E+002   2.782014E-002
   6.630000E+002   2.781415E-002
   6.640000E+002   2.781051E-002
   6.650000E+002   2.780925E-002
   6.660000E+002   2.781037E-002
   6.670000E+002   2.781390E-002
   6.680000E+002   2.781984E-002
   6.690000E+002   2.782823E-002
   6.700000E+002   2.783908E-002
   6.710000E+002   2.785240E-002
   6.720000E+002   2.786822E-002
   6.730000E+002   2.788654E-002
   6.740000E+002   2.790739E-002
   6.750000E+002   2.793079E-002
   6.760000E+002   2.795675E-002
   6.770000E+002   2.798528E-002
   6.780000E+002   2.801642E-002
   6.790000E+002   2.805017E-002
   6.800000E+002   2.808655E-002
   6.810000E+002   2.812558E-002
   6.820000E+002   2.816728E-002
   6.830000E+002   2.821166E-002
   6.840000E+002   2.825875E-002
   6.850000E+002   2.830855E-002
   6.860000E+002   2.836109E-002
   6.870000E+002   2.841639E-002
   6.880000E+002   2.847446E-002
   6.890000E+002   2.853531E-002
   6.900000E+002   2.859898E-002
   6.910000E+002   2.866546E-002
   6.920000E+002   2.873479E-002
   6.930000E+002   2.880698E-002
   6.940000E+002   2.888204E-002
   6.950000E+002   2.896000E-002
   6.960000E+002   2.904087E-002
   6.970000E+002   2.912467E-002
   6.980000E+002   2.921142E-002
   6.990000E+002   2.930113E-002
   7.000000E+002   2.939382E-002
   7.010000E+002   2.948949E-002
   7.020000E+002   2.958805E-002
   7.030000E+002   2.968942E-002
   7.040000E+002   2.979348E-002
   7.050000E+002   2.990015E-002
   7.060000E+002   3.000931E-002
   7.070000E+002   3.012086E-002
   7.080000E+002   3.023472E-002
   7.090000E+002   3.035077E-002
   7.100000E+002   3.046892E-002
   7.110000E+002   3.058906E-002
   7.120000E+002   3.071110E-002
   7.130000E+002   3.083494E-002
   7.140000E+002   3.096047E-002
   7.150000E+002   3.108760E-002
   7.160000E+002   3.121622E-002
   7.170000E+002   3.134624E-002
   7.180000E+002   3.147756E-002
   7.190000E+002   3.161006E-002
   7.200000E+002   3.174367E-002
   7.210000E+002   3.187826E-002
   7.220000E+002   3.201375E-002
   7.230000E+002   3.215004E-002
   7.240000E+002   3.228702E-002
   7.250000E+002   3.242459E-002
   7.260000E+002   3.256265E-002
   7.270000E+002   3.270111E-002
   7.280000E+002   3.283986E-002
   7.290000E+002   3.297880E-002
   7.300000E+002   3.311783E-002
   7.310000E+002   3.325686E-002
   7.320000E+002   3.339578E-002
   7.330000E+002   3.353449E-002
   7.340000E+002   3.367289E-002
   7.350000E+002   3.381088E-002
   7.360000E+002   3.394836E-002
   7.370000E+002   3.408523E-002
   7.380000E+002   3.422140E-002
   7.390000E+002   3.435675E-002
   7.400000E+002   3.449119E-002
   7.410000E+002   3.462462E-002
   7.420000E+002   3.475694E-002
   7.430000E+002   3.488806E-002
   7.440000E+002   3.501785E-002
   7.450000E+002   3.514624E-002
   7.460000E+002   3.527312E-002
   7.470000E+002   3.539838E-002
   7.480000E+002   3.552194E-002
   7.490000E+002   3.564368E-002
   7.500000E+002   3.576351E-002
   7.510000E+002   3.588133E-002
   7.520000E+002   3.599712E-002
   7.530000E+002   3.611082E-002
   7.540000E+002   3.622242E-002
   7.550000E+002   3.633188E-002
   7.560000E+002   3.643917E-002
   7.570000E+002   3.654425E-002
   7.580000E+002   3.664710E-002
   7.590000E+002   3.674768E-002
   7.600000E+002   3.684597E-002
   7.610000E+002   3.694192E-002
   7.620000E+002   3.703551E-002
   7.630000E+002   3.712671E-002
   7.640000E+002   3.721548E-002
   7.650000E+002   3.730180E-002
   7.660000E+002   3.738563E-002
   7.670000E+002   3.746693E-002
   7.680000E+002   3.754569E-002
   7.690000E+002   3.762186E-002
   7.700000E+002   3.769541E-002
   7.710000E+002   3.776631E-002
   7.720000E+002   3.783454E-002
   7.730000E+002   3.790006E-002
   7.740000E+002   3.796283E-002
   7.750000E+002   3.802283E-002
   7.760000E+002   3.808002E-002
   7.770000E+002   3.813437E-002
   7.780000E+002   3.818585E-002
   7.790000E+002   3.823444E-002
   7.800000E+002   3.828008E-002
   7.810000E+002   3.832277E-002
   7.820000E+002   3.836245E-002
   7.830000E+002   3.839911E-002
   7.840000E+002   3.843271E-002
   7.850000E+002   3.846321E-002
   7.860000E+002   3.849059E-002
   7.870000E+002   3.851482E-002
   7.880000E+002   3.853586E-002
   7.890000E+002   3.855368E-002
   7.900000E+002   3.856824E-002
   7.910000E+002   3.857953E-002
   7.920000E+002   3.858750E-002
   7.930000E+002   3.859212E-002
   7.940000E+002   3.859337E-002
   7.950000E+002   3.859121E-002
   7.960000E+002   3.858560E-002
   7.970000E+002   3.857653E-002
   7.980000E+002   3.856394E-002
   7.990000E+002   3.854783E-002
   8.000000E+002   3.852814E-002
   8.010000E+002   3.850486E-002
   8.020000E+002   3.847802E-002
   8.030000E+002   3.844766E-002
   8.040000E+002   3.841380E-002
   8.050000E+002   3.837649E-002
   8.060000E+002   3.833577E-002
   8.070000E+002   3.829166E-002
   8.080000E+002   3.824421E-002
   8.090000E+002   3.819346E-002
   8.100000E+002   3.813943E-002
   8.110000E+002   3.808218E-002
   8.120000E+002   3.802172E-002
   8.130000E+002   3.795811E-002
   8.140000E+002   3.789137E-002
   8.150000E+002   3.782155E-002
   8.160000E+002   3.774868E-002
   8.170000E+002   3.767280E-002
   8.180000E+002   3.759394E-002
   8.190000E+002   3.751214E-002
   8.200000E+002   3.742744E-002
   8.210000E+002   3.733987E-002
   8.220000E+002   3.724947E-002
   8.230000E+002   3.715628E-002
   8.240000E+002   3.706034E-002
   8.250000E+002   3.696168E-002
   8.260000E+002   3.686033E-002
   8.270000E+002   3.675634E-002
   8.280000E+002   3.664975E-002
   8.290000E+002   3.654057E-002
   8.300000E+002   3.642887E-002
   8.310000E+002   3.631466E-002
   8.320000E+002   3.619800E-002
   8.330000E+002   3.607891E-002
   8.340000E+002   3.595743E-002
   8.350000E+002   3.583360E-002
   8.360000E+002   3.570745E-002
   8.370000E+002   3.557903E-002
   8.380000E+002   3.544836E-002
   8.390000E+002   3.531549E-002
   8.400000E+002   3.518045E-002
   8.410000E+002   3.504328E-002
   8.420000E+002   3.490402E-002
   8.430000E+002   3.476270E-002
   8.440000E+002   3.461936E-002
   8.450000E+002   3.447403E-002
   8.460000E+002   3.432675E-002
   8.470000E+002   3.417757E-002
   8.480000E+002   3.402651E-002
   8.490000E+002   3.387361E-002
   8.500000E+002   3.371891E-002
   8.510000E+002   3.356245E-002
   8.520000E+002   3.340430E-002
   8.530000E+002   3.324450E-002
   8.540000E+002   3.308313E-002
   8.550000E+002   3.292025E-002
   8.560000E+002   3.275592E-002
   8.570000E+002   3.259020E-002
   8.580000E+002   3.242316E-002
   8.590000E+002   3.225487E-002
   8.600000E+002   3.208538E-002
   8.610000E+002   3.191475E-002
   8.620000E+002   3.174306E-002
   8.630000E+002   3.157036E-002
   8.640000E+002   3.139672E-002
   8.650000E+002   3.122221E-002
   8.660000E+002   3.104687E-002
   8.670000E+002   3.087078E-002
   8.680000E+002   3.069400E-002
   8.690000E+002   3.051660E-002
   8.700000E+002   3.033863E-002
   8.710000E+002   3.016016E-002
   8.720000E+002   2.998126E-002
   8.730000E+002   2.980198E-002
   8.740000E+002   2.962239E-002
   8.750000E+002   2.944255E-002
   8.760000E+002   2.926253E-002
   8.770000E+002   2.908239E-002
   8.780000E+002   2.890219E-002
   8.790000E+002   2.872199E-002
   8.800000E+002   2.854187E-002
   8.810000E+002   2.836187E-002
   8.820000E+002   2.818207E-002
   8.830000E+002   2.800253E-002
   8.840000E+002   2.782331E-002
   8.850000E+002   2.764448E-002
   8.860000E+002   2.746609E-002
   8.870000E+002   2.728821E-002
   8.880000E+002   2.711091E-002
   8.890000E+002   2.693424E-002
   8.900000E+002   2.675828E-002
   8.910000E+002   2.658308E-002
   8.920000E+002   2.640870E-002
   8.930000E+002   2.623522E-002
   8.940000E+002   2.606269E-002
   8.950000E+002   2.589117E-002
   8.960000E+002   2.572074E-002
   8.970000E+002   2.555145E-002
   8.980000E+002   2.538336E-002
   8.990000E+002   2.521654E-002
   9.000000E+002   2.505106E-002
   9.010000E+002   2.488697E-002
   9.020000E+002   2.472429E-002
   9.030000E+002   2.456308E-002
   9.040000E+002   2.440334E-002
   9.050000E+002   2.424511E-002
   9.060000E+002   2.408843E-002
   9.070000E+002   2.393330E-002
   9.080000E+002   2.377978E-002
   9.090000E+002   2.362788E-002
   9.100000E+002   2.347763E-002
   9.110000E+002   2.332906E-002
   9.120000E+002   2.318220E-002
   9.130000E+002   2.303707E-002
   9.140000E+002   2.289372E-002
   9.150000E+002   2.275216E-002
   9.160000E+002   2.261242E-002
   9.170000E+002   2.247454E-002
   9.180000E+002   2.233853E-002
   9.190000E+002   2.220444E-002
   9.200000E+002   2.207228E-002
   9.210000E+002   2.194209E-002
   9.220000E+002   2.181389E-002
   9.230000E+002   2.168772E-002
   9.240000E+002   2.156359E-002
   9.250000E+002   2.144155E-002
   9.260000E+002   2.132162E-002
   9.270000E+002   2.120382E-002
   9.280000E+002   2.108819E-002
   9.290000E+002   2.097475E-002
   9.300000E+002   2.086354E-002
   9.310000E+002   2.075458E-002
   9.320000E+002   2.064789E-002
   9.330000E+002   2.054352E-002
   9.340000E+002   2.044148E-002
   9.350000E+002   2.034181E-002
   9.360000E+002   2.024453E-002
   9.370000E+002   2.014968E-002
   9.380000E+002   2.005727E-002
   9.390000E+002   1.996735E-002
   9.400000E+002   1.987993E-002
   9.410000E+002   1.979505E-002
   9.420000E+002   1.971273E-002
   9.430000E+002   1.963301E-002
   9.440000E+002   1.955591E-002
   9.450000E+002   1.948146E-002
   9.460000E+002   1.940969E-002
   9.470000E+002   1.934063E-002
   9.480000E+002   1.927430E-002
   9.490000E+002   1.921074E-002
   9.500000E+002   1.914997E-002
   9.510000E+002   1.909202E-002
   9.520000E+002   1.903686E-002
   9.530000E+002   1.898446E-002
   9.540000E+002   1.893480E-002
   9.550000E+002   1.888785E-002
   9.560000E+002   1.884357E-002
   9.570000E+002   1.880196E-002
   9.580000E+002   1.876296E-002
   9.590000E+002   1.872656E-002
   9.600000E+002   1.869273E-002
   9.610000E+002   1.866144E-002
   9.620000E+002   1.863265E-002
   9.630000E+002   1.860635E-002
   9.640000E+002   1.858251E-002
   9.650000E+002   1.856109E-002
   9.660000E+002   1.854207E-002
   9.670000E+002   1.852541E-002
   9.680000E+002   1.851110E-002
   9.690000E+002   1.849911E-002
   9.700000E+002   1.848939E-002
   9.710000E+002   1.848194E-002
   9.720000E+002   1.847671E-002
   9.730000E+002   1.847368E-002
   9.740000E+002   1.847282E-002
   9.750000E+002   1.847411E-002
   9.760000E+002   1.847751E-002
   9.770000E+002   1.848300E-002
   9.780000E+002   1.849055E-002
   9.790000E+002   1.850012E-002
   9.800000E+002   1.851170E-002
   9.810000E+002   1.852526E-002
   9.820000E+002   1.854076E-002
   9.830000E+002   1.855817E-002
   9.840000E+002   1.857748E-002
   9.850000E+002   1.859864E-002
   9.860000E+002   1.862164E-002
   9.870000E+002   1.864644E-002
   9.880000E+002   1.867302E-002
   9.890000E+002   1.870135E-002
   9.900000E+002   1.873139E-002
   9.910000E+002   1.876313E-002
   9.920000E+002   1.879653E-002
   9.930000E+002   1.883157E-002
   9.940000E+002   1.886821E-002
   9.950000E+002   1.890643E-002
   9.960000E+002   1.894619E-002
   9.970000E+002   1.898748E-002
   9.980000E+002   1.903027E-002
   9.990000E+002   1.907452E-002
   1.000000E+003   1.912020E-002
   1.001000E+003   1.916729E-002
   1.002000E+003   1.921574E-002
   1.003000E+003   1.926551E-002
   1.004000E+003   1.931653E-002
   1.005000E+003   1.936877E-002
   1.006000E+003   1.942218E-002
   1.007000E+003   1.947671E-002
   1.008000E+003   1.953230E-002
   1.009000E+003   1.958892E-002
   1.010000E+003   1.964651E-002
   1.011000E+003   1.970502E-002
   1.012000E+003   1.976441E-002
   1.013000E+003   1.982463E-002
   1.014000E+003   1.988563E-002
   1.015000E+003   1.994736E-002
   1.016000E+003   2.000977E-002
   1.017000E+003   2.007282E-002
   1.018000E+003   2.013645E-002
   1.019000E+003   2.020062E-002
   1.020000E+003   2.026528E-002
   1.021000E+003   2.033037E-002
   1.022000E+003   2.039587E-002
   1.023000E+003   2.046170E-002
   1.024000E+003   2.052783E-002
   1.025000E+003   2.059421E-002
   1.026000E+003   2.066079E-002
   1.027000E+003   2.072752E-002
   1.028000E+003   2.079435E-002
   1.029000E+003   2.086123E-002
   1.030000E+003   2.092812E-002
   1.031000E+003   2.099496E-002
   1.032000E+003   2.106172E-002
   1.033000E+003   2.112833E-002
   1.034000E+003   2.119475E-002
   1.035000E+003   2.126094E-002
   1.036000E+003   2.132685E-002
   1.037000E+003   2.139242E-002
   1.038000E+003   2.145761E-002
   1.039000E+003   2.152236E-002
   1.040000E+003   2.158664E-002
   1.041000E+003   2.165040E-002
   1.042000E+003   2.171357E-002
   1.043000E+003   2.177612E-002
   1.044000E+003   2.183801E-002
   1.045000E+003   2.189917E-002
   1.046000E+003   2.195956E-002
   1.047000E+003   2.201913E-002
   1.048000E+003   2.207784E-002
   1.049000E+003   2.213563E-002
   1.050000E+003   2.219246E-002
   1.051000E+003   2.224829E-002
   1.052000E+003   2.230308E-002
   1.053000E+003   2.235683E-002
   1.054000E+003   2.240950E-002
   1.055000E+003   2.246109E-002
   1.056000E+003   2.251156E-002
   1.057000E+003   2.256091E-002
   1.058000E+003   2.260911E-002
   1.059000E+003   2.265614E-002
   1.060000E+003   2.270198E-002
   1.061000E+003   2.274662E-002
   1.062000E+003   2.279003E-002
   1.063000E+003   2.283219E-002
   1.064000E+003   2.287309E-002
   1.065000E+003   2.291270E-002
   1.066000E+003   2.295100E-002
   1.067000E+003   2.298798E-002
   1.068000E+003   2.302361E-002
   1.069000E+003   2.305788E-002
   1.070000E+003   2.309077E-002
   1.071000E+003   2.312225E-002
   1.072000E+003   2.315231E-002
   1.073000E+003   2.318093E-002
   1.074000E+003   2.320808E-002
   1.075000E+003   2.323375E-002
   1.076000E+003   2.325792E-002
   1.077000E+003   2.328057E-002
   1.078000E+003   2.330167E-002
   1.079000E+003   2.332122E-002
   1.080000E+003   2.333918E-002
   1.081000E+003   2.335554E-002
   1.082000E+003   2.337029E-002
   1.083000E+003   2.338339E-002
   1.084000E+003   2.339484E-002
   1.085000E+003   2.340461E-002
   1.086000E+003   2.341267E-002
   1.087000E+003   2.341903E-002
   1.088000E+003   2.342364E-002
   1.089000E+003   2.342649E-002
   1.090000E+003   2.342757E-002
   1.091000E+003   2.342685E-002
   1.092000E+003   2.342432E-002
   1.093000E+003   2.341995E-002
   1.094000E+003   2.341373E-002
   1.095000E+003   2.340562E-002
   1.096000E+003   2.339563E-002
   1.097000E+003   2.338372E-002
   1.098000E+003   2.336988E-002
   1.099000E+003   2.335408E-002
   1.100000E+003   2.333631E-002
   1.101000E+003   2.331655E-002
   1.102000E+003   2.329483E-002
   1.103000E+003   2.327118E-002
   1.104000E+003   2.324562E-002
   1.105000E+003   2.321819E-002
   1.106000E+003   2.318891E-002
   1.107000E+003   2.315781E-002
   1.108000E+003   2.312493E-002
   1.109000E+003   2.309029E-002
   1.110000E+003   2.305392E-002
   1.111000E+003   2.301585E-002
   1.112000E+003   2.297611E-002
   1.113000E+003   2.293473E-002
   1.114000E+003   2.289175E-002
   1.115000E+003   2.284718E-002
   1.116000E+003   2.280105E-002
   1.117000E+003   2.275341E-002
   1.118000E+003   2.270427E-002
   1.119000E+003   2.265367E-002
   1.120000E+003   2.260164E-002
   1.121000E+003   2.254820E-002
   1.122000E+003   2.249338E-002
   1.123000E+003   2.243722E-002
   1.124000E+003   2.237974E-002
   1.125000E+003   2.232098E-002
   1.126000E+003   2.226096E-002
   1.127000E+003   2.219971E-002
   1.128000E+003   2.213726E-002
   1.129000E+003   2.207364E-002
   1.130000E+003   2.200888E-002
   1.131000E+003   2.194301E-002
   1.132000E+003   2.187606E-002
   1.133000E+003   2.180805E-002
   1.134000E+003   2.173903E-002
   1.135000E+003   2.166901E-002
   1.136000E+003   2.159803E-002
   1.137000E+003   2.152611E-002
   1.138000E+003   2.145329E-002
   1.139000E+003   2.137959E-002
   1.140000E+003   2.130505E-002
   1.141000E+003   2.122969E-002
   1.142000E+003   2.115354E-002
   1.143000E+003   2.107664E-002
   1.144000E+003   2.099901E-002
   1.145000E+003   2.092068E-002
   1.146000E+003   2.084167E-002
   1.147000E+003   2.076203E-002
   1.148000E+003   2.068178E-002
   1.149000E+003   2.060095E-002
   1.150000E+003   2.051956E-002
   1.151000E+003   2.043765E-002
   1.152000E+003   2.035523E-002
   1.153000E+003   2.027230E-002
   1.154000E+003   2.018889E-002
   1.155000E+003   2.010499E-002
   1.156000E+003   2.002063E-002
   1.157000E+003   1.993580E-002
   1.158000E+003   1.985052E-002
   1.159000E+003   1.976481E-002
   1.160000E+003   1.967867E-002
   1.161000E+003   1.959210E-002
   1.162000E+003   1.950514E-002
   1.163000E+003   1.941777E-002
   1.164000E+003   1.933002E-002
   1.165000E+003   1.924189E-002
   1.166000E+003   1.915339E-002
   1.167000E+003   1.906454E-002
   1.168000E+003   1.897535E-002
   1.169000E+003   1.888582E-002
   1.170000E+003   1.879597E-002
   1.171000E+003   1.870580E-002
   1.172000E+003   1.861533E-002
   1.173000E+003   1.852457E-002
   1.174000E+003   1.843353E-002
   1.175000E+003   1.834221E-002
   1.176000E+003   1.825063E-002
   1.177000E+003   1.815881E-002
   1.178000E+003   1.806674E-002
   1.179000E+003   1.797444E-002
   1.180000E+003   1.788192E-002
   1.181000E+003   1.778919E-002
   1.182000E+003   1.769627E-002
   1.183000E+003   1.760316E-002
   1.184000E+003   1.750987E-002
   1.185000E+003   1.741641E-002
   1.186000E+003   1.732279E-002
   1.187000E+003   1.722903E-002
   1.188000E+003   1.713513E-002
   1.189000E+003   1.704111E-002
   1.190000E+003   1.694697E-002
   1.191000E+003   1.685273E-002
   1.192000E+003   1.675840E-002
   1.193000E+003   1.666398E-002
   1.194000E+003   1.656949E-002
   1.195000E+003   1.647493E-002
   1.196000E+003   1.638032E-002
   1.197000E+003   1.628567E-002
   1.198000E+003   1.619099E-002
   1.199000E+003   1.609629E-002
   1.200000E+003   1.600158E-002
