   1.000000E+000   1.820484E-002
   2.000000E+000   2.307358E-002
   3.000000E+000   2.794232E-002
   4.000000E+000   2.836639E-002
   5.000000E+000   2.808097E-002
   6.000000E+000   2.803728E-002
   7.000000E+000   2.796745E-002
   8.000000E+000   2.787788E-002
   9.000000E+000   2.782591E-002
   1.000000E+001   2.779815E-002
   1.100000E+001   2.776947E-002
   1.200000E+001   2.773843E-002
   1.300000E+001   2.770839E-002
   1.400000E+001   2.767820E-002
   1.500000E+001   2.764561E-002
   1.600000E+001   2.760871E-002
   1.700000E+001   2.756712E-002
   1.800000E+001   2.752081E-002
   1.900000E+001   2.746975E-002
   2.000000E+001   2.741391E-002
   2.100000E+001   2.735332E-002
   2.200000E+001   2.728821E-002
   2.300000E+001   2.721887E-002
   2.400000E+001   2.714559E-002
   2.500000E+001   2.706864E-002
   2.600000E+001   2.698833E-002
   2.700000E+001   2.690492E-002
   2.800000E+001   2.681872E-002
   2.900000E+001   2.673000E-002
   3.000000E+001   2.663905E-002
   3.100000E+001   2.654613E-002
   3.200000E+001   2.645145E-002
   3.300000E+001   2.635517E-002
   3.400000E+001   2.625746E-002
   3.500000E+001   2.615850E-002
   3.600000E+001   2.605845E-002
   3.700000E+001   2.595750E-002
   3.800000E+001   2.585581E-002
   3.900000E+001   2.575356E-002
   4.000000E+001   2.565091E-002
   4.100000E+001   2.554813E-002
   4.200000E+001   2.544584E-002
   4.300000E+001   2.534475E-002
   4.400000E+001   2.524555E-002
   4.500000E+001   2.514896E-002
   4.600000E+001   2.505568E-002
   4.700000E+001   2.496643E-002
   4.800000E+001   2.488189E-002
   4.900000E+001   2.480280E-002
   5.000000E+001   2.472984E-002
   5.100000E+001   2.466345E-002
   5.200000E+001   2.460301E-002
   5.300000E+001   2.454759E-002
   5.400000E+001   2.449630E-002
   5.500000E+001   2.444823E-002
   5.600000E+001   2.440246E-002
   5.700000E+001   2.435809E-002
   5.800000E+001   2.431422E-002
   5.900000E+001   2.426994E-002
   6.000000E+001   2.422433E-002
   6.100000E+001   2.417687E-002
   6.200000E+001   2.412854E-002
   6.300000E+001   2.408070E-002
   6.400000E+001   2.403471E-002
   6.500000E+001   2.399193E-002
   6.600000E+001   2.395371E-002
   6.700000E+001   2.392142E-002
   6.800000E+001   2.389641E-002
   6.900000E+001   2.388004E-002
   7.000000E+001   2.387368E-002
   7.100000E+001   2.387836E-002
   7.200000E+001   2.389392E-002
   7.300000E+001   2.391984E-002
   7.400000E+001   2.395564E-002
   7.500000E+001   2.400083E-002
   7.600000E+001   2.405491E-002
   7.700000E+001   2.411738E-002
   7.800000E+001   2.418775E-002
   7.900000E+001   2.426553E-002
   8.000000E+001   2.435022E-002
   8.100000E+001   2.444145E-002
   8.200000E+001   2.453927E-002
   8.300000E+001   2.464387E-002
   8.400000E+001   2.475544E-002
   8.500000E+001   2.487415E-002
   8.600000E+001   2.500019E-002
   8.700000E+001   2.513373E-002
   8.800000E+001   2.527496E-002
   8.900000E+001   2.542406E-002
   9.000000E+001   2.558121E-002
   9.100000E+001   2.574656E-002
   9.200000E+001   2.592010E-002
   9.300000E+001   2.610178E-002
   9.400000E+001   2.629156E-002
   9.500000E+001   2.648939E-002
   9.600000E+001   2.669524E-002
   9.700000E+001   2.690905E-002
   9.800000E+001   2.713079E-002
   9.900000E+001   2.736040E-002
   1.000000E+002   2.759785E-002
   1.010000E+002   2.784308E-002
   1.020000E+002   2.809602E-002
   1.030000E+002   2.835659E-002
   1.040000E+002   2.862470E-002
   1.050000E+002   2.890029E-002
   1.060000E+002   2.918325E-002
   1.070000E+002   2.947353E-002
   1.080000E+002   2.977102E-002
   1.090000E+002   3.007566E-002
   1.100000E+002   3.038737E-002
   1.110000E+002   3.070605E-002
   1.120000E+002   3.103164E-002
   1.130000E+002   3.136404E-002
   1.140000E+002   3.170318E-002
   1.150000E+002   3.204899E-002
   1.160000E+002   3.240137E-002
   1.170000E+002   3.276024E-002
   1.180000E+002   3.312554E-002
   1.190000E+002   3.349717E-002
   1.200000E+002   3.387505E-002
   1.210000E+002   3.425909E-002
   1.220000E+002   3.464913E-002
   1.230000E+002   3.504499E-002
   1.240000E+002   3.544650E-002
   1.250000E+002   3.585349E-002
   1.260000E+002   3.626577E-002
   1.270000E+002   3.668318E-002
   1.280000E+002   3.710554E-002
   1.290000E+002   3.753267E-002
   1.300000E+002   3.796440E-002
   1.310000E+002   3.840055E-002
   1.320000E+002   3.884095E-002
   1.330000E+002   3.928543E-002
   1.340000E+002   3.973380E-002
   1.350000E+002   4.018590E-002
   1.360000E+002   4.064155E-002
   1.370000E+002   4.110057E-002
   1.380000E+002   4.156279E-002
   1.390000E+002   4.202804E-002
   1.400000E+002   4.249613E-002
   1.410000E+002   4.296689E-002
   1.420000E+002   4.344013E-002
   1.430000E+002   4.391565E-002
   1.440000E+002   4.439326E-002
   1.450000E+002   4.487275E-002
   1.460000E+002   4.535393E-002
   1.470000E+002   4.583660E-002
   1.480000E+002   4.632056E-002
   1.490000E+002   4.680562E-002
   1.500000E+002   4.729159E-002
   1.510000E+002   4.777826E-002
   1.520000E+002   4.826543E-002
   1.530000E+002   4.875292E-002
   1.540000E+002   4.924052E-002
   1.550000E+002   4.972803E-002
   1.560000E+002   5.021526E-002
   1.570000E+002   5.070202E-002
   1.580000E+002   5.118810E-002
   1.590000E+002   5.167331E-002
   1.600000E+002   5.215745E-002
   1.610000E+002   5.264032E-002
   1.620000E+002   5.312174E-002
   1.630000E+002   5.360150E-002
   1.640000E+002   5.407941E-002
   1.650000E+002   5.455529E-002
   1.660000E+002   5.502892E-002
   1.670000E+002   5.550014E-002
   1.680000E+002   5.596872E-002
   1.690000E+002   5.643450E-002
   1.700000E+002   5.689726E-002
   1.710000E+002   5.735682E-002
   1.720000E+002   5.781298E-002
   1.730000E+002   5.826555E-002
   1.740000E+002   5.871434E-002
   1.750000E+002   5.915915E-002
   1.760000E+002   5.959978E-002
   1.770000E+002   6.003606E-002
   1.780000E+002   6.046777E-002
   1.790000E+002   6.089473E-002
   1.800000E+002   6.131674E-002
   1.810000E+002   6.173362E-002
   1.820000E+002   6.214521E-002
   1.830000E+002   6.255136E-002
   1.840000E+002   6.295192E-002
   1.850000E+002   6.334674E-002
   1.860000E+002   6.373568E-002
   1.870000E+002   6.411858E-002
   1.880000E+002   6.449529E-002
   1.890000E+002   6.486567E-002
   1.900000E+002   6.522957E-002
   1.910000E+002   6.558683E-002
   1.920000E+002   6.593731E-002
   1.930000E+002   6.628086E-002
   1.940000E+002   6.661733E-002
   1.950000E+002   6.694656E-002
   1.960000E+002   6.726842E-002
   1.970000E+002   6.758275E-002
   1.980000E+002   6.788940E-002
   1.990000E+002   6.818822E-002
   2.000000E+002   6.847906E-002
   2.010000E+002   6.876180E-002
   2.020000E+002   6.903634E-002
   2.030000E+002   6.930263E-002
   2.040000E+002   6.956061E-002
   2.050000E+002   6.981020E-002
   2.060000E+002   7.005135E-002
   2.070000E+002   7.028400E-002
   2.080000E+002   7.050807E-002
   2.090000E+002   7.072351E-002
   2.100000E+002   7.093026E-002
   2.110000E+002   7.112825E-002
   2.120000E+002   7.131741E-002
   2.130000E+002   7.149768E-002
   2.140000E+002   7.166901E-002
   2.150000E+002   7.183132E-002
   2.160000E+002   7.198455E-002
   2.170000E+002   7.212865E-002
   2.180000E+002   7.226354E-002
   2.190000E+002   7.238916E-002
   2.200000E+002   7.250545E-002
   2.210000E+002   7.261235E-002
   2.220000E+002   7.270979E-002
   2.230000E+002   7.279771E-002
   2.240000E+002   7.287604E-002
   2.250000E+002   7.294473E-002
   2.260000E+002   7.300372E-002
   2.270000E+002   7.305306E-002
   2.280000E+002   7.309278E-002
   2.290000E+002   7.312294E-002
   2.300000E+002   7.314359E-002
   2.310000E+002   7.315478E-002
   2.320000E+002   7.315656E-002
   2.330000E+002   7.314898E-002
   2.340000E+002   7.313209E-002
   2.350000E+002   7.310593E-002
   2.360000E+002   7.307057E-002
   2.370000E+002   7.302604E-002
   2.380000E+002   7.297241E-002
   2.390000E+002   7.290971E-002
   2.400000E+002   7.283800E-002
   2.410000E+002   7.275733E-002
   2.420000E+002   7.266775E-002
   2.430000E+002   7.256930E-002
   2.440000E+002   7.246205E-002
   2.450000E+002   7.234604E-002
   2.460000E+002   7.222131E-002
   2.470000E+002   7.208792E-002
   2.480000E+002   7.194593E-002
   2.490000E+002   7.179537E-002
   2.500000E+002   7.163630E-002
   2.510000E+002   7.146878E-002
   2.520000E+002   7.129292E-002
   2.530000E+002   7.110883E-002
   2.540000E+002   7.091664E-002
   2.550000E+002   7.071646E-002
   2.560000E+002   7.050841E-002
   2.570000E+002   7.029261E-002
   2.580000E+002   7.006918E-002
   2.590000E+002   6.983823E-002
   2.600000E+002   6.959989E-002
   2.610000E+002   6.935427E-002
   2.620000E+002   6.910150E-002
   2.630000E+002   6.884168E-002
   2.640000E+002   6.857494E-002
   2.650000E+002   6.830139E-002
   2.660000E+002   6.802116E-002
   2.670000E+002   6.773437E-002
   2.680000E+002   6.744112E-002
   2.690000E+002   6.714155E-002
   2.700000E+002   6.683576E-002
   2.710000E+002   6.652388E-002
   2.720000E+002   6.620603E-002
   2.730000E+002   6.588231E-002
   2.740000E+002   6.555286E-002
   2.750000E+002   6.521779E-002
   2.760000E+002   6.487723E-002
   2.770000E+002   6.453136E-002
   2.780000E+002   6.418036E-002
   2.790000E+002   6.382443E-002
   2.800000E+002   6.346374E-002
   2.810000E+002   6.309850E-002
   2.820000E+002   6.272888E-002
   2.830000E+002   6.235508E-002
   2.840000E+002   6.197729E-002
   2.850000E+002   6.159568E-002
   2.860000E+002   6.121046E-002
   2.870000E+002   6.082181E-002
   2.880000E+002   6.042991E-002
   2.890000E+002   6.003496E-002
   2.900000E+002   5.963714E-002
   2.910000E+002   5.923665E-002
   2.920000E+002   5.883366E-002
   2.930000E+002   5.842837E-002
   2.940000E+002   5.802097E-002
   2.950000E+002   5.761165E-002
   2.960000E+002   5.720058E-002
   2.970000E+002   5.678797E-002
   2.980000E+002   5.637400E-002
   2.990000E+002   5.595886E-002
   3.000000E+002   5.554273E-002
   3.010000E+002   5.512580E-002
   3.020000E+002   5.470822E-002
   3.030000E+002   5.429013E-002
   3.040000E+002   5.387170E-002
   3.050000E+002   5.345306E-002
   3.060000E+002   5.303435E-002
   3.070000E+002   5.261574E-002
   3.080000E+002   5.219735E-002
   3.090000E+002   5.177935E-002
   3.100000E+002   5.136188E-002
   3.110000E+002   5.094508E-002
   3.120000E+002   5.052911E-002
   3.130000E+002   5.011411E-002
   3.140000E+002   4.970022E-002
   3.150000E+002   4.928760E-002
   3.160000E+002   4.887639E-002
   3.170000E+002   4.846673E-002
   3.180000E+002   4.805879E-002
   3.190000E+002   4.765269E-002
   3.200000E+002   4.724860E-002
   3.210000E+002   4.684665E-002
   3.220000E+002   4.644700E-002
   3.230000E+002   4.604979E-002
   3.240000E+002   4.565516E-002
   3.250000E+002   4.526328E-002
   3.260000E+002   4.487427E-002
   3.270000E+002   4.448830E-002
   3.280000E+002   4.410550E-002
   3.290000E+002   4.372603E-002
   3.300000E+002   4.335003E-002
   3.310000E+002   4.297765E-002
   3.320000E+002   4.260903E-002
   3.330000E+002   4.224433E-002
   3.340000E+002   4.188369E-002
   3.350000E+002   4.152725E-002
   3.360000E+002   4.117517E-002
   3.370000E+002   4.082759E-002
   3.380000E+002   4.048466E-002
   3.390000E+002   4.014652E-002
   3.400000E+002   3.981333E-002
   3.410000E+002   3.948523E-002
   3.420000E+002   3.916236E-002
   3.430000E+002   3.884488E-002
   3.440000E+002   3.853293E-002
   3.450000E+002   3.822666E-002
   3.460000E+002   3.792622E-002
   3.470000E+002   3.763175E-002
   3.480000E+002   3.734340E-002
   3.490000E+002   3.706131E-002
   3.500000E+002   3.678565E-002
   3.510000E+002   3.651651E-002
   3.520000E+002   3.625394E-002
   3.530000E+002   3.599792E-002
   3.540000E+002   3.574845E-002
   3.550000E+002   3.550553E-002
   3.560000E+002   3.526916E-002
   3.570000E+002   3.503932E-002
   3.580000E+002   3.481602E-002
   3.590000E+002   3.459926E-002
   3.600000E+002   3.438902E-002
   3.610000E+002   3.418532E-002
   3.620000E+002   3.398813E-002
   3.630000E+002   3.379747E-002
   3.640000E+002   3.361332E-002
   3.650000E+002   3.343569E-002
   3.660000E+002   3.326456E-002
   3.670000E+002   3.309994E-002
   3.680000E+002   3.294183E-002
   3.690000E+002   3.279021E-002
   3.700000E+002   3.264508E-002
   3.710000E+002   3.250645E-002
   3.720000E+002   3.237431E-002
   3.730000E+002   3.224866E-002
   3.740000E+002   3.212948E-002
   3.750000E+002   3.201678E-002
   3.760000E+002   3.191056E-002
   3.770000E+002   3.181081E-002
   3.780000E+002   3.171752E-002
   3.790000E+002   3.163070E-002
   3.800000E+002   3.155034E-002
   3.810000E+002   3.147644E-002
   3.820000E+002   3.140899E-002
   3.830000E+002   3.134799E-002
   3.840000E+002   3.129344E-002
   3.850000E+002   3.124533E-002
   3.860000E+002   3.120366E-002
   3.870000E+002   3.116843E-002
   3.880000E+002   3.113963E-002
   3.890000E+002   3.111726E-002
   3.900000E+002   3.110131E-002
   3.910000E+002   3.109179E-002
   3.920000E+002   3.108869E-002
   3.930000E+002   3.109200E-002
   3.940000E+002   3.110172E-002
   3.950000E+002   3.111785E-002
   3.960000E+002   3.114039E-002
   3.970000E+002   3.116933E-002
   3.980000E+002   3.120466E-002
   3.990000E+002   3.124639E-002
   4.000000E+002   3.129451E-002
   4.010000E+002   3.134900E-002
   4.020000E+002   3.140974E-002
   4.030000E+002   3.147662E-002
   4.040000E+002   3.154951E-002
   4.050000E+002   3.162826E-002
   4.060000E+002   3.171277E-002
   4.070000E+002   3.180290E-002
   4.080000E+002   3.189852E-002
   4.090000E+002   3.199950E-002
   4.100000E+002   3.210572E-002
   4.110000E+002   3.221705E-002
   4.120000E+002   3.233336E-002
   4.130000E+002   3.245453E-002
   4.140000E+002   3.258041E-002
   4.150000E+002   3.271090E-002
   4.160000E+002   3.284586E-002
   4.170000E+002   3.298516E-002
   4.180000E+002   3.312867E-002
   4.190000E+002   3.327627E-002
   4.200000E+002   3.342782E-002
   4.210000E+002   3.358321E-002
   4.220000E+002   3.374230E-002
   4.230000E+002   3.390497E-002
   4.240000E+002   3.407108E-002
   4.250000E+002   3.424051E-002
   4.260000E+002   3.441313E-002
   4.270000E+002   3.458881E-002
   4.280000E+002   3.476743E-002
   4.290000E+002   3.494886E-002
   4.300000E+002   3.513297E-002
   4.310000E+002   3.531963E-002
   4.320000E+002   3.550872E-002
   4.330000E+002   3.570010E-002
   4.340000E+002   3.589364E-002
   4.350000E+002   3.608923E-002
   4.360000E+002   3.628674E-002
   4.370000E+002   3.648602E-002
   4.380000E+002   3.668697E-002
   4.390000E+002   3.688944E-002
   4.400000E+002   3.709331E-002
   4.410000E+002   3.729846E-002
   4.420000E+002   3.750476E-002
   4.430000E+002   3.771207E-002
   4.440000E+002   3.792027E-002
   4.450000E+002   3.812923E-002
   4.460000E+002   3.833883E-002
   4.470000E+002   3.854893E-002
   4.480000E+002   3.875942E-002
   4.490000E+002   3.897015E-002
   4.500000E+002   3.918101E-002
   4.510000E+002   3.939186E-002
   4.520000E+002   3.960262E-002
   4.530000E+002   3.981318E-002
   4.540000E+002   4.002346E-002
   4.550000E+002   4.023335E-002
   4.560000E+002   4.044276E-002
   4.570000E+002   4.065160E-002
   4.580000E+002   4.085978E-002
   4.590000E+002   4.106720E-002
   4.600000E+002   4.127375E-002
   4.610000E+002   4.147936E-002
   4.620000E+002   4.168393E-002
   4.630000E+002   4.188735E-002
   4.640000E+002   4.208954E-002
   4.650000E+002   4.229041E-002
   4.660000E+002   4.248985E-002
   4.670000E+002   4.268777E-002
   4.680000E+002   4.288409E-002
   4.690000E+002   4.307869E-002
   4.700000E+002   4.327150E-002
   4.710000E+002   4.346241E-002
   4.720000E+002   4.365133E-002
   4.730000E+002   4.383817E-002
   4.740000E+002   4.402283E-002
   4.750000E+002   4.420521E-002
   4.760000E+002   4.438523E-002
   4.770000E+002   4.456279E-002
   4.780000E+002   4.473779E-002
   4.790000E+002   4.491013E-002
   4.800000E+002   4.507974E-002
   4.810000E+002   4.524650E-002
   4.820000E+002   4.541033E-002
   4.830000E+002   4.557113E-002
   4.840000E+002   4.572880E-002
   4.850000E+002   4.588326E-002
   4.860000E+002   4.603440E-002
   4.870000E+002   4.618214E-002
   4.880000E+002   4.632638E-002
   4.890000E+002   4.646701E-002
   4.900000E+002   4.660396E-002
   4.910000E+002   4.673713E-002
   4.920000E+002   4.686641E-002
   4.930000E+002   4.699172E-002
   4.940000E+002   4.711296E-002
   4.950000E+002   4.723004E-002
   4.960000E+002   4.734286E-002
   4.970000E+002   4.745133E-002
   4.980000E+002   4.755535E-002
   4.990000E+002   4.765483E-002
   5.000000E+002   4.774968E-002
   5.010000E+002   4.783981E-002
   5.020000E+002   4.792523E-002
   5.030000E+002   4.800595E-002
   5.040000E+002   4.808199E-002
   5.050000E+002   4.815336E-002
   5.060000E+002   4.822009E-002
   5.070000E+002   4.828218E-002
   5.080000E+002   4.833965E-002
   5.090000E+002   4.839252E-002
   5.100000E+002   4.844081E-002
   5.110000E+002   4.848453E-002
   5.120000E+002   4.852369E-002
   5.130000E+002   4.855832E-002
   5.140000E+002   4.858843E-002
   5.150000E+002   4.861403E-002
   5.160000E+002   4.863515E-002
   5.170000E+002   4.865179E-002
   5.180000E+002   4.866397E-002
   5.190000E+002   4.867172E-002
   5.200000E+002   4.867504E-002
   5.210000E+002   4.867396E-002
   5.220000E+002   4.866848E-002
   5.230000E+002   4.865863E-002
   5.240000E+002   4.864441E-002
   5.250000E+002   4.862586E-002
   5.260000E+002   4.860297E-002
   5.270000E+002   4.857578E-002
   5.280000E+002   4.854429E-002
   5.290000E+002   4.850852E-002
   5.300000E+002   4.846849E-002
   5.310000E+002   4.842421E-002
   5.320000E+002   4.837570E-002
   5.330000E+002   4.832298E-002
   5.340000E+002   4.826606E-002
   5.350000E+002   4.820495E-002
   5.360000E+002   4.813968E-002
   5.370000E+002   4.807026E-002
   5.380000E+002   4.799671E-002
   5.390000E+002   4.791904E-002
   5.400000E+002   4.783726E-002
   5.410000E+002   4.775141E-002
   5.420000E+002   4.766148E-002
   5.430000E+002   4.756750E-002
   5.440000E+002   4.746948E-002
   5.450000E+002   4.736744E-002
   5.460000E+002   4.726139E-002
   5.470000E+002   4.715136E-002
   5.480000E+002   4.703735E-002
   5.490000E+002   4.691939E-002
   5.500000E+002   4.679749E-002
   5.510000E+002   4.667167E-002
   5.520000E+002   4.654205E-002
   5.530000E+002   4.640872E-002
   5.540000E+002   4.627179E-002
   5.550000E+002   4.613138E-002
   5.560000E+002   4.598760E-002
   5.570000E+002   4.584056E-002
   5.580000E+002   4.569036E-002
   5.590000E+002   4.553711E-002
   5.600000E+002   4.538094E-002
   5.610000E+002   4.522194E-002
   5.620000E+002   4.506022E-002
   5.630000E+002   4.489591E-002
   5.640000E+002   4.472910E-002
   5.650000E+002   4.455991E-002
   5.660000E+002   4.438845E-002
   5.670000E+002   4.421482E-002
   5.680000E+002   4.403914E-002
   5.690000E+002   4.386152E-002
   5.700000E+002   4.368207E-002
   5.710000E+002   4.350089E-002
   5.720000E+002   4.331810E-002
   5.730000E+002   4.313382E-002
   5.740000E+002   4.294814E-002
   5.750000E+002   4.276117E-002
   5.760000E+002   4.257304E-002
   5.770000E+002   4.238385E-002
   5.780000E+002   4.219370E-002
   5.790000E+002   4.200271E-002
   5.800000E+002   4.181099E-002
   5.810000E+002   4.161866E-002
   5.820000E+002   4.142581E-002
   5.830000E+002   4.123256E-002
   5.840000E+002   4.103902E-002
   5.850000E+002   4.084530E-002
   5.860000E+002   4.065150E-002
   5.870000E+002   4.045775E-002
   5.880000E+002   4.026415E-002
   5.890000E+002   4.007081E-002
   5.900000E+002   3.987784E-002
   5.910000E+002   3.968535E-002
   5.920000E+002   3.949345E-002
   5.930000E+002   3.930225E-002
   5.940000E+002   3.911186E-002
   5.950000E+002   3.892239E-002
   5.960000E+002   3.873396E-002
   5.970000E+002   3.854666E-002
   5.980000E+002   3.836062E-002
   5.990000E+002   3.817593E-002
   6.000000E+002   3.799272E-002
   6.010000E+002   3.781108E-002
   6.020000E+002   3.763108E-002
   6.030000E+002   3.745277E-002
   6.040000E+002   3.727621E-002
   6.050000E+002   3.710144E-002
   6.060000E+002   3.692854E-002
   6.070000E+002   3.675754E-002
   6.080000E+002   3.658852E-002
   6.090000E+002   3.642151E-002
   6.100000E+002   3.625659E-002
   6.110000E+002   3.609379E-002
   6.120000E+002   3.593318E-002
   6.130000E+002   3.577482E-002
   6.140000E+002   3.561875E-002
   6.150000E+002   3.546504E-002
   6.160000E+002   3.531373E-002
   6.170000E+002   3.516489E-002
   6.180000E+002   3.501856E-002
   6.190000E+002   3.487481E-002
   6.200000E+002   3.473368E-002
   6.210000E+002   3.459524E-002
   6.220000E+002   3.445954E-002
   6.230000E+002   3.432663E-002
   6.240000E+002   3.419656E-002
   6.250000E+002   3.406940E-002
   6.260000E+002   3.394520E-002
   6.270000E+002   3.382402E-002
   6.280000E+002   3.370590E-002
   6.290000E+002   3.359090E-002
   6.300000E+002   3.347909E-002
   6.310000E+002   3.337051E-002
   6.320000E+002   3.326521E-002
   6.330000E+002   3.316327E-002
   6.340000E+002   3.306472E-002
   6.350000E+002   3.296962E-002
   6.360000E+002   3.287803E-002
   6.370000E+002   3.279001E-002
   6.380000E+002   3.270561E-002
   6.390000E+002   3.262488E-002
   6.400000E+002   3.254788E-002
   6.410000E+002   3.247467E-002
   6.420000E+002   3.240530E-002
   6.430000E+002   3.233982E-002
   6.440000E+002   3.227829E-002
   6.450000E+002   3.222076E-002
   6.460000E+002   3.216730E-002
   6.470000E+002   3.211795E-002
   6.480000E+002   3.207277E-002
   6.490000E+002   3.203182E-002
   6.500000E+002   3.199514E-002
   6.510000E+002   3.196279E-002
   6.520000E+002   3.193473E-002
   6.530000E+002   3.191092E-002
   6.540000E+002   3.189133E-002
   6.550000E+002   3.187591E-002
   6.560000E+002   3.186461E-002
   6.570000E+002   3.185740E-002
   6.580000E+002   3.185424E-002
   6.590000E+002   3.185509E-002
   6.600000E+002   3.185990E-002
   6.610000E+002   3.186864E-002
   6.620000E+002   3.188125E-002
   6.630000E+002   3.189771E-002
   6.640000E+002   3.191797E-002
   6.650000E+002   3.194198E-002
   6.660000E+002   3.196972E-002
   6.670000E+002   3.200113E-002
   6.680000E+002   3.203617E-002
   6.690000E+002   3.207481E-002
   6.700000E+002   3.211700E-002
   6.710000E+002   3.216270E-002
   6.720000E+002   3.221187E-002
   6.730000E+002   3.226447E-002
   6.740000E+002   3.232046E-002
   6.750000E+002   3.237980E-002
   6.760000E+002   3.244244E-002
   6.770000E+002   3.250834E-002
   6.780000E+002   3.257747E-002
   6.790000E+002   3.264978E-002
   6.800000E+002   3.272523E-002
   6.810000E+002   3.280378E-002
   6.820000E+002   3.288539E-002
   6.830000E+002   3.297001E-002
   6.840000E+002   3.305761E-002
   6.850000E+002   3.314815E-002
   6.860000E+002   3.324157E-002
   6.870000E+002   3.333785E-002
   6.880000E+002   3.343694E-002
   6.890000E+002   3.353880E-002
   6.900000E+002   3.364339E-002
   6.910000E+002   3.375067E-002
   6.920000E+002   3.386059E-002
   6.930000E+002   3.397312E-002
   6.940000E+002   3.408821E-002
   6.950000E+002   3.420582E-002
   6.960000E+002   3.432592E-002
   6.970000E+002   3.444845E-002
   6.980000E+002   3.457338E-002
   6.990000E+002   3.470067E-002
   7.000000E+002   3.483028E-002
   7.010000E+002   3.496216E-002
   7.020000E+002   3.509622E-002
   7.030000E+002   3.523238E-002
   7.040000E+002   3.537055E-002
   7.050000E+002   3.551065E-002
   7.060000E+002   3.565258E-002
   7.070000E+002   3.579626E-002
   7.080000E+002   3.594160E-002
   7.090000E+002   3.608852E-002
   7.100000E+002   3.623691E-002
   7.110000E+002   3.638671E-002
   7.120000E+002   3.653781E-002
   7.130000E+002   3.669013E-002
   7.140000E+002   3.684358E-002
   7.150000E+002   3.699808E-002
   7.160000E+002   3.715354E-002
   7.170000E+002   3.730987E-002
   7.180000E+002   3.746698E-002
   7.190000E+002   3.762478E-002
   7.200000E+002   3.778318E-002
   7.210000E+002   3.794211E-002
   7.220000E+002   3.810146E-002
   7.230000E+002   3.826115E-002
   7.240000E+002   3.842110E-002
   7.250000E+002   3.858122E-002
   7.260000E+002   3.874141E-002
   7.270000E+002   3.890160E-002
   7.280000E+002   3.906168E-002
   7.290000E+002   3.922158E-002
   7.300000E+002   3.938121E-002
   7.310000E+002   3.954048E-002
   7.320000E+002   3.969929E-002
   7.330000E+002   3.985757E-002
   7.340000E+002   4.001523E-002
   7.350000E+002   4.017217E-002
   7.360000E+002   4.032831E-002
   7.370000E+002   4.048356E-002
   7.380000E+002   4.063784E-002
   7.390000E+002   4.079105E-002
   7.400000E+002   4.094311E-002
   7.410000E+002   4.109393E-002
   7.420000E+002   4.124342E-002
   7.430000E+002   4.139150E-002
   7.440000E+002   4.153807E-002
   7.450000E+002   4.168305E-002
   7.460000E+002   4.182636E-002
   7.470000E+002   4.196789E-002
   7.480000E+002   4.210757E-002
   7.490000E+002   4.224531E-002
   7.500000E+002   4.238101E-002
   7.510000E+002   4.251460E-002
   7.520000E+002   4.264603E-002
   7.530000E+002   4.277526E-002
   7.540000E+002   4.290223E-002
   7.550000E+002   4.302690E-002
   7.560000E+002   4.314924E-002
   7.570000E+002   4.326919E-002
   7.580000E+002   4.338671E-002
   7.590000E+002   4.350176E-002
   7.600000E+002   4.361430E-002
   7.610000E+002   4.372427E-002
   7.620000E+002   4.383164E-002
   7.630000E+002   4.393636E-002
   7.640000E+002   4.403838E-002
   7.650000E+002   4.413767E-002
   7.660000E+002   4.423417E-002
   7.670000E+002   4.432785E-002
   7.680000E+002   4.441866E-002
   7.690000E+002   4.450655E-002
   7.700000E+002   4.459149E-002
   7.710000E+002   4.467342E-002
   7.720000E+002   4.475230E-002
   7.730000E+002   4.482809E-002
   7.740000E+002   4.490075E-002
   7.750000E+002   4.497022E-002
   7.760000E+002   4.503648E-002
   7.770000E+002   4.509946E-002
   7.780000E+002   4.515913E-002
   7.790000E+002   4.521545E-002
   7.800000E+002   4.526836E-002
   7.810000E+002   4.531783E-002
   7.820000E+002   4.536380E-002
   7.830000E+002   4.540625E-002
   7.840000E+002   4.544512E-002
   7.850000E+002   4.548036E-002
   7.860000E+002   4.551194E-002
   7.870000E+002   4.553981E-002
   7.880000E+002   4.556392E-002
   7.890000E+002   4.558423E-002
   7.900000E+002   4.560070E-002
   7.910000E+002   4.561329E-002
   7.920000E+002   4.562194E-002
   7.930000E+002   4.562661E-002
   7.940000E+002   4.562727E-002
   7.950000E+002   4.562386E-002
   7.960000E+002   4.561634E-002
   7.970000E+002   4.560467E-002
   7.980000E+002   4.558881E-002
   7.990000E+002   4.556870E-002
   8.000000E+002   4.554430E-002
   8.010000E+002   4.551560E-002
   8.020000E+002   4.548261E-002
   8.030000E+002   4.544538E-002
   8.040000E+002   4.540396E-002
   8.050000E+002   4.535840E-002
   8.060000E+002   4.530874E-002
   8.070000E+002   4.525504E-002
   8.080000E+002   4.519733E-002
   8.090000E+002   4.513566E-002
   8.100000E+002   4.507008E-002
   8.110000E+002   4.500064E-002
   8.120000E+002   4.492738E-002
   8.130000E+002   4.485035E-002
   8.140000E+002   4.476960E-002
   8.150000E+002   4.468516E-002
   8.160000E+002   4.459710E-002
   8.170000E+002   4.450545E-002
   8.180000E+002   4.441027E-002
   8.190000E+002   4.431159E-002
   8.200000E+002   4.420947E-002
   8.210000E+002   4.410395E-002
   8.220000E+002   4.399508E-002
   8.230000E+002   4.388291E-002
   8.240000E+002   4.376747E-002
   8.250000E+002   4.364883E-002
   8.260000E+002   4.352702E-002
   8.270000E+002   4.340209E-002
   8.280000E+002   4.327409E-002
   8.290000E+002   4.314306E-002
   8.300000E+002   4.300905E-002
   8.310000E+002   4.287211E-002
   8.320000E+002   4.273229E-002
   8.330000E+002   4.258963E-002
   8.340000E+002   4.244417E-002
   8.350000E+002   4.229597E-002
   8.360000E+002   4.214507E-002
   8.370000E+002   4.199151E-002
   8.380000E+002   4.183535E-002
   8.390000E+002   4.167663E-002
   8.400000E+002   4.151539E-002
   8.410000E+002   4.135169E-002
   8.420000E+002   4.118557E-002
   8.430000E+002   4.101708E-002
   8.440000E+002   4.084625E-002
   8.450000E+002   4.067315E-002
   8.460000E+002   4.049781E-002
   8.470000E+002   4.032029E-002
   8.480000E+002   4.014063E-002
   8.490000E+002   3.995887E-002
   8.500000E+002   3.977506E-002
   8.510000E+002   3.958926E-002
   8.520000E+002   3.940153E-002
   8.530000E+002   3.921195E-002
   8.540000E+002   3.902059E-002
   8.550000E+002   3.882752E-002
   8.560000E+002   3.863282E-002
   8.570000E+002   3.843656E-002
   8.580000E+002   3.823882E-002
   8.590000E+002   3.803967E-002
   8.600000E+002   3.783918E-002
   8.610000E+002   3.763743E-002
   8.620000E+002   3.743449E-002
   8.630000E+002   3.723043E-002
   8.640000E+002   3.702534E-002
   8.650000E+002   3.681927E-002
   8.660000E+002   3.661232E-002
   8.670000E+002   3.640454E-002
   8.680000E+002   3.619602E-002
   8.690000E+002   3.598682E-002
   8.700000E+002   3.577703E-002
   8.710000E+002   3.556671E-002
   8.720000E+002   3.535595E-002
   8.730000E+002   3.514480E-002
   8.740000E+002   3.493336E-002
   8.750000E+002   3.472168E-002
   8.760000E+002   3.450985E-002
   8.770000E+002   3.429794E-002
   8.780000E+002   3.408602E-002
   8.790000E+002   3.387417E-002
   8.800000E+002   3.366245E-002
   8.810000E+002   3.345095E-002
   8.820000E+002   3.323974E-002
   8.830000E+002   3.302889E-002
   8.840000E+002   3.281848E-002
   8.850000E+002   3.260857E-002
   8.860000E+002   3.239925E-002
   8.870000E+002   3.219059E-002
   8.880000E+002   3.198265E-002
   8.890000E+002   3.177553E-002
   8.900000E+002   3.156927E-002
   8.910000E+002   3.136398E-002
   8.920000E+002   3.115971E-002
   8.930000E+002   3.095653E-002
   8.940000E+002   3.075454E-002
   8.950000E+002   3.055378E-002
   8.960000E+002   3.035436E-002
   8.970000E+002   3.015632E-002
   8.980000E+002   2.995976E-002
   8.990000E+002   2.976474E-002
   9.000000E+002   2.957133E-002
   9.010000E+002   2.937961E-002
   9.020000E+002   2.918962E-002
   9.030000E+002   2.900138E-002
   9.040000E+002   2.881493E-002
   9.050000E+002   2.863030E-002
   9.060000E+002   2.844753E-002
   9.070000E+002   2.826665E-002
   9.080000E+002   2.808769E-002
   9.090000E+002   2.791069E-002
   9.100000E+002   2.773568E-002
   9.110000E+002   2.756269E-002
   9.120000E+002   2.739175E-002
   9.130000E+002   2.722291E-002
   9.140000E+002   2.705618E-002
   9.150000E+002   2.689161E-002
   9.160000E+002   2.672923E-002
   9.170000E+002   2.656907E-002
   9.180000E+002   2.641116E-002
   9.190000E+002   2.625554E-002
   9.200000E+002   2.610224E-002
   9.210000E+002   2.595130E-002
   9.220000E+002   2.580274E-002
   9.230000E+002   2.565660E-002
   9.240000E+002   2.551292E-002
   9.250000E+002   2.537172E-002
   9.260000E+002   2.523304E-002
   9.270000E+002   2.509691E-002
   9.280000E+002   2.496337E-002
   9.290000E+002   2.483245E-002
   9.300000E+002   2.470418E-002
   9.310000E+002   2.457859E-002
   9.320000E+002   2.445573E-002
   9.330000E+002   2.433561E-002
   9.340000E+002   2.421828E-002
   9.350000E+002   2.410377E-002
   9.360000E+002   2.399211E-002
   9.370000E+002   2.388333E-002
   9.380000E+002   2.377747E-002
   9.390000E+002   2.367456E-002
   9.400000E+002   2.357464E-002
   9.410000E+002   2.347773E-002
   9.420000E+002   2.338387E-002
   9.430000E+002   2.329309E-002
   9.440000E+002   2.320543E-002
   9.450000E+002   2.312092E-002
   9.460000E+002   2.303960E-002
   9.470000E+002   2.296148E-002
   9.480000E+002   2.288662E-002
   9.490000E+002   2.281504E-002
   9.500000E+002   2.274677E-002
   9.510000E+002   2.268184E-002
   9.520000E+002   2.262023E-002
   9.530000E+002   2.256189E-002
   9.540000E+002   2.250679E-002
   9.550000E+002   2.245491E-002
   9.560000E+002   2.240620E-002
   9.570000E+002   2.236062E-002
   9.580000E+002   2.231816E-002
   9.590000E+002   2.227876E-002
   9.600000E+002   2.224239E-002
   9.610000E+002   2.220902E-002
   9.620000E+002   2.217862E-002
   9.630000E+002   2.215115E-002
   9.640000E+002   2.212657E-002
   9.650000E+002   2.210486E-002
   9.660000E+002   2.208596E-002
   9.670000E+002   2.206986E-002
   9.680000E+002   2.205651E-002
   9.690000E+002   2.204589E-002
   9.700000E+002   2.203795E-002
   9.710000E+002   2.203265E-002
   9.720000E+002   2.202998E-002
   9.730000E+002   2.202988E-002
   9.740000E+002   2.203233E-002
   9.750000E+002   2.203729E-002
   9.760000E+002   2.204473E-002
   9.770000E+002   2.205461E-002
   9.780000E+002   2.206689E-002
   9.790000E+002   2.208155E-002
   9.800000E+002   2.209854E-002
   9.810000E+002   2.211784E-002
   9.820000E+002   2.213940E-002
   9.830000E+002   2.216319E-002
   9.840000E+002   2.218918E-002
   9.850000E+002   2.221733E-002
   9.860000E+002   2.224761E-002
   9.870000E+002   2.227998E-002
   9.880000E+002   2.231440E-002
   9.890000E+002   2.235085E-002
   9.900000E+002   2.238929E-002
   9.910000E+002   2.242968E-002
   9.920000E+002   2.247199E-002
   9.930000E+002   2.251618E-002
   9.940000E+002   2.256222E-002
   9.950000E+002   2.261007E-002
   9.960000E+002   2.265970E-002
   9.970000E+002   2.271107E-002
   9.980000E+002   2.276415E-002
   9.990000E+002   2.281891E-002
   1.000000E+003   2.287530E-002
   1.001000E+003   2.293329E-002
   1.002000E+003   2.299283E-002
   1.003000E+003   2.305386E-002
   1.004000E+003   2.311633E-002
   1.005000E+003   2.318016E-002
   1.006000E+003   2.324532E-002
   1.007000E+003   2.331174E-002
   1.008000E+003   2.337936E-002
   1.009000E+003   2.344813E-002
   1.010000E+003   2.351799E-002
   1.011000E+003   2.358888E-002
   1.012000E+003   2.366075E-002
   1.013000E+003   2.373354E-002
   1.014000E+003   2.380719E-002
   1.015000E+003   2.388164E-002
   1.016000E+003   2.395685E-002
   1.017000E+003   2.403274E-002
   1.018000E+003   2.410927E-002
   1.019000E+003   2.418637E-002
   1.020000E+003   2.426400E-002
   1.021000E+003   2.434209E-002
   1.022000E+003   2.442058E-002
   1.023000E+003   2.449942E-002
   1.024000E+003   2.457856E-002
   1.025000E+003   2.465792E-002
   1.026000E+003   2.473747E-002
   1.027000E+003   2.481714E-002
   1.028000E+003   2.489687E-002
   1.029000E+003   2.497660E-002
   1.030000E+003   2.505629E-002
   1.031000E+003   2.513587E-002
   1.032000E+003   2.521528E-002
   1.033000E+003   2.529447E-002
   1.034000E+003   2.537339E-002
   1.035000E+003   2.545196E-002
   1.036000E+003   2.553015E-002
   1.037000E+003   2.560788E-002
   1.038000E+003   2.568511E-002
   1.039000E+003   2.576177E-002
   1.040000E+003   2.583782E-002
   1.041000E+003   2.591318E-002
   1.042000E+003   2.598781E-002
   1.043000E+003   2.606165E-002
   1.044000E+003   2.613464E-002
   1.045000E+003   2.620672E-002
   1.046000E+003   2.627784E-002
   1.047000E+003   2.634794E-002
   1.048000E+003   2.641696E-002
   1.049000E+003   2.648484E-002
   1.050000E+003   2.655154E-002
   1.051000E+003   2.661699E-002
   1.052000E+003   2.668117E-002
   1.053000E+003   2.674406E-002
   1.054000E+003   2.680563E-002
   1.055000E+003   2.686586E-002
   1.056000E+003   2.692474E-002
   1.057000E+003   2.698223E-002
   1.058000E+003   2.703832E-002
   1.059000E+003   2.709298E-002
   1.060000E+003   2.714618E-002
   1.061000E+003   2.719792E-002
   1.062000E+003   2.724816E-002
   1.063000E+003   2.729689E-002
   1.064000E+003   2.734408E-002
   1.065000E+003   2.738970E-002
   1.066000E+003   2.743374E-002
   1.067000E+003   2.747618E-002
   1.068000E+003   2.751698E-002
   1.069000E+003   2.755614E-002
   1.070000E+003   2.759362E-002
   1.071000E+003   2.762941E-002
   1.072000E+003   2.766348E-002
   1.073000E+003   2.769580E-002
   1.074000E+003   2.772637E-002
   1.075000E+003   2.775515E-002
   1.076000E+003   2.778212E-002
   1.077000E+003   2.780726E-002
   1.078000E+003   2.783056E-002
   1.079000E+003   2.785197E-002
   1.080000E+003   2.787149E-002
   1.081000E+003   2.788909E-002
   1.082000E+003   2.790475E-002
   1.083000E+003   2.791844E-002
   1.084000E+003   2.793015E-002
   1.085000E+003   2.793985E-002
   1.086000E+003   2.794752E-002
   1.087000E+003   2.795313E-002
   1.088000E+003   2.795667E-002
   1.089000E+003   2.795811E-002
   1.090000E+003   2.795743E-002
   1.091000E+003   2.795461E-002
   1.092000E+003   2.794962E-002
   1.093000E+003   2.794244E-002
   1.094000E+003   2.793306E-002
   1.095000E+003   2.792144E-002
   1.096000E+003   2.790757E-002
   1.097000E+003   2.789142E-002
   1.098000E+003   2.787297E-002
   1.099000E+003   2.785220E-002
   1.100000E+003   2.782909E-002
   1.101000E+003   2.780361E-002
   1.102000E+003   2.777581E-002
   1.103000E+003   2.774572E-002
   1.104000E+003   2.771336E-002
   1.105000E+003   2.767878E-002
   1.106000E+003   2.764202E-002
   1.107000E+003   2.760310E-002
   1.108000E+003   2.756207E-002
   1.109000E+003   2.751897E-002
   1.110000E+003   2.747381E-002
   1.111000E+003   2.742666E-002
   1.112000E+003   2.737753E-002
   1.113000E+003   2.732646E-002
   1.114000E+003   2.727350E-002
   1.115000E+003   2.721867E-002
   1.116000E+003   2.716202E-002
   1.117000E+003   2.710357E-002
   1.118000E+003   2.704337E-002
   1.119000E+003   2.698146E-002
   1.120000E+003   2.691785E-002
   1.121000E+003   2.685260E-002
   1.122000E+003   2.678574E-002
   1.123000E+003   2.671730E-002
   1.124000E+003   2.664733E-002
   1.125000E+003   2.657585E-002
   1.126000E+003   2.650290E-002
   1.127000E+003   2.642852E-002
   1.128000E+003   2.635275E-002
   1.129000E+003   2.627561E-002
   1.130000E+003   2.619715E-002
   1.131000E+003   2.611741E-002
   1.132000E+003   2.603641E-002
   1.133000E+003   2.595420E-002
   1.134000E+003   2.587080E-002
   1.135000E+003   2.578626E-002
   1.136000E+003   2.570062E-002
   1.137000E+003   2.561390E-002
   1.138000E+003   2.552614E-002
   1.139000E+003   2.543739E-002
   1.140000E+003   2.534767E-002
   1.141000E+003   2.525702E-002
   1.142000E+003   2.516548E-002
   1.143000E+003   2.507309E-002
   1.144000E+003   2.497987E-002
   1.145000E+003   2.488587E-002
   1.146000E+003   2.479112E-002
   1.147000E+003   2.469566E-002
   1.148000E+003   2.459952E-002
   1.149000E+003   2.450274E-002
   1.150000E+003   2.440536E-002
   1.151000E+003   2.430740E-002
   1.152000E+003   2.420889E-002
   1.153000E+003   2.410983E-002
   1.154000E+003   2.401023E-002
   1.155000E+003   2.391011E-002
   1.156000E+003   2.380948E-002
   1.157000E+003   2.370835E-002
   1.158000E+003   2.360673E-002
   1.159000E+003   2.350464E-002
   1.160000E+003   2.340207E-002
   1.161000E+003   2.329905E-002
   1.162000E+003   2.319559E-002
   1.163000E+003   2.309170E-002
   1.164000E+003   2.298738E-002
   1.165000E+003   2.288266E-002
   1.166000E+003   2.277753E-002
   1.167000E+003   2.267202E-002
   1.168000E+003   2.256614E-002
   1.169000E+003   2.245989E-002
   1.170000E+003   2.235329E-002
   1.171000E+003   2.224634E-002
   1.172000E+003   2.213907E-002
   1.173000E+003   2.203148E-002
   1.174000E+003   2.192358E-002
   1.175000E+003   2.181538E-002
   1.176000E+003   2.170691E-002
   1.177000E+003   2.159815E-002
   1.178000E+003   2.148914E-002
   1.179000E+003   2.137988E-002
   1.180000E+003   2.127037E-002
   1.181000E+003   2.116064E-002
   1.182000E+003   2.105070E-002
   1.183000E+003   2.094055E-002
   1.184000E+003   2.083020E-002
   1.185000E+003   2.071968E-002
   1.186000E+003   2.060898E-002
   1.187000E+003   2.049812E-002
   1.188000E+003   2.038712E-002
   1.189000E+003   2.027598E-002
   1.190000E+003   2.016471E-002
   1.191000E+003   2.005333E-002
   1.192000E+003   1.994185E-002
   1.193000E+003   1.983028E-002
   1.194000E+003   1.971862E-002
   1.195000E+003   1.960690E-002
   1.196000E+003   1.949512E-002
   1.197000E+003   1.938330E-002
   1.198000E+003   1.927144E-002
   1.199000E+003   1.915956E-002
   1.200000E+003   1.904767E-002
