   1.000000E+000   1.832708E-002
   2.000000E+000   2.299484E-002
   3.000000E+000   2.766261E-002
   4.000000E+000   2.789557E-002
   5.000000E+000   2.745814E-002
   6.000000E+000   2.729257E-002
   7.000000E+000   2.711408E-002
   8.000000E+000   2.692630E-002
   9.000000E+000   2.678669E-002
   1.000000E+001   2.667965E-002
   1.100000E+001   2.657765E-002
   1.200000E+001   2.647855E-002
   1.300000E+001   2.638538E-002
   1.400000E+001   2.629645E-002
   1.500000E+001   2.620884E-002
   1.600000E+001   2.612012E-002
   1.700000E+001   2.602964E-002
   1.800000E+001   2.593722E-002
   1.900000E+001   2.584268E-002
   2.000000E+001   2.574583E-002
   2.100000E+001   2.564653E-002
   2.200000E+001   2.554486E-002
   2.300000E+001   2.544093E-002
   2.400000E+001   2.533488E-002
   2.500000E+001   2.522682E-002
   2.600000E+001   2.511689E-002
   2.700000E+001   2.500520E-002
   2.800000E+001   2.489187E-002
   2.900000E+001   2.477704E-002
   3.000000E+001   2.466082E-002
   3.100000E+001   2.454336E-002
   3.200000E+001   2.442487E-002
   3.300000E+001   2.430559E-002
   3.400000E+001   2.418576E-002
   3.500000E+001   2.406562E-002
   3.600000E+001   2.394539E-002
   3.700000E+001   2.382531E-002
   3.800000E+001   2.370563E-002
   3.900000E+001   2.358657E-002
   4.000000E+001   2.346838E-002
   4.100000E+001   2.335128E-002
   4.200000E+001   2.323548E-002
   4.300000E+001   2.312120E-002
   4.400000E+001   2.300862E-002
   4.500000E+001   2.289797E-002
   4.600000E+001   2.278943E-002
   4.700000E+001   2.268323E-002
   4.800000E+001   2.257955E-002
   4.900000E+001   2.247861E-002
   5.000000E+001   2.238061E-002
   5.100000E+001   2.228575E-002
   5.200000E+001   2.219421E-002
   5.300000E+001   2.210614E-002
   5.400000E+001   2.202172E-002
   5.500000E+001   2.194113E-002
   5.600000E+001   2.186451E-002
   5.700000E+001   2.179205E-002
   5.800000E+001   2.172392E-002
   5.900000E+001   2.166027E-002
   6.000000E+001   2.160128E-002
   6.100000E+001   2.154712E-002
   6.200000E+001   2.149790E-002
   6.300000E+001   2.145377E-002
   6.400000E+001   2.141485E-002
   6.500000E+001   2.138128E-002
   6.600000E+001   2.135317E-002
   6.700000E+001   2.133065E-002
   6.800000E+001   2.131387E-002
   6.900000E+001   2.130294E-002
   7.000000E+001   2.129799E-002
   7.100000E+001   2.129915E-002
   7.200000E+001   2.130649E-002
   7.300000E+001   2.132011E-002
   7.400000E+001   2.134007E-002
   7.500000E+001   2.136646E-002
   7.600000E+001   2.139935E-002
   7.700000E+001   2.143883E-002
   7.800000E+001   2.148497E-002
   7.900000E+001   2.153785E-002
   8.000000E+001   2.159755E-002
   8.100000E+001   2.166414E-002
   8.200000E+001   2.173766E-002
   8.300000E+001   2.181814E-002
   8.400000E+001   2.190561E-002
   8.500000E+001   2.200011E-002
   8.600000E+001   2.210166E-002
   8.700000E+001   2.221029E-002
   8.800000E+001   2.232604E-002
   8.900000E+001   2.244893E-002
   9.000000E+001   2.257901E-002
   9.100000E+001   2.271628E-002
   9.200000E+001   2.286075E-002
   9.300000E+001   2.301238E-002
   9.400000E+001   2.317118E-002
   9.500000E+001   2.333711E-002
   9.600000E+001   2.351017E-002
   9.700000E+001   2.369033E-002
   9.800000E+001   2.387758E-002
   9.900000E+001   2.407190E-002
   1.000000E+002   2.427327E-002
   1.010000E+002   2.448167E-002
   1.020000E+002   2.469702E-002
   1.030000E+002   2.491925E-002
   1.040000E+002   2.514828E-002
   1.050000E+002   2.538402E-002
   1.060000E+002   2.562640E-002
   1.070000E+002   2.587534E-002
   1.080000E+002   2.613076E-002
   1.090000E+002   2.639258E-002
   1.100000E+002   2.666072E-002
   1.110000E+002   2.693510E-002
   1.120000E+002   2.721563E-002
   1.130000E+002   2.750225E-002
   1.140000E+002   2.779488E-002
   1.150000E+002   2.809342E-002
   1.160000E+002   2.839781E-002
   1.170000E+002   2.870796E-002
   1.180000E+002   2.902379E-002
   1.190000E+002   2.934523E-002
   1.200000E+002   2.967219E-002
   1.210000E+002   3.000458E-002
   1.220000E+002   3.034226E-002
   1.230000E+002   3.068508E-002
   1.240000E+002   3.103286E-002
   1.250000E+002   3.138546E-002
   1.260000E+002   3.174272E-002
   1.270000E+002   3.210448E-002
   1.280000E+002   3.247058E-002
   1.290000E+002   3.284087E-002
   1.300000E+002   3.321518E-002
   1.310000E+002   3.359337E-002
   1.320000E+002   3.397527E-002
   1.330000E+002   3.436072E-002
   1.340000E+002   3.474958E-002
   1.350000E+002   3.514167E-002
   1.360000E+002   3.553685E-002
   1.370000E+002   3.593496E-002
   1.380000E+002   3.633583E-002
   1.390000E+002   3.673932E-002
   1.400000E+002   3.714526E-002
   1.410000E+002   3.755349E-002
   1.420000E+002   3.796384E-002
   1.430000E+002   3.837614E-002
   1.440000E+002   3.879021E-002
   1.450000E+002   3.920587E-002
   1.460000E+002   3.962295E-002
   1.470000E+002   4.004127E-002
   1.480000E+002   4.046066E-002
   1.490000E+002   4.088093E-002
   1.500000E+002   4.130193E-002
   1.510000E+002   4.172346E-002
   1.520000E+002   4.214535E-002
   1.530000E+002   4.256743E-002
   1.540000E+002   4.298952E-002
   1.550000E+002   4.341145E-002
   1.560000E+002   4.383304E-002
   1.570000E+002   4.425411E-002
   1.580000E+002   4.467449E-002
   1.590000E+002   4.509401E-002
   1.600000E+002   4.551248E-002
   1.610000E+002   4.592973E-002
   1.620000E+002   4.634560E-002
   1.630000E+002   4.675992E-002
   1.640000E+002   4.717252E-002
   1.650000E+002   4.758323E-002
   1.660000E+002   4.799190E-002
   1.670000E+002   4.839835E-002
   1.680000E+002   4.880242E-002
   1.690000E+002   4.920395E-002
   1.700000E+002   4.960276E-002
   1.710000E+002   4.999868E-002
   1.720000E+002   5.039157E-002
   1.730000E+002   5.078124E-002
   1.740000E+002   5.116753E-002
   1.750000E+002   5.155028E-002
   1.760000E+002   5.192931E-002
   1.770000E+002   5.230447E-002
   1.780000E+002   5.267559E-002
   1.790000E+002   5.304250E-002
   1.800000E+002   5.340503E-002
   1.810000E+002   5.376303E-002
   1.820000E+002   5.411635E-002
   1.830000E+002   5.446485E-002
   1.840000E+002   5.480841E-002
   1.850000E+002   5.514687E-002
   1.860000E+002   5.548011E-002
   1.870000E+002   5.580799E-002
   1.880000E+002   5.613037E-002
   1.890000E+002   5.644712E-002
   1.900000E+002   5.675809E-002
   1.910000E+002   5.706316E-002
   1.920000E+002   5.736218E-002
   1.930000E+002   5.765502E-002
   1.940000E+002   5.794154E-002
   1.950000E+002   5.822161E-002
   1.960000E+002   5.849508E-002
   1.970000E+002   5.876183E-002
   1.980000E+002   5.902171E-002
   1.990000E+002   5.927458E-002
   2.000000E+002   5.952032E-002
   2.010000E+002   5.975880E-002
   2.020000E+002   5.998996E-002
   2.030000E+002   6.021376E-002
   2.040000E+002   6.043015E-002
   2.050000E+002   6.063909E-002
   2.060000E+002   6.084054E-002
   2.070000E+002   6.103445E-002
   2.080000E+002   6.122077E-002
   2.090000E+002   6.139948E-002
   2.100000E+002   6.157051E-002
   2.110000E+002   6.173383E-002
   2.120000E+002   6.188940E-002
   2.130000E+002   6.203716E-002
   2.140000E+002   6.217709E-002
   2.150000E+002   6.230912E-002
   2.160000E+002   6.243323E-002
   2.170000E+002   6.254936E-002
   2.180000E+002   6.265747E-002
   2.190000E+002   6.275752E-002
   2.200000E+002   6.284946E-002
   2.210000E+002   6.293326E-002
   2.220000E+002   6.300886E-002
   2.230000E+002   6.307622E-002
   2.240000E+002   6.313531E-002
   2.250000E+002   6.318607E-002
   2.260000E+002   6.322848E-002
   2.270000E+002   6.326255E-002
   2.280000E+002   6.328834E-002
   2.290000E+002   6.330588E-002
   2.300000E+002   6.331520E-002
   2.310000E+002   6.331634E-002
   2.320000E+002   6.330935E-002
   2.330000E+002   6.329426E-002
   2.340000E+002   6.327111E-002
   2.350000E+002   6.323994E-002
   2.360000E+002   6.320079E-002
   2.370000E+002   6.315369E-002
   2.380000E+002   6.309868E-002
   2.390000E+002   6.303581E-002
   2.400000E+002   6.296511E-002
   2.410000E+002   6.288662E-002
   2.420000E+002   6.280038E-002
   2.430000E+002   6.270642E-002
   2.440000E+002   6.260479E-002
   2.450000E+002   6.249552E-002
   2.460000E+002   6.237865E-002
   2.470000E+002   6.225423E-002
   2.480000E+002   6.212228E-002
   2.490000E+002   6.198285E-002
   2.500000E+002   6.183598E-002
   2.510000E+002   6.168171E-002
   2.520000E+002   6.152015E-002
   2.530000E+002   6.135140E-002
   2.540000E+002   6.117558E-002
   2.550000E+002   6.099280E-002
   2.560000E+002   6.080317E-002
   2.570000E+002   6.060680E-002
   2.580000E+002   6.040380E-002
   2.590000E+002   6.019428E-002
   2.600000E+002   5.997836E-002
   2.610000E+002   5.975614E-002
   2.620000E+002   5.952773E-002
   2.630000E+002   5.929325E-002
   2.640000E+002   5.905281E-002
   2.650000E+002   5.880651E-002
   2.660000E+002   5.855447E-002
   2.670000E+002   5.829681E-002
   2.680000E+002   5.803362E-002
   2.690000E+002   5.776503E-002
   2.700000E+002   5.749114E-002
   2.710000E+002   5.721206E-002
   2.720000E+002   5.692791E-002
   2.730000E+002   5.663879E-002
   2.740000E+002   5.634482E-002
   2.750000E+002   5.604610E-002
   2.760000E+002   5.574277E-002
   2.770000E+002   5.543497E-002
   2.780000E+002   5.512286E-002
   2.790000E+002   5.480662E-002
   2.800000E+002   5.448641E-002
   2.810000E+002   5.416238E-002
   2.820000E+002   5.383472E-002
   2.830000E+002   5.350358E-002
   2.840000E+002   5.316912E-002
   2.850000E+002   5.283152E-002
   2.860000E+002   5.249093E-002
   2.870000E+002   5.214752E-002
   2.880000E+002   5.180146E-002
   2.890000E+002   5.145290E-002
   2.900000E+002   5.110203E-002
   2.910000E+002   5.074899E-002
   2.920000E+002   5.039396E-002
   2.930000E+002   5.003710E-002
   2.940000E+002   4.967857E-002
   2.950000E+002   4.931854E-002
   2.960000E+002   4.895717E-002
   2.970000E+002   4.859464E-002
   2.980000E+002   4.823109E-002
   2.990000E+002   4.786671E-002
   3.000000E+002   4.750164E-002
   3.010000E+002   4.713606E-002
   3.020000E+002   4.677009E-002
   3.030000E+002   4.640386E-002
   3.040000E+002   4.603750E-002
   3.050000E+002   4.567112E-002
   3.060000E+002   4.530486E-002
   3.070000E+002   4.493885E-002
   3.080000E+002   4.457319E-002
   3.090000E+002   4.420804E-002
   3.100000E+002   4.384350E-002
   3.110000E+002   4.347970E-002
   3.120000E+002   4.311677E-002
   3.130000E+002   4.275484E-002
   3.140000E+002   4.239403E-002
   3.150000E+002   4.203447E-002
   3.160000E+002   4.167628E-002
   3.170000E+002   4.131958E-002
   3.180000E+002   4.096451E-002
   3.190000E+002   4.061119E-002
   3.200000E+002   4.025975E-002
   3.210000E+002   3.991030E-002
   3.220000E+002   3.956298E-002
   3.230000E+002   3.921791E-002
   3.240000E+002   3.887522E-002
   3.250000E+002   3.853504E-002
   3.260000E+002   3.819748E-002
   3.270000E+002   3.786267E-002
   3.280000E+002   3.753075E-002
   3.290000E+002   3.720183E-002
   3.300000E+002   3.687604E-002
   3.310000E+002   3.655351E-002
   3.320000E+002   3.623437E-002
   3.330000E+002   3.591873E-002
   3.340000E+002   3.560672E-002
   3.350000E+002   3.529847E-002
   3.360000E+002   3.499411E-002
   3.370000E+002   3.469376E-002
   3.380000E+002   3.439755E-002
   3.390000E+002   3.410560E-002
   3.400000E+002   3.381803E-002
   3.410000E+002   3.353498E-002
   3.420000E+002   3.325657E-002
   3.430000E+002   3.298292E-002
   3.440000E+002   3.271417E-002
   3.450000E+002   3.245043E-002
   3.460000E+002   3.219183E-002
   3.470000E+002   3.193850E-002
   3.480000E+002   3.169056E-002
   3.490000E+002   3.144814E-002
   3.500000E+002   3.121136E-002
   3.510000E+002   3.098033E-002
   3.520000E+002   3.075507E-002
   3.530000E+002   3.053556E-002
   3.540000E+002   3.032180E-002
   3.550000E+002   3.011378E-002
   3.560000E+002   2.991150E-002
   3.570000E+002   2.971495E-002
   3.580000E+002   2.952412E-002
   3.590000E+002   2.933901E-002
   3.600000E+002   2.915961E-002
   3.610000E+002   2.898591E-002
   3.620000E+002   2.881790E-002
   3.630000E+002   2.865558E-002
   3.640000E+002   2.849895E-002
   3.650000E+002   2.834799E-002
   3.660000E+002   2.820270E-002
   3.670000E+002   2.806307E-002
   3.680000E+002   2.792909E-002
   3.690000E+002   2.780077E-002
   3.700000E+002   2.767808E-002
   3.710000E+002   2.756103E-002
   3.720000E+002   2.744961E-002
   3.730000E+002   2.734381E-002
   3.740000E+002   2.724362E-002
   3.750000E+002   2.714904E-002
   3.760000E+002   2.706006E-002
   3.770000E+002   2.697668E-002
   3.780000E+002   2.689888E-002
   3.790000E+002   2.682666E-002
   3.800000E+002   2.676002E-002
   3.810000E+002   2.669895E-002
   3.820000E+002   2.664343E-002
   3.830000E+002   2.659347E-002
   3.840000E+002   2.654905E-002
   3.850000E+002   2.651018E-002
   3.860000E+002   2.647684E-002
   3.870000E+002   2.644902E-002
   3.880000E+002   2.642673E-002
   3.890000E+002   2.640995E-002
   3.900000E+002   2.639867E-002
   3.910000E+002   2.639289E-002
   3.920000E+002   2.639261E-002
   3.930000E+002   2.639781E-002
   3.940000E+002   2.640849E-002
   3.950000E+002   2.642465E-002
   3.960000E+002   2.644627E-002
   3.970000E+002   2.647335E-002
   3.980000E+002   2.650588E-002
   3.990000E+002   2.654385E-002
   4.000000E+002   2.658727E-002
   4.010000E+002   2.663610E-002
   4.020000E+002   2.669025E-002
   4.030000E+002   2.674961E-002
   4.040000E+002   2.681407E-002
   4.050000E+002   2.688353E-002
   4.060000E+002   2.695786E-002
   4.070000E+002   2.703696E-002
   4.080000E+002   2.712072E-002
   4.090000E+002   2.720903E-002
   4.100000E+002   2.730178E-002
   4.110000E+002   2.739886E-002
   4.120000E+002   2.750015E-002
   4.130000E+002   2.760555E-002
   4.140000E+002   2.771495E-002
   4.150000E+002   2.782823E-002
   4.160000E+002   2.794529E-002
   4.170000E+002   2.806602E-002
   4.180000E+002   2.819030E-002
   4.190000E+002   2.831802E-002
   4.200000E+002   2.844908E-002
   4.210000E+002   2.858336E-002
   4.220000E+002   2.872076E-002
   4.230000E+002   2.886115E-002
   4.240000E+002   2.900445E-002
   4.250000E+002   2.915052E-002
   4.260000E+002   2.929926E-002
   4.270000E+002   2.945057E-002
   4.280000E+002   2.960433E-002
   4.290000E+002   2.976042E-002
   4.300000E+002   2.991875E-002
   4.310000E+002   3.007920E-002
   4.320000E+002   3.024166E-002
   4.330000E+002   3.040601E-002
   4.340000E+002   3.057216E-002
   4.350000E+002   3.073998E-002
   4.360000E+002   3.090937E-002
   4.370000E+002   3.108022E-002
   4.380000E+002   3.125241E-002
   4.390000E+002   3.142584E-002
   4.400000E+002   3.160040E-002
   4.410000E+002   3.177597E-002
   4.420000E+002   3.195245E-002
   4.430000E+002   3.212972E-002
   4.440000E+002   3.230768E-002
   4.450000E+002   3.248621E-002
   4.460000E+002   3.266520E-002
   4.470000E+002   3.284455E-002
   4.480000E+002   3.302414E-002
   4.490000E+002   3.320386E-002
   4.500000E+002   3.338361E-002
   4.510000E+002   3.356327E-002
   4.520000E+002   3.374276E-002
   4.530000E+002   3.392200E-002
   4.540000E+002   3.410089E-002
   4.550000E+002   3.427937E-002
   4.560000E+002   3.445735E-002
   4.570000E+002   3.463474E-002
   4.580000E+002   3.481146E-002
   4.590000E+002   3.498743E-002
   4.600000E+002   3.516256E-002
   4.610000E+002   3.533678E-002
   4.620000E+002   3.550999E-002
   4.630000E+002   3.568213E-002
   4.640000E+002   3.585309E-002
   4.650000E+002   3.602281E-002
   4.660000E+002   3.619119E-002
   4.670000E+002   3.635816E-002
   4.680000E+002   3.652364E-002
   4.690000E+002   3.668753E-002
   4.700000E+002   3.684975E-002
   4.710000E+002   3.701023E-002
   4.720000E+002   3.716888E-002
   4.730000E+002   3.732562E-002
   4.740000E+002   3.748036E-002
   4.750000E+002   3.763303E-002
   4.760000E+002   3.778353E-002
   4.770000E+002   3.793179E-002
   4.780000E+002   3.807772E-002
   4.790000E+002   3.822124E-002
   4.800000E+002   3.836227E-002
   4.810000E+002   3.850072E-002
   4.820000E+002   3.863651E-002
   4.830000E+002   3.876956E-002
   4.840000E+002   3.889979E-002
   4.850000E+002   3.902711E-002
   4.860000E+002   3.915144E-002
   4.870000E+002   3.927269E-002
   4.880000E+002   3.939079E-002
   4.890000E+002   3.950565E-002
   4.900000E+002   3.961719E-002
   4.910000E+002   3.972532E-002
   4.920000E+002   3.982996E-002
   4.930000E+002   3.993103E-002
   4.940000E+002   4.002845E-002
   4.950000E+002   4.012213E-002
   4.960000E+002   4.021200E-002
   4.970000E+002   4.029795E-002
   4.980000E+002   4.037993E-002
   4.990000E+002   4.045783E-002
   5.000000E+002   4.053159E-002
   5.010000E+002   4.060113E-002
   5.020000E+002   4.066645E-002
   5.030000E+002   4.072759E-002
   5.040000E+002   4.078457E-002
   5.050000E+002   4.083741E-002
   5.060000E+002   4.088614E-002
   5.070000E+002   4.093077E-002
   5.080000E+002   4.097134E-002
   5.090000E+002   4.100787E-002
   5.100000E+002   4.104038E-002
   5.110000E+002   4.106890E-002
   5.120000E+002   4.109344E-002
   5.130000E+002   4.111404E-002
   5.140000E+002   4.113072E-002
   5.150000E+002   4.114350E-002
   5.160000E+002   4.115240E-002
   5.170000E+002   4.115746E-002
   5.180000E+002   4.115869E-002
   5.190000E+002   4.115611E-002
   5.200000E+002   4.114976E-002
   5.210000E+002   4.113966E-002
   5.220000E+002   4.112582E-002
   5.230000E+002   4.110828E-002
   5.240000E+002   4.108706E-002
   5.250000E+002   4.106218E-002
   5.260000E+002   4.103367E-002
   5.270000E+002   4.100155E-002
   5.280000E+002   4.096584E-002
   5.290000E+002   4.092657E-002
   5.300000E+002   4.088376E-002
   5.310000E+002   4.083744E-002
   5.320000E+002   4.078763E-002
   5.330000E+002   4.073435E-002
   5.340000E+002   4.067763E-002
   5.350000E+002   4.061749E-002
   5.360000E+002   4.055396E-002
   5.370000E+002   4.048706E-002
   5.380000E+002   4.041682E-002
   5.390000E+002   4.034325E-002
   5.400000E+002   4.026639E-002
   5.410000E+002   4.018625E-002
   5.420000E+002   4.010287E-002
   5.430000E+002   4.001626E-002
   5.440000E+002   3.992644E-002
   5.450000E+002   3.983345E-002
   5.460000E+002   3.973731E-002
   5.470000E+002   3.963804E-002
   5.480000E+002   3.953566E-002
   5.490000E+002   3.943020E-002
   5.500000E+002   3.932168E-002
   5.510000E+002   3.921014E-002
   5.520000E+002   3.909566E-002
   5.530000E+002   3.897831E-002
   5.540000E+002   3.885820E-002
   5.550000E+002   3.873541E-002
   5.560000E+002   3.861001E-002
   5.570000E+002   3.848211E-002
   5.580000E+002   3.835179E-002
   5.590000E+002   3.821914E-002
   5.600000E+002   3.808424E-002
   5.610000E+002   3.794719E-002
   5.620000E+002   3.780806E-002
   5.630000E+002   3.766695E-002
   5.640000E+002   3.752395E-002
   5.650000E+002   3.737914E-002
   5.660000E+002   3.723260E-002
   5.670000E+002   3.708444E-002
   5.680000E+002   3.693473E-002
   5.690000E+002   3.678357E-002
   5.700000E+002   3.663103E-002
   5.710000E+002   3.647721E-002
   5.720000E+002   3.632220E-002
   5.730000E+002   3.616608E-002
   5.740000E+002   3.600894E-002
   5.750000E+002   3.585087E-002
   5.760000E+002   3.569195E-002
   5.770000E+002   3.553228E-002
   5.780000E+002   3.537193E-002
   5.790000E+002   3.521101E-002
   5.800000E+002   3.504959E-002
   5.810000E+002   3.488776E-002
   5.820000E+002   3.472562E-002
   5.830000E+002   3.456324E-002
   5.840000E+002   3.440072E-002
   5.850000E+002   3.423814E-002
   5.860000E+002   3.407559E-002
   5.870000E+002   3.391316E-002
   5.880000E+002   3.375094E-002
   5.890000E+002   3.358901E-002
   5.900000E+002   3.342746E-002
   5.910000E+002   3.326638E-002
   5.920000E+002   3.310586E-002
   5.930000E+002   3.294598E-002
   5.940000E+002   3.278683E-002
   5.950000E+002   3.262850E-002
   5.960000E+002   3.247108E-002
   5.970000E+002   3.231465E-002
   5.980000E+002   3.215930E-002
   5.990000E+002   3.200512E-002
   6.000000E+002   3.185219E-002
   6.010000E+002   3.170061E-002
   6.020000E+002   3.155042E-002
   6.030000E+002   3.140166E-002
   6.040000E+002   3.125439E-002
   6.050000E+002   3.110866E-002
   6.060000E+002   3.096451E-002
   6.070000E+002   3.082199E-002
   6.080000E+002   3.068115E-002
   6.090000E+002   3.054203E-002
   6.100000E+002   3.040469E-002
   6.110000E+002   3.026917E-002
   6.120000E+002   3.013552E-002
   6.130000E+002   3.000378E-002
   6.140000E+002   2.987401E-002
   6.150000E+002   2.974625E-002
   6.160000E+002   2.962055E-002
   6.170000E+002   2.949696E-002
   6.180000E+002   2.937552E-002
   6.190000E+002   2.925628E-002
   6.200000E+002   2.913930E-002
   6.210000E+002   2.902461E-002
   6.220000E+002   2.891227E-002
   6.230000E+002   2.880232E-002
   6.240000E+002   2.869482E-002
   6.250000E+002   2.858980E-002
   6.260000E+002   2.848732E-002
   6.270000E+002   2.838742E-002
   6.280000E+002   2.829016E-002
   6.290000E+002   2.819557E-002
   6.300000E+002   2.810372E-002
   6.310000E+002   2.801464E-002
   6.320000E+002   2.792838E-002
   6.330000E+002   2.784499E-002
   6.340000E+002   2.776452E-002
   6.350000E+002   2.768702E-002
   6.360000E+002   2.761253E-002
   6.370000E+002   2.754110E-002
   6.380000E+002   2.747278E-002
   6.390000E+002   2.740761E-002
   6.400000E+002   2.734566E-002
   6.410000E+002   2.728695E-002
   6.420000E+002   2.723155E-002
   6.430000E+002   2.717949E-002
   6.440000E+002   2.713082E-002
   6.450000E+002   2.708561E-002
   6.460000E+002   2.704388E-002
   6.470000E+002   2.700569E-002
   6.480000E+002   2.697108E-002
   6.490000E+002   2.694011E-002
   6.500000E+002   2.691282E-002
   6.510000E+002   2.688925E-002
   6.520000E+002   2.686937E-002
   6.530000E+002   2.685314E-002
   6.540000E+002   2.684052E-002
   6.550000E+002   2.683149E-002
   6.560000E+002   2.682599E-002
   6.570000E+002   2.682399E-002
   6.580000E+002   2.682545E-002
   6.590000E+002   2.683034E-002
   6.600000E+002   2.683862E-002
   6.610000E+002   2.685024E-002
   6.620000E+002   2.686518E-002
   6.630000E+002   2.688338E-002
   6.640000E+002   2.690482E-002
   6.650000E+002   2.692946E-002
   6.660000E+002   2.695725E-002
   6.670000E+002   2.698817E-002
   6.680000E+002   2.702216E-002
   6.690000E+002   2.705920E-002
   6.700000E+002   2.709925E-002
   6.710000E+002   2.714226E-002
   6.720000E+002   2.718820E-002
   6.730000E+002   2.723703E-002
   6.740000E+002   2.728872E-002
   6.750000E+002   2.734322E-002
   6.760000E+002   2.740049E-002
   6.770000E+002   2.746051E-002
   6.780000E+002   2.752323E-002
   6.790000E+002   2.758861E-002
   6.800000E+002   2.765661E-002
   6.810000E+002   2.772720E-002
   6.820000E+002   2.780034E-002
   6.830000E+002   2.787598E-002
   6.840000E+002   2.795410E-002
   6.850000E+002   2.803466E-002
   6.860000E+002   2.811761E-002
   6.870000E+002   2.820292E-002
   6.880000E+002   2.829054E-002
   6.890000E+002   2.838045E-002
   6.900000E+002   2.847261E-002
   6.910000E+002   2.856696E-002
   6.920000E+002   2.866349E-002
   6.930000E+002   2.876214E-002
   6.940000E+002   2.886289E-002
   6.950000E+002   2.896569E-002
   6.960000E+002   2.907050E-002
   6.970000E+002   2.917729E-002
   6.980000E+002   2.928602E-002
   6.990000E+002   2.939665E-002
   7.000000E+002   2.950914E-002
   7.010000E+002   2.962345E-002
   7.020000E+002   2.973950E-002
   7.030000E+002   2.985724E-002
   7.040000E+002   2.997656E-002
   7.050000E+002   3.009741E-002
   7.060000E+002   3.021971E-002
   7.070000E+002   3.034338E-002
   7.080000E+002   3.046834E-002
   7.090000E+002   3.059452E-002
   7.100000E+002   3.072184E-002
   7.110000E+002   3.085023E-002
   7.120000E+002   3.097962E-002
   7.130000E+002   3.110991E-002
   7.140000E+002   3.124105E-002
   7.150000E+002   3.137296E-002
   7.160000E+002   3.150555E-002
   7.170000E+002   3.163876E-002
   7.180000E+002   3.177250E-002
   7.190000E+002   3.190671E-002
   7.200000E+002   3.204130E-002
   7.210000E+002   3.217621E-002
   7.220000E+002   3.231135E-002
   7.230000E+002   3.244664E-002
   7.240000E+002   3.258203E-002
   7.250000E+002   3.271742E-002
   7.260000E+002   3.285274E-002
   7.270000E+002   3.298792E-002
   7.280000E+002   3.312288E-002
   7.290000E+002   3.325755E-002
   7.300000E+002   3.339184E-002
   7.310000E+002   3.352569E-002
   7.320000E+002   3.365902E-002
   7.330000E+002   3.379175E-002
   7.340000E+002   3.392381E-002
   7.350000E+002   3.405511E-002
   7.360000E+002   3.418560E-002
   7.370000E+002   3.431518E-002
   7.380000E+002   3.444379E-002
   7.390000E+002   3.457135E-002
   7.400000E+002   3.469778E-002
   7.410000E+002   3.482300E-002
   7.420000E+002   3.494695E-002
   7.430000E+002   3.506954E-002
   7.440000E+002   3.519071E-002
   7.450000E+002   3.531037E-002
   7.460000E+002   3.542844E-002
   7.470000E+002   3.554486E-002
   7.480000E+002   3.565955E-002
   7.490000E+002   3.577243E-002
   7.500000E+002   3.588343E-002
   7.510000E+002   3.599247E-002
   7.520000E+002   3.609952E-002
   7.530000E+002   3.620454E-002
   7.540000E+002   3.630751E-002
   7.550000E+002   3.640838E-002
   7.560000E+002   3.650713E-002
   7.570000E+002   3.660372E-002
   7.580000E+002   3.669811E-002
   7.590000E+002   3.679028E-002
   7.600000E+002   3.688020E-002
   7.610000E+002   3.696782E-002
   7.620000E+002   3.705312E-002
   7.630000E+002   3.713606E-002
   7.640000E+002   3.721661E-002
   7.650000E+002   3.729474E-002
   7.660000E+002   3.737041E-002
   7.670000E+002   3.744358E-002
   7.680000E+002   3.751424E-002
   7.690000E+002   3.758234E-002
   7.700000E+002   3.764785E-002
   7.710000E+002   3.771073E-002
   7.720000E+002   3.777096E-002
   7.730000E+002   3.782851E-002
   7.740000E+002   3.788332E-002
   7.750000E+002   3.793539E-002
   7.760000E+002   3.798466E-002
   7.770000E+002   3.803112E-002
   7.780000E+002   3.807471E-002
   7.790000E+002   3.811542E-002
   7.800000E+002   3.815321E-002
   7.810000E+002   3.818805E-002
   7.820000E+002   3.821989E-002
   7.830000E+002   3.824872E-002
   7.840000E+002   3.827449E-002
   7.850000E+002   3.829718E-002
   7.860000E+002   3.831674E-002
   7.870000E+002   3.833315E-002
   7.880000E+002   3.834638E-002
   7.890000E+002   3.835638E-002
   7.900000E+002   3.836313E-002
   7.910000E+002   3.836660E-002
   7.920000E+002   3.836675E-002
   7.930000E+002   3.836354E-002
   7.940000E+002   3.835695E-002
   7.950000E+002   3.834694E-002
   7.960000E+002   3.833348E-002
   7.970000E+002   3.831653E-002
   7.980000E+002   3.829607E-002
   7.990000E+002   3.827205E-002
   8.000000E+002   3.824445E-002
   8.010000E+002   3.821325E-002
   8.020000E+002   3.817846E-002
   8.030000E+002   3.814014E-002
   8.040000E+002   3.809833E-002
   8.050000E+002   3.805306E-002
   8.060000E+002   3.800437E-002
   8.070000E+002   3.795231E-002
   8.080000E+002   3.789692E-002
   8.090000E+002   3.783823E-002
   8.100000E+002   3.777629E-002
   8.110000E+002   3.771113E-002
   8.120000E+002   3.764281E-002
   8.130000E+002   3.757135E-002
   8.140000E+002   3.749681E-002
   8.150000E+002   3.741921E-002
   8.160000E+002   3.733860E-002
   8.170000E+002   3.725502E-002
   8.180000E+002   3.716852E-002
   8.190000E+002   3.707913E-002
   8.200000E+002   3.698689E-002
   8.210000E+002   3.689184E-002
   8.220000E+002   3.679402E-002
   8.230000E+002   3.669348E-002
   8.240000E+002   3.659026E-002
   8.250000E+002   3.648439E-002
   8.260000E+002   3.637591E-002
   8.270000E+002   3.626487E-002
   8.280000E+002   3.615131E-002
   8.290000E+002   3.603526E-002
   8.300000E+002   3.591677E-002
   8.310000E+002   3.579588E-002
   8.320000E+002   3.567263E-002
   8.330000E+002   3.554706E-002
   8.340000E+002   3.541921E-002
   8.350000E+002   3.528912E-002
   8.360000E+002   3.515683E-002
   8.370000E+002   3.502238E-002
   8.380000E+002   3.488581E-002
   8.390000E+002   3.474716E-002
   8.400000E+002   3.460648E-002
   8.410000E+002   3.446380E-002
   8.420000E+002   3.431917E-002
   8.430000E+002   3.417262E-002
   8.440000E+002   3.402419E-002
   8.450000E+002   3.387393E-002
   8.460000E+002   3.372188E-002
   8.470000E+002   3.356807E-002
   8.480000E+002   3.341255E-002
   8.490000E+002   3.325536E-002
   8.500000E+002   3.309653E-002
   8.510000E+002   3.293612E-002
   8.520000E+002   3.277418E-002
   8.530000E+002   3.261077E-002
   8.540000E+002   3.244596E-002
   8.550000E+002   3.227982E-002
   8.560000E+002   3.211239E-002
   8.570000E+002   3.194375E-002
   8.580000E+002   3.177396E-002
   8.590000E+002   3.160308E-002
   8.600000E+002   3.143118E-002
   8.610000E+002   3.125831E-002
   8.620000E+002   3.108454E-002
   8.630000E+002   3.090994E-002
   8.640000E+002   3.073456E-002
   8.650000E+002   3.055847E-002
   8.660000E+002   3.038173E-002
   8.670000E+002   3.020440E-002
   8.680000E+002   3.002656E-002
   8.690000E+002   2.984825E-002
   8.700000E+002   2.966955E-002
   8.710000E+002   2.949051E-002
   8.720000E+002   2.931120E-002
   8.730000E+002   2.913168E-002
   8.740000E+002   2.895202E-002
   8.750000E+002   2.877227E-002
   8.760000E+002   2.859251E-002
   8.770000E+002   2.841279E-002
   8.780000E+002   2.823317E-002
   8.790000E+002   2.805372E-002
   8.800000E+002   2.787450E-002
   8.810000E+002   2.769558E-002
   8.820000E+002   2.751702E-002
   8.830000E+002   2.733887E-002
   8.840000E+002   2.716121E-002
   8.850000E+002   2.698409E-002
   8.860000E+002   2.680759E-002
   8.870000E+002   2.663175E-002
   8.880000E+002   2.645665E-002
   8.890000E+002   2.628235E-002
   8.900000E+002   2.610890E-002
   8.910000E+002   2.593638E-002
   8.920000E+002   2.576485E-002
   8.930000E+002   2.559436E-002
   8.940000E+002   2.542498E-002
   8.950000E+002   2.525678E-002
   8.960000E+002   2.508982E-002
   8.970000E+002   2.492416E-002
   8.980000E+002   2.475986E-002
   8.990000E+002   2.459698E-002
   9.000000E+002   2.443560E-002
   9.010000E+002   2.427576E-002
   9.020000E+002   2.411749E-002
   9.030000E+002   2.396083E-002
   9.040000E+002   2.380580E-002
   9.050000E+002   2.365242E-002
   9.060000E+002   2.350072E-002
   9.070000E+002   2.335073E-002
   9.080000E+002   2.320246E-002
   9.090000E+002   2.305596E-002
   9.100000E+002   2.291123E-002
   9.110000E+002   2.276831E-002
   9.120000E+002   2.262722E-002
   9.130000E+002   2.248799E-002
   9.140000E+002   2.235065E-002
   9.150000E+002   2.221522E-002
   9.160000E+002   2.208172E-002
   9.170000E+002   2.195018E-002
   9.180000E+002   2.182062E-002
   9.190000E+002   2.169308E-002
   9.200000E+002   2.156758E-002
   9.210000E+002   2.144413E-002
   9.220000E+002   2.132278E-002
   9.230000E+002   2.120354E-002
   9.240000E+002   2.108644E-002
   9.250000E+002   2.097151E-002
   9.260000E+002   2.085876E-002
   9.270000E+002   2.074823E-002
   9.280000E+002   2.063995E-002
   9.290000E+002   2.053393E-002
   9.300000E+002   2.043020E-002
   9.310000E+002   2.032879E-002
   9.320000E+002   2.022973E-002
   9.330000E+002   2.013303E-002
   9.340000E+002   2.003873E-002
   9.350000E+002   1.994685E-002
   9.360000E+002   1.985742E-002
   9.370000E+002   1.977046E-002
   9.380000E+002   1.968599E-002
   9.390000E+002   1.960405E-002
   9.400000E+002   1.952466E-002
   9.410000E+002   1.944784E-002
   9.420000E+002   1.937362E-002
   9.430000E+002   1.930203E-002
   9.440000E+002   1.923308E-002
   9.450000E+002   1.916682E-002
   9.460000E+002   1.910325E-002
   9.470000E+002   1.904241E-002
   9.480000E+002   1.898433E-002
   9.490000E+002   1.892902E-002
   9.500000E+002   1.887652E-002
   9.510000E+002   1.882683E-002
   9.520000E+002   1.877995E-002
   9.530000E+002   1.873583E-002
   9.540000E+002   1.869444E-002
   9.550000E+002   1.865576E-002
   9.560000E+002   1.861974E-002
   9.570000E+002   1.858636E-002
   9.580000E+002   1.855559E-002
   9.590000E+002   1.852739E-002
   9.600000E+002   1.850173E-002
   9.610000E+002   1.847857E-002
   9.620000E+002   1.845790E-002
   9.630000E+002   1.843967E-002
   9.640000E+002   1.842385E-002
   9.650000E+002   1.841041E-002
   9.660000E+002   1.839932E-002
   9.670000E+002   1.839055E-002
   9.680000E+002   1.838406E-002
   9.690000E+002   1.837982E-002
   9.700000E+002   1.837780E-002
   9.710000E+002   1.837797E-002
   9.720000E+002   1.838029E-002
   9.730000E+002   1.838474E-002
   9.740000E+002   1.839128E-002
   9.750000E+002   1.839988E-002
   9.760000E+002   1.841051E-002
   9.770000E+002   1.842313E-002
   9.780000E+002   1.843772E-002
   9.790000E+002   1.845423E-002
   9.800000E+002   1.847265E-002
   9.810000E+002   1.849293E-002
   9.820000E+002   1.851504E-002
   9.830000E+002   1.853896E-002
   9.840000E+002   1.856465E-002
   9.850000E+002   1.859208E-002
   9.860000E+002   1.862122E-002
   9.870000E+002   1.865202E-002
   9.880000E+002   1.868447E-002
   9.890000E+002   1.871853E-002
   9.900000E+002   1.875417E-002
   9.910000E+002   1.879136E-002
   9.920000E+002   1.883006E-002
   9.930000E+002   1.887024E-002
   9.940000E+002   1.891186E-002
   9.950000E+002   1.895491E-002
   9.960000E+002   1.899934E-002
   9.970000E+002   1.904513E-002
   9.980000E+002   1.909224E-002
   9.990000E+002   1.914063E-002
   1.000000E+003   1.919029E-002
   1.001000E+003   1.924116E-002
   1.002000E+003   1.929321E-002
   1.003000E+003   1.934640E-002
   1.004000E+003   1.940067E-002
   1.005000E+003   1.945597E-002
   1.006000E+003   1.951227E-002
   1.007000E+003   1.956951E-002
   1.008000E+003   1.962765E-002
   1.009000E+003   1.968663E-002
   1.010000E+003   1.974643E-002
   1.011000E+003   1.980697E-002
   1.012000E+003   1.986823E-002
   1.013000E+003   1.993014E-002
   1.014000E+003   1.999268E-002
   1.015000E+003   2.005578E-002
   1.016000E+003   2.011940E-002
   1.017000E+003   2.018350E-002
   1.018000E+003   2.024803E-002
   1.019000E+003   2.031294E-002
   1.020000E+003   2.037818E-002
   1.021000E+003   2.044371E-002
   1.022000E+003   2.050948E-002
   1.023000E+003   2.057544E-002
   1.024000E+003   2.064155E-002
   1.025000E+003   2.070776E-002
   1.026000E+003   2.077402E-002
   1.027000E+003   2.084029E-002
   1.028000E+003   2.090652E-002
   1.029000E+003   2.097266E-002
   1.030000E+003   2.103867E-002
   1.031000E+003   2.110449E-002
   1.032000E+003   2.117009E-002
   1.033000E+003   2.123541E-002
   1.034000E+003   2.130041E-002
   1.035000E+003   2.136504E-002
   1.036000E+003   2.142925E-002
   1.037000E+003   2.149300E-002
   1.038000E+003   2.155625E-002
   1.039000E+003   2.161893E-002
   1.040000E+003   2.168101E-002
   1.041000E+003   2.174245E-002
   1.042000E+003   2.180318E-002
   1.043000E+003   2.186317E-002
   1.044000E+003   2.192237E-002
   1.045000E+003   2.198073E-002
   1.046000E+003   2.203821E-002
   1.047000E+003   2.209476E-002
   1.048000E+003   2.215033E-002
   1.049000E+003   2.220487E-002
   1.050000E+003   2.225834E-002
   1.051000E+003   2.231070E-002
   1.052000E+003   2.236192E-002
   1.053000E+003   2.241198E-002
   1.054000E+003   2.246088E-002
   1.055000E+003   2.250858E-002
   1.056000E+003   2.255509E-002
   1.057000E+003   2.260036E-002
   1.058000E+003   2.264440E-002
   1.059000E+003   2.268718E-002
   1.060000E+003   2.272869E-002
   1.061000E+003   2.276890E-002
   1.062000E+003   2.280780E-002
   1.063000E+003   2.284538E-002
   1.064000E+003   2.288161E-002
   1.065000E+003   2.291648E-002
   1.066000E+003   2.294997E-002
   1.067000E+003   2.298207E-002
   1.068000E+003   2.301275E-002
   1.069000E+003   2.304200E-002
   1.070000E+003   2.306980E-002
   1.071000E+003   2.309614E-002
   1.072000E+003   2.312099E-002
   1.073000E+003   2.314434E-002
   1.074000E+003   2.316618E-002
   1.075000E+003   2.318648E-002
   1.076000E+003   2.320522E-002
   1.077000E+003   2.322240E-002
   1.078000E+003   2.323799E-002
   1.079000E+003   2.325198E-002
   1.080000E+003   2.326434E-002
   1.081000E+003   2.327507E-002
   1.082000E+003   2.328414E-002
   1.083000E+003   2.329153E-002
   1.084000E+003   2.329724E-002
   1.085000E+003   2.330123E-002
   1.086000E+003   2.330350E-002
   1.087000E+003   2.330403E-002
   1.088000E+003   2.330279E-002
   1.089000E+003   2.329978E-002
   1.090000E+003   2.329498E-002
   1.091000E+003   2.328836E-002
   1.092000E+003   2.327991E-002
   1.093000E+003   2.326961E-002
   1.094000E+003   2.325745E-002
   1.095000E+003   2.324341E-002
   1.096000E+003   2.322747E-002
   1.097000E+003   2.320961E-002
   1.098000E+003   2.318982E-002
   1.099000E+003   2.316808E-002
   1.100000E+003   2.314437E-002
   1.101000E+003   2.311868E-002
   1.102000E+003   2.309104E-002
   1.103000E+003   2.306147E-002
   1.104000E+003   2.303002E-002
   1.105000E+003   2.299671E-002
   1.106000E+003   2.296158E-002
   1.107000E+003   2.292466E-002
   1.108000E+003   2.288598E-002
   1.109000E+003   2.284557E-002
   1.110000E+003   2.280347E-002
   1.111000E+003   2.275971E-002
   1.112000E+003   2.271432E-002
   1.113000E+003   2.266733E-002
   1.114000E+003   2.261878E-002
   1.115000E+003   2.256870E-002
   1.116000E+003   2.251712E-002
   1.117000E+003   2.246407E-002
   1.118000E+003   2.240959E-002
   1.119000E+003   2.235370E-002
   1.120000E+003   2.229645E-002
   1.121000E+003   2.223786E-002
   1.122000E+003   2.217797E-002
   1.123000E+003   2.211680E-002
   1.124000E+003   2.205439E-002
   1.125000E+003   2.199078E-002
   1.126000E+003   2.192599E-002
   1.127000E+003   2.186006E-002
   1.128000E+003   2.179302E-002
   1.129000E+003   2.172491E-002
   1.130000E+003   2.165574E-002
   1.131000E+003   2.158557E-002
   1.132000E+003   2.151442E-002
   1.133000E+003   2.144232E-002
   1.134000E+003   2.136930E-002
   1.135000E+003   2.129540E-002
   1.136000E+003   2.122065E-002
   1.137000E+003   2.114508E-002
   1.138000E+003   2.106873E-002
   1.139000E+003   2.099163E-002
   1.140000E+003   2.091380E-002
   1.141000E+003   2.083529E-002
   1.142000E+003   2.075612E-002
   1.143000E+003   2.067633E-002
   1.144000E+003   2.059595E-002
   1.145000E+003   2.051501E-002
   1.146000E+003   2.043354E-002
   1.147000E+003   2.035159E-002
   1.148000E+003   2.026917E-002
   1.149000E+003   2.018632E-002
   1.150000E+003   2.010307E-002
   1.151000E+003   2.001946E-002
   1.152000E+003   1.993550E-002
   1.153000E+003   1.985118E-002
   1.154000E+003   1.976652E-002
   1.155000E+003   1.968153E-002
   1.156000E+003   1.959621E-002
   1.157000E+003   1.951057E-002
   1.158000E+003   1.942462E-002
   1.159000E+003   1.933837E-002
   1.160000E+003   1.925181E-002
   1.161000E+003   1.916497E-002
   1.162000E+003   1.907784E-002
   1.163000E+003   1.899043E-002
   1.164000E+003   1.890276E-002
   1.165000E+003   1.881482E-002
   1.166000E+003   1.872663E-002
   1.167000E+003   1.863820E-002
   1.168000E+003   1.854952E-002
   1.169000E+003   1.846061E-002
   1.170000E+003   1.837148E-002
   1.171000E+003   1.828212E-002
   1.172000E+003   1.819256E-002
   1.173000E+003   1.810279E-002
   1.174000E+003   1.801283E-002
   1.175000E+003   1.792268E-002
   1.176000E+003   1.783234E-002
   1.177000E+003   1.774184E-002
   1.178000E+003   1.765116E-002
   1.179000E+003   1.756033E-002
   1.180000E+003   1.746934E-002
   1.181000E+003   1.737820E-002
   1.182000E+003   1.728693E-002
   1.183000E+003   1.719553E-002
   1.184000E+003   1.710401E-002
   1.185000E+003   1.701236E-002
   1.186000E+003   1.692061E-002
   1.187000E+003   1.682876E-002
   1.188000E+003   1.673681E-002
   1.189000E+003   1.664478E-002
   1.190000E+003   1.655266E-002
   1.191000E+003   1.646048E-002
   1.192000E+003   1.636822E-002
   1.193000E+003   1.627591E-002
   1.194000E+003   1.618355E-002
   1.195000E+003   1.609115E-002
   1.196000E+003   1.599871E-002
   1.197000E+003   1.590624E-002
   1.198000E+003   1.581374E-002
   1.199000E+003   1.572124E-002
   1.200000E+003   1.562872E-002
