   1.000000E+000   1.843051E-002
   2.000000E+000   2.272823E-002
   3.000000E+000   2.702595E-002
   4.000000E+000   2.698523E-002
   5.000000E+000   2.634612E-002
   6.000000E+000   2.602224E-002
   7.000000E+000   2.570992E-002
   8.000000E+000   2.540544E-002
   9.000000E+000   2.516229E-002
   1.000000E+001   2.496270E-002
   1.100000E+001   2.477751E-002
   1.200000E+001   2.460308E-002
   1.300000E+001   2.444114E-002
   1.400000E+001   2.428926E-002
   1.500000E+001   2.414398E-002
   1.600000E+001   2.400230E-002
   1.700000E+001   2.386316E-002
   1.800000E+001   2.372595E-002
   1.900000E+001   2.359009E-002
   2.000000E+001   2.345497E-002
   2.100000E+001   2.332009E-002
   2.200000E+001   2.318539E-002
   2.300000E+001   2.305088E-002
   2.400000E+001   2.291659E-002
   2.500000E+001   2.278255E-002
   2.600000E+001   2.264878E-002
   2.700000E+001   2.251530E-002
   2.800000E+001   2.238214E-002
   2.900000E+001   2.224932E-002
   3.000000E+001   2.211688E-002
   3.100000E+001   2.198483E-002
   3.200000E+001   2.185326E-002
   3.300000E+001   2.172224E-002
   3.400000E+001   2.159185E-002
   3.500000E+001   2.146216E-002
   3.600000E+001   2.133327E-002
   3.700000E+001   2.120523E-002
   3.800000E+001   2.107814E-002
   3.900000E+001   2.095207E-002
   4.000000E+001   2.082710E-002
   4.100000E+001   2.070337E-002
   4.200000E+001   2.058131E-002
   4.300000E+001   2.046139E-002
   4.400000E+001   2.034409E-002
   4.500000E+001   2.022989E-002
   4.600000E+001   2.011929E-002
   4.700000E+001   2.001276E-002
   4.800000E+001   1.991078E-002
   4.900000E+001   1.981383E-002
   5.000000E+001   1.972241E-002
   5.100000E+001   1.963679E-002
   5.200000E+001   1.955650E-002
   5.300000E+001   1.948088E-002
   5.400000E+001   1.940927E-002
   5.500000E+001   1.934100E-002
   5.600000E+001   1.927540E-002
   5.700000E+001   1.921181E-002
   5.800000E+001   1.914957E-002
   5.900000E+001   1.908800E-002
   6.000000E+001   1.902645E-002
   6.100000E+001   1.896452E-002
   6.200000E+001   1.890290E-002
   6.300000E+001   1.884256E-002
   6.400000E+001   1.878444E-002
   6.500000E+001   1.872952E-002
   6.600000E+001   1.867875E-002
   6.700000E+001   1.863310E-002
   6.800000E+001   1.859353E-002
   6.900000E+001   1.856099E-002
   7.000000E+001   1.853645E-002
   7.100000E+001   1.852065E-002
   7.200000E+001   1.851344E-002
   7.300000E+001   1.851446E-002
   7.400000E+001   1.852334E-002
   7.500000E+001   1.853971E-002
   7.600000E+001   1.856321E-002
   7.700000E+001   1.859347E-002
   7.800000E+001   1.863013E-002
   7.900000E+001   1.867281E-002
   8.000000E+001   1.872115E-002
   8.100000E+001   1.877487E-002
   8.200000E+001   1.883400E-002
   8.300000E+001   1.889866E-002
   8.400000E+001   1.896896E-002
   8.500000E+001   1.904503E-002
   8.600000E+001   1.912698E-002
   8.700000E+001   1.921492E-002
   8.800000E+001   1.930898E-002
   8.900000E+001   1.940927E-002
   9.000000E+001   1.951591E-002
   9.100000E+001   1.962899E-002
   9.200000E+001   1.974848E-002
   9.300000E+001   1.987435E-002
   9.400000E+001   2.000655E-002
   9.500000E+001   2.014503E-002
   9.600000E+001   2.028976E-002
   9.700000E+001   2.044067E-002
   9.800000E+001   2.059773E-002
   9.900000E+001   2.076089E-002
   1.000000E+002   2.093011E-002
   1.010000E+002   2.110533E-002
   1.020000E+002   2.128649E-002
   1.030000E+002   2.147352E-002
   1.040000E+002   2.166635E-002
   1.050000E+002   2.186491E-002
   1.060000E+002   2.206912E-002
   1.070000E+002   2.227891E-002
   1.080000E+002   2.249422E-002
   1.090000E+002   2.271498E-002
   1.100000E+002   2.294110E-002
   1.110000E+002   2.317253E-002
   1.120000E+002   2.340918E-002
   1.130000E+002   2.365099E-002
   1.140000E+002   2.389790E-002
   1.150000E+002   2.414982E-002
   1.160000E+002   2.440668E-002
   1.170000E+002   2.466842E-002
   1.180000E+002   2.493497E-002
   1.190000E+002   2.520624E-002
   1.200000E+002   2.548218E-002
   1.210000E+002   2.576271E-002
   1.220000E+002   2.604768E-002
   1.230000E+002   2.633697E-002
   1.240000E+002   2.663045E-002
   1.250000E+002   2.692796E-002
   1.260000E+002   2.722938E-002
   1.270000E+002   2.753458E-002
   1.280000E+002   2.784340E-002
   1.290000E+002   2.815572E-002
   1.300000E+002   2.847139E-002
   1.310000E+002   2.879029E-002
   1.320000E+002   2.911227E-002
   1.330000E+002   2.943720E-002
   1.340000E+002   2.976494E-002
   1.350000E+002   3.009535E-002
   1.360000E+002   3.042830E-002
   1.370000E+002   3.076364E-002
   1.380000E+002   3.110125E-002
   1.390000E+002   3.144098E-002
   1.400000E+002   3.178270E-002
   1.410000E+002   3.212627E-002
   1.420000E+002   3.247154E-002
   1.430000E+002   3.281836E-002
   1.440000E+002   3.316659E-002
   1.450000E+002   3.351607E-002
   1.460000E+002   3.386666E-002
   1.470000E+002   3.421820E-002
   1.480000E+002   3.457056E-002
   1.490000E+002   3.492357E-002
   1.500000E+002   3.527710E-002
   1.510000E+002   3.563099E-002
   1.520000E+002   3.598509E-002
   1.530000E+002   3.633925E-002
   1.540000E+002   3.669334E-002
   1.550000E+002   3.704718E-002
   1.560000E+002   3.740065E-002
   1.570000E+002   3.775359E-002
   1.580000E+002   3.810585E-002
   1.590000E+002   3.845728E-002
   1.600000E+002   3.880773E-002
   1.610000E+002   3.915706E-002
   1.620000E+002   3.950512E-002
   1.630000E+002   3.985177E-002
   1.640000E+002   4.019686E-002
   1.650000E+002   4.054027E-002
   1.660000E+002   4.088183E-002
   1.670000E+002   4.122142E-002
   1.680000E+002   4.155889E-002
   1.690000E+002   4.189409E-002
   1.700000E+002   4.222689E-002
   1.710000E+002   4.255714E-002
   1.720000E+002   4.288470E-002
   1.730000E+002   4.320943E-002
   1.740000E+002   4.353118E-002
   1.750000E+002   4.384982E-002
   1.760000E+002   4.416520E-002
   1.770000E+002   4.447717E-002
   1.780000E+002   4.478561E-002
   1.790000E+002   4.509036E-002
   1.800000E+002   4.539128E-002
   1.810000E+002   4.568824E-002
   1.820000E+002   4.598113E-002
   1.830000E+002   4.626983E-002
   1.840000E+002   4.655424E-002
   1.850000E+002   4.683426E-002
   1.860000E+002   4.710977E-002
   1.870000E+002   4.738067E-002
   1.880000E+002   4.764685E-002
   1.890000E+002   4.790822E-002
   1.900000E+002   4.816465E-002
   1.910000E+002   4.841604E-002
   1.920000E+002   4.866229E-002
   1.930000E+002   4.890329E-002
   1.940000E+002   4.913894E-002
   1.950000E+002   4.936912E-002
   1.960000E+002   4.959372E-002
   1.970000E+002   4.981265E-002
   1.980000E+002   5.002580E-002
   1.990000E+002   5.023306E-002
   2.000000E+002   5.043431E-002
   2.010000E+002   5.062948E-002
   2.020000E+002   5.081850E-002
   2.030000E+002   5.100133E-002
   2.040000E+002   5.117793E-002
   2.050000E+002   5.134826E-002
   2.060000E+002   5.151228E-002
   2.070000E+002   5.166994E-002
   2.080000E+002   5.182121E-002
   2.090000E+002   5.196604E-002
   2.100000E+002   5.210440E-002
   2.110000E+002   5.223623E-002
   2.120000E+002   5.236151E-002
   2.130000E+002   5.248018E-002
   2.140000E+002   5.259221E-002
   2.150000E+002   5.269755E-002
   2.160000E+002   5.279617E-002
   2.170000E+002   5.288801E-002
   2.180000E+002   5.297305E-002
   2.190000E+002   5.305123E-002
   2.200000E+002   5.312252E-002
   2.210000E+002   5.318688E-002
   2.220000E+002   5.324426E-002
   2.230000E+002   5.329463E-002
   2.240000E+002   5.333793E-002
   2.250000E+002   5.337413E-002
   2.260000E+002   5.340321E-002
   2.270000E+002   5.342518E-002
   2.280000E+002   5.344010E-002
   2.290000E+002   5.344800E-002
   2.300000E+002   5.344892E-002
   2.310000E+002   5.344290E-002
   2.320000E+002   5.343000E-002
   2.330000E+002   5.341024E-002
   2.340000E+002   5.338367E-002
   2.350000E+002   5.335033E-002
   2.360000E+002   5.331027E-002
   2.370000E+002   5.326351E-002
   2.380000E+002   5.321012E-002
   2.390000E+002   5.315012E-002
   2.400000E+002   5.308356E-002
   2.410000E+002   5.301048E-002
   2.420000E+002   5.293092E-002
   2.430000E+002   5.284492E-002
   2.440000E+002   5.275253E-002
   2.450000E+002   5.265378E-002
   2.460000E+002   5.254872E-002
   2.470000E+002   5.243739E-002
   2.480000E+002   5.231982E-002
   2.490000E+002   5.219607E-002
   2.500000E+002   5.206618E-002
   2.510000E+002   5.193018E-002
   2.520000E+002   5.178817E-002
   2.530000E+002   5.164023E-002
   2.540000E+002   5.148646E-002
   2.550000E+002   5.132693E-002
   2.560000E+002   5.116175E-002
   2.570000E+002   5.099100E-002
   2.580000E+002   5.081477E-002
   2.590000E+002   5.063314E-002
   2.600000E+002   5.044622E-002
   2.610000E+002   5.025408E-002
   2.620000E+002   5.005683E-002
   2.630000E+002   4.985453E-002
   2.640000E+002   4.964730E-002
   2.650000E+002   4.943521E-002
   2.660000E+002   4.921835E-002
   2.670000E+002   4.899682E-002
   2.680000E+002   4.877071E-002
   2.690000E+002   4.854009E-002
   2.700000E+002   4.830507E-002
   2.710000E+002   4.806573E-002
   2.720000E+002   4.782216E-002
   2.730000E+002   4.757446E-002
   2.740000E+002   4.732270E-002
   2.750000E+002   4.706698E-002
   2.760000E+002   4.680740E-002
   2.770000E+002   4.654408E-002
   2.780000E+002   4.627717E-002
   2.790000E+002   4.600681E-002
   2.800000E+002   4.573312E-002
   2.810000E+002   4.545626E-002
   2.820000E+002   4.517635E-002
   2.830000E+002   4.489354E-002
   2.840000E+002   4.460797E-002
   2.850000E+002   4.431976E-002
   2.860000E+002   4.402907E-002
   2.870000E+002   4.373603E-002
   2.880000E+002   4.344077E-002
   2.890000E+002   4.314344E-002
   2.900000E+002   4.284418E-002
   2.910000E+002   4.254312E-002
   2.920000E+002   4.224040E-002
   2.930000E+002   4.193615E-002
   2.940000E+002   4.163053E-002
   2.950000E+002   4.132366E-002
   2.960000E+002   4.101568E-002
   2.970000E+002   4.070674E-002
   2.980000E+002   4.039696E-002
   2.990000E+002   4.008649E-002
   3.000000E+002   3.977547E-002
   3.010000E+002   3.946403E-002
   3.020000E+002   3.915228E-002
   3.030000E+002   3.884033E-002
   3.040000E+002   3.852827E-002
   3.050000E+002   3.821621E-002
   3.060000E+002   3.790426E-002
   3.070000E+002   3.759253E-002
   3.080000E+002   3.728111E-002
   3.090000E+002   3.697011E-002
   3.100000E+002   3.665964E-002
   3.110000E+002   3.634980E-002
   3.120000E+002   3.604070E-002
   3.130000E+002   3.573243E-002
   3.140000E+002   3.542511E-002
   3.150000E+002   3.511884E-002
   3.160000E+002   3.481373E-002
   3.170000E+002   3.450987E-002
   3.180000E+002   3.420737E-002
   3.190000E+002   3.390634E-002
   3.200000E+002   3.360688E-002
   3.210000E+002   3.330910E-002
   3.220000E+002   3.301310E-002
   3.230000E+002   3.271899E-002
   3.240000E+002   3.242687E-002
   3.250000E+002   3.213684E-002
   3.260000E+002   3.184901E-002
   3.270000E+002   3.156349E-002
   3.280000E+002   3.128037E-002
   3.290000E+002   3.099977E-002
   3.300000E+002   3.072179E-002
   3.310000E+002   3.044652E-002
   3.320000E+002   3.017409E-002
   3.330000E+002   2.990459E-002
   3.340000E+002   2.963812E-002
   3.350000E+002   2.937479E-002
   3.360000E+002   2.911471E-002
   3.370000E+002   2.885798E-002
   3.380000E+002   2.860470E-002
   3.390000E+002   2.835499E-002
   3.400000E+002   2.810893E-002
   3.410000E+002   2.786665E-002
   3.420000E+002   2.762824E-002
   3.430000E+002   2.739380E-002
   3.440000E+002   2.716345E-002
   3.450000E+002   2.693729E-002
   3.460000E+002   2.671541E-002
   3.470000E+002   2.649793E-002
   3.480000E+002   2.628496E-002
   3.490000E+002   2.607658E-002
   3.500000E+002   2.587292E-002
   3.510000E+002   2.567405E-002
   3.520000E+002   2.548000E-002
   3.530000E+002   2.529074E-002
   3.540000E+002   2.510629E-002
   3.550000E+002   2.492662E-002
   3.560000E+002   2.475175E-002
   3.570000E+002   2.458166E-002
   3.580000E+002   2.441634E-002
   3.590000E+002   2.425580E-002
   3.600000E+002   2.410002E-002
   3.610000E+002   2.394901E-002
   3.620000E+002   2.380275E-002
   3.630000E+002   2.366124E-002
   3.640000E+002   2.352448E-002
   3.650000E+002   2.339246E-002
   3.660000E+002   2.326517E-002
   3.670000E+002   2.314262E-002
   3.680000E+002   2.302479E-002
   3.690000E+002   2.291167E-002
   3.700000E+002   2.280328E-002
   3.710000E+002   2.269959E-002
   3.720000E+002   2.260060E-002
   3.730000E+002   2.250631E-002
   3.740000E+002   2.241672E-002
   3.750000E+002   2.233181E-002
   3.760000E+002   2.225159E-002
   3.770000E+002   2.217604E-002
   3.780000E+002   2.210516E-002
   3.790000E+002   2.203895E-002
   3.800000E+002   2.197741E-002
   3.810000E+002   2.192051E-002
   3.820000E+002   2.186827E-002
   3.830000E+002   2.182068E-002
   3.840000E+002   2.177772E-002
   3.850000E+002   2.173940E-002
   3.860000E+002   2.170571E-002
   3.870000E+002   2.167665E-002
   3.880000E+002   2.165220E-002
   3.890000E+002   2.163236E-002
   3.900000E+002   2.161714E-002
   3.910000E+002   2.160652E-002
   3.920000E+002   2.160050E-002
   3.930000E+002   2.159906E-002
   3.940000E+002   2.160222E-002
   3.950000E+002   2.160996E-002
   3.960000E+002   2.162228E-002
   3.970000E+002   2.163916E-002
   3.980000E+002   2.166062E-002
   3.990000E+002   2.168663E-002
   4.000000E+002   2.171720E-002
   4.010000E+002   2.175231E-002
   4.020000E+002   2.179188E-002
   4.030000E+002   2.183581E-002
   4.040000E+002   2.188402E-002
   4.050000E+002   2.193641E-002
   4.060000E+002   2.199289E-002
   4.070000E+002   2.205338E-002
   4.080000E+002   2.211777E-002
   4.090000E+002   2.218598E-002
   4.100000E+002   2.225792E-002
   4.110000E+002   2.233348E-002
   4.120000E+002   2.241259E-002
   4.130000E+002   2.249515E-002
   4.140000E+002   2.258107E-002
   4.150000E+002   2.267026E-002
   4.160000E+002   2.276262E-002
   4.170000E+002   2.285806E-002
   4.180000E+002   2.295649E-002
   4.190000E+002   2.305782E-002
   4.200000E+002   2.316197E-002
   4.210000E+002   2.326882E-002
   4.220000E+002   2.337830E-002
   4.230000E+002   2.349032E-002
   4.240000E+002   2.360477E-002
   4.250000E+002   2.372158E-002
   4.260000E+002   2.384064E-002
   4.270000E+002   2.396187E-002
   4.280000E+002   2.408517E-002
   4.290000E+002   2.421045E-002
   4.300000E+002   2.433763E-002
   4.310000E+002   2.446660E-002
   4.320000E+002   2.459728E-002
   4.330000E+002   2.472958E-002
   4.340000E+002   2.486340E-002
   4.350000E+002   2.499865E-002
   4.360000E+002   2.513525E-002
   4.370000E+002   2.527309E-002
   4.380000E+002   2.541209E-002
   4.390000E+002   2.555215E-002
   4.400000E+002   2.569319E-002
   4.410000E+002   2.583511E-002
   4.420000E+002   2.597782E-002
   4.430000E+002   2.612122E-002
   4.440000E+002   2.626524E-002
   4.450000E+002   2.640977E-002
   4.460000E+002   2.655472E-002
   4.470000E+002   2.670000E-002
   4.480000E+002   2.684552E-002
   4.490000E+002   2.699119E-002
   4.500000E+002   2.713692E-002
   4.510000E+002   2.728262E-002
   4.520000E+002   2.742821E-002
   4.530000E+002   2.757364E-002
   4.540000E+002   2.771883E-002
   4.550000E+002   2.786373E-002
   4.560000E+002   2.800825E-002
   4.570000E+002   2.815235E-002
   4.580000E+002   2.829595E-002
   4.590000E+002   2.843898E-002
   4.600000E+002   2.858138E-002
   4.610000E+002   2.872309E-002
   4.620000E+002   2.886404E-002
   4.630000E+002   2.900415E-002
   4.640000E+002   2.914338E-002
   4.650000E+002   2.928164E-002
   4.660000E+002   2.941888E-002
   4.670000E+002   2.955502E-002
   4.680000E+002   2.969000E-002
   4.690000E+002   2.982377E-002
   4.700000E+002   2.995623E-002
   4.710000E+002   3.008735E-002
   4.720000E+002   3.021704E-002
   4.730000E+002   3.034524E-002
   4.740000E+002   3.047188E-002
   4.750000E+002   3.059691E-002
   4.760000E+002   3.072025E-002
   4.770000E+002   3.084183E-002
   4.780000E+002   3.096160E-002
   4.790000E+002   3.107948E-002
   4.800000E+002   3.119541E-002
   4.810000E+002   3.130932E-002
   4.820000E+002   3.142114E-002
   4.830000E+002   3.153082E-002
   4.840000E+002   3.163828E-002
   4.850000E+002   3.174346E-002
   4.860000E+002   3.184630E-002
   4.870000E+002   3.194672E-002
   4.880000E+002   3.204466E-002
   4.890000E+002   3.214005E-002
   4.900000E+002   3.223283E-002
   4.910000E+002   3.232293E-002
   4.920000E+002   3.241029E-002
   4.930000E+002   3.249484E-002
   4.940000E+002   3.257651E-002
   4.950000E+002   3.265524E-002
   4.960000E+002   3.273096E-002
   4.970000E+002   3.280361E-002
   4.980000E+002   3.287311E-002
   4.990000E+002   3.293941E-002
   5.000000E+002   3.300244E-002
   5.010000E+002   3.306214E-002
   5.020000E+002   3.311852E-002
   5.030000E+002   3.317158E-002
   5.040000E+002   3.322134E-002
   5.050000E+002   3.326781E-002
   5.060000E+002   3.331101E-002
   5.070000E+002   3.335095E-002
   5.080000E+002   3.338764E-002
   5.090000E+002   3.342109E-002
   5.100000E+002   3.345132E-002
   5.110000E+002   3.347834E-002
   5.120000E+002   3.350217E-002
   5.130000E+002   3.352280E-002
   5.140000E+002   3.354027E-002
   5.150000E+002   3.355458E-002
   5.160000E+002   3.356574E-002
   5.170000E+002   3.357377E-002
   5.180000E+002   3.357867E-002
   5.190000E+002   3.358047E-002
   5.200000E+002   3.357918E-002
   5.210000E+002   3.357480E-002
   5.220000E+002   3.356736E-002
   5.230000E+002   3.355686E-002
   5.240000E+002   3.354332E-002
   5.250000E+002   3.352674E-002
   5.260000E+002   3.350715E-002
   5.270000E+002   3.348455E-002
   5.280000E+002   3.345897E-002
   5.290000E+002   3.343040E-002
   5.300000E+002   3.339887E-002
   5.310000E+002   3.336438E-002
   5.320000E+002   3.332695E-002
   5.330000E+002   3.328660E-002
   5.340000E+002   3.324333E-002
   5.350000E+002   3.319716E-002
   5.360000E+002   3.314810E-002
   5.370000E+002   3.309617E-002
   5.380000E+002   3.304137E-002
   5.390000E+002   3.298372E-002
   5.400000E+002   3.292323E-002
   5.410000E+002   3.285992E-002
   5.420000E+002   3.279380E-002
   5.430000E+002   3.272488E-002
   5.440000E+002   3.265317E-002
   5.450000E+002   3.257869E-002
   5.460000E+002   3.250145E-002
   5.470000E+002   3.242146E-002
   5.480000E+002   3.233874E-002
   5.490000E+002   3.225329E-002
   5.500000E+002   3.216514E-002
   5.510000E+002   3.207430E-002
   5.520000E+002   3.198084E-002
   5.530000E+002   3.188483E-002
   5.540000E+002   3.178636E-002
   5.550000E+002   3.168550E-002
   5.560000E+002   3.158233E-002
   5.570000E+002   3.147692E-002
   5.580000E+002   3.136934E-002
   5.590000E+002   3.125968E-002
   5.600000E+002   3.114802E-002
   5.610000E+002   3.103442E-002
   5.620000E+002   3.091896E-002
   5.630000E+002   3.080172E-002
   5.640000E+002   3.068279E-002
   5.650000E+002   3.056222E-002
   5.660000E+002   3.044011E-002
   5.670000E+002   3.031652E-002
   5.680000E+002   3.019153E-002
   5.690000E+002   3.006522E-002
   5.700000E+002   2.993767E-002
   5.710000E+002   2.980894E-002
   5.720000E+002   2.967913E-002
   5.730000E+002   2.954830E-002
   5.740000E+002   2.941653E-002
   5.750000E+002   2.928390E-002
   5.760000E+002   2.915048E-002
   5.770000E+002   2.901635E-002
   5.780000E+002   2.888159E-002
   5.790000E+002   2.874626E-002
   5.800000E+002   2.861046E-002
   5.810000E+002   2.847426E-002
   5.820000E+002   2.833772E-002
   5.830000E+002   2.820093E-002
   5.840000E+002   2.806397E-002
   5.850000E+002   2.792691E-002
   5.860000E+002   2.778983E-002
   5.870000E+002   2.765280E-002
   5.880000E+002   2.751589E-002
   5.890000E+002   2.737920E-002
   5.900000E+002   2.724279E-002
   5.910000E+002   2.710673E-002
   5.920000E+002   2.697112E-002
   5.930000E+002   2.683601E-002
   5.940000E+002   2.670149E-002
   5.950000E+002   2.656764E-002
   5.960000E+002   2.643453E-002
   5.970000E+002   2.630224E-002
   5.980000E+002   2.617083E-002
   5.990000E+002   2.604040E-002
   6.000000E+002   2.591102E-002
   6.010000E+002   2.578275E-002
   6.020000E+002   2.565564E-002
   6.030000E+002   2.552973E-002
   6.040000E+002   2.540506E-002
   6.050000E+002   2.528166E-002
   6.060000E+002   2.515957E-002
   6.070000E+002   2.503883E-002
   6.080000E+002   2.491947E-002
   6.090000E+002   2.480154E-002
   6.100000E+002   2.468507E-002
   6.110000E+002   2.457010E-002
   6.120000E+002   2.445666E-002
   6.130000E+002   2.434480E-002
   6.140000E+002   2.423455E-002
   6.150000E+002   2.412595E-002
   6.160000E+002   2.401903E-002
   6.170000E+002   2.391384E-002
   6.180000E+002   2.381041E-002
   6.190000E+002   2.370878E-002
   6.200000E+002   2.360899E-002
   6.210000E+002   2.351107E-002
   6.220000E+002   2.341506E-002
   6.230000E+002   2.332100E-002
   6.240000E+002   2.322893E-002
   6.250000E+002   2.313889E-002
   6.260000E+002   2.305091E-002
   6.270000E+002   2.296502E-002
   6.280000E+002   2.288128E-002
   6.290000E+002   2.279971E-002
   6.300000E+002   2.272035E-002
   6.310000E+002   2.264325E-002
   6.320000E+002   2.256843E-002
   6.330000E+002   2.249593E-002
   6.340000E+002   2.242580E-002
   6.350000E+002   2.235807E-002
   6.360000E+002   2.229278E-002
   6.370000E+002   2.222996E-002
   6.380000E+002   2.216966E-002
   6.390000E+002   2.211191E-002
   6.400000E+002   2.205675E-002
   6.410000E+002   2.200421E-002
   6.420000E+002   2.195434E-002
   6.430000E+002   2.190717E-002
   6.440000E+002   2.186273E-002
   6.450000E+002   2.182108E-002
   6.460000E+002   2.178223E-002
   6.470000E+002   2.174624E-002
   6.480000E+002   2.171314E-002
   6.490000E+002   2.168296E-002
   6.500000E+002   2.165575E-002
   6.510000E+002   2.163153E-002
   6.520000E+002   2.161029E-002
   6.530000E+002   2.159198E-002
   6.540000E+002   2.157659E-002
   6.550000E+002   2.156409E-002
   6.560000E+002   2.155444E-002
   6.570000E+002   2.154763E-002
   6.580000E+002   2.154360E-002
   6.590000E+002   2.154235E-002
   6.600000E+002   2.154384E-002
   6.610000E+002   2.154804E-002
   6.620000E+002   2.155492E-002
   6.630000E+002   2.156445E-002
   6.640000E+002   2.157661E-002
   6.650000E+002   2.159136E-002
   6.660000E+002   2.160868E-002
   6.670000E+002   2.162854E-002
   6.680000E+002   2.165090E-002
   6.690000E+002   2.167574E-002
   6.700000E+002   2.170303E-002
   6.710000E+002   2.173274E-002
   6.720000E+002   2.176484E-002
   6.730000E+002   2.179930E-002
   6.740000E+002   2.183609E-002
   6.750000E+002   2.187519E-002
   6.760000E+002   2.191656E-002
   6.770000E+002   2.196018E-002
   6.780000E+002   2.200602E-002
   6.790000E+002   2.205404E-002
   6.800000E+002   2.210422E-002
   6.810000E+002   2.215653E-002
   6.820000E+002   2.221094E-002
   6.830000E+002   2.226742E-002
   6.840000E+002   2.232594E-002
   6.850000E+002   2.238647E-002
   6.860000E+002   2.244899E-002
   6.870000E+002   2.251347E-002
   6.880000E+002   2.257987E-002
   6.890000E+002   2.264816E-002
   6.900000E+002   2.271832E-002
   6.910000E+002   2.279032E-002
   6.920000E+002   2.286413E-002
   6.930000E+002   2.293972E-002
   6.940000E+002   2.301706E-002
   6.950000E+002   2.309613E-002
   6.960000E+002   2.317688E-002
   6.970000E+002   2.325930E-002
   6.980000E+002   2.334335E-002
   6.990000E+002   2.342901E-002
   7.000000E+002   2.351625E-002
   7.010000E+002   2.360502E-002
   7.020000E+002   2.369529E-002
   7.030000E+002   2.378698E-002
   7.040000E+002   2.388004E-002
   7.050000E+002   2.397440E-002
   7.060000E+002   2.407001E-002
   7.070000E+002   2.416681E-002
   7.080000E+002   2.426473E-002
   7.090000E+002   2.436372E-002
   7.100000E+002   2.446372E-002
   7.110000E+002   2.456466E-002
   7.120000E+002   2.466648E-002
   7.130000E+002   2.476913E-002
   7.140000E+002   2.487255E-002
   7.150000E+002   2.497667E-002
   7.160000E+002   2.508144E-002
   7.170000E+002   2.518679E-002
   7.180000E+002   2.529266E-002
   7.190000E+002   2.539900E-002
   7.200000E+002   2.550574E-002
   7.210000E+002   2.561282E-002
   7.220000E+002   2.572019E-002
   7.230000E+002   2.582779E-002
   7.240000E+002   2.593554E-002
   7.250000E+002   2.604340E-002
   7.260000E+002   2.615130E-002
   7.270000E+002   2.625919E-002
   7.280000E+002   2.636699E-002
   7.290000E+002   2.647466E-002
   7.300000E+002   2.658213E-002
   7.310000E+002   2.668935E-002
   7.320000E+002   2.679624E-002
   7.330000E+002   2.690276E-002
   7.340000E+002   2.700883E-002
   7.350000E+002   2.711441E-002
   7.360000E+002   2.721943E-002
   7.370000E+002   2.732384E-002
   7.380000E+002   2.742756E-002
   7.390000E+002   2.753054E-002
   7.400000E+002   2.763272E-002
   7.410000E+002   2.773405E-002
   7.420000E+002   2.783445E-002
   7.430000E+002   2.793387E-002
   7.440000E+002   2.803225E-002
   7.450000E+002   2.812954E-002
   7.460000E+002   2.822566E-002
   7.470000E+002   2.832056E-002
   7.480000E+002   2.841418E-002
   7.490000E+002   2.850646E-002
   7.500000E+002   2.859733E-002
   7.510000E+002   2.868675E-002
   7.520000E+002   2.877468E-002
   7.530000E+002   2.886109E-002
   7.540000E+002   2.894595E-002
   7.550000E+002   2.902923E-002
   7.560000E+002   2.911090E-002
   7.570000E+002   2.919093E-002
   7.580000E+002   2.926929E-002
   7.590000E+002   2.934595E-002
   7.600000E+002   2.942089E-002
   7.610000E+002   2.949407E-002
   7.620000E+002   2.956546E-002
   7.630000E+002   2.963503E-002
   7.640000E+002   2.970276E-002
   7.650000E+002   2.976862E-002
   7.660000E+002   2.983256E-002
   7.670000E+002   2.989458E-002
   7.680000E+002   2.995463E-002
   7.690000E+002   3.001268E-002
   7.700000E+002   3.006871E-002
   7.710000E+002   3.012269E-002
   7.720000E+002   3.017459E-002
   7.730000E+002   3.022437E-002
   7.740000E+002   3.027201E-002
   7.750000E+002   3.031749E-002
   7.760000E+002   3.036075E-002
   7.770000E+002   3.040179E-002
   7.780000E+002   3.044057E-002
   7.790000E+002   3.047706E-002
   7.800000E+002   3.051123E-002
   7.810000E+002   3.054306E-002
   7.820000E+002   3.057250E-002
   7.830000E+002   3.059953E-002
   7.840000E+002   3.062413E-002
   7.850000E+002   3.064626E-002
   7.860000E+002   3.066590E-002
   7.870000E+002   3.068300E-002
   7.880000E+002   3.069756E-002
   7.890000E+002   3.070952E-002
   7.900000E+002   3.071888E-002
   7.910000E+002   3.072558E-002
   7.920000E+002   3.072962E-002
   7.930000E+002   3.073095E-002
   7.940000E+002   3.072954E-002
   7.950000E+002   3.072537E-002
   7.960000E+002   3.071842E-002
   7.970000E+002   3.070863E-002
   7.980000E+002   3.069600E-002
   7.990000E+002   3.068049E-002
   8.000000E+002   3.066206E-002
   8.010000E+002   3.064071E-002
   8.020000E+002   3.061645E-002
   8.030000E+002   3.058931E-002
   8.040000E+002   3.055933E-002
   8.050000E+002   3.052653E-002
   8.060000E+002   3.049096E-002
   8.070000E+002   3.045264E-002
   8.080000E+002   3.041160E-002
   8.090000E+002   3.036788E-002
   8.100000E+002   3.032151E-002
   8.110000E+002   3.027252E-002
   8.120000E+002   3.022094E-002
   8.130000E+002   3.016681E-002
   8.140000E+002   3.011015E-002
   8.150000E+002   3.005101E-002
   8.160000E+002   2.998940E-002
   8.170000E+002   2.992537E-002
   8.180000E+002   2.985895E-002
   8.190000E+002   2.979016E-002
   8.200000E+002   2.971904E-002
   8.210000E+002   2.964563E-002
   8.220000E+002   2.956995E-002
   8.230000E+002   2.949204E-002
   8.240000E+002   2.941192E-002
   8.250000E+002   2.932963E-002
   8.260000E+002   2.924521E-002
   8.270000E+002   2.915868E-002
   8.280000E+002   2.907008E-002
   8.290000E+002   2.897944E-002
   8.300000E+002   2.888679E-002
   8.310000E+002   2.879216E-002
   8.320000E+002   2.869559E-002
   8.330000E+002   2.859711E-002
   8.340000E+002   2.849674E-002
   8.350000E+002   2.839453E-002
   8.360000E+002   2.829050E-002
   8.370000E+002   2.818469E-002
   8.380000E+002   2.807712E-002
   8.390000E+002   2.796784E-002
   8.400000E+002   2.785686E-002
   8.410000E+002   2.774423E-002
   8.420000E+002   2.762998E-002
   8.430000E+002   2.751414E-002
   8.440000E+002   2.739674E-002
   8.450000E+002   2.727781E-002
   8.460000E+002   2.715738E-002
   8.470000E+002   2.703550E-002
   8.480000E+002   2.691218E-002
   8.490000E+002   2.678746E-002
   8.500000E+002   2.666138E-002
   8.510000E+002   2.653397E-002
   8.520000E+002   2.640527E-002
   8.530000E+002   2.627533E-002
   8.540000E+002   2.614422E-002
   8.550000E+002   2.601196E-002
   8.560000E+002   2.587863E-002
   8.570000E+002   2.574425E-002
   8.580000E+002   2.560890E-002
   8.590000E+002   2.547260E-002
   8.600000E+002   2.533543E-002
   8.610000E+002   2.519741E-002
   8.620000E+002   2.505862E-002
   8.630000E+002   2.491908E-002
   8.640000E+002   2.477886E-002
   8.650000E+002   2.463801E-002
   8.660000E+002   2.449657E-002
   8.670000E+002   2.435459E-002
   8.680000E+002   2.421213E-002
   8.690000E+002   2.406923E-002
   8.700000E+002   2.392594E-002
   8.710000E+002   2.378232E-002
   8.720000E+002   2.363841E-002
   8.730000E+002   2.349427E-002
   8.740000E+002   2.334994E-002
   8.750000E+002   2.320547E-002
   8.760000E+002   2.306092E-002
   8.770000E+002   2.291633E-002
   8.780000E+002   2.277175E-002
   8.790000E+002   2.262724E-002
   8.800000E+002   2.248284E-002
   8.810000E+002   2.233860E-002
   8.820000E+002   2.219457E-002
   8.830000E+002   2.205081E-002
   8.840000E+002   2.190736E-002
   8.850000E+002   2.176427E-002
   8.860000E+002   2.162159E-002
   8.870000E+002   2.147938E-002
   8.880000E+002   2.133768E-002
   8.890000E+002   2.119654E-002
   8.900000E+002   2.105601E-002
   8.910000E+002   2.091615E-002
   8.920000E+002   2.077699E-002
   8.930000E+002   2.063860E-002
   8.940000E+002   2.050102E-002
   8.950000E+002   2.036430E-002
   8.960000E+002   2.022850E-002
   8.970000E+002   2.009365E-002
   8.980000E+002   1.995982E-002
   8.990000E+002   1.982704E-002
   9.000000E+002   1.969538E-002
   9.010000E+002   1.956487E-002
   9.020000E+002   1.943555E-002
   9.030000E+002   1.930743E-002
   9.040000E+002   1.918054E-002
   9.050000E+002   1.905490E-002
   9.060000E+002   1.893053E-002
   9.070000E+002   1.880745E-002
   9.080000E+002   1.868568E-002
   9.090000E+002   1.856525E-002
   9.100000E+002   1.844618E-002
   9.110000E+002   1.832849E-002
   9.120000E+002   1.821221E-002
   9.130000E+002   1.809734E-002
   9.140000E+002   1.798393E-002
   9.150000E+002   1.787198E-002
   9.160000E+002   1.776152E-002
   9.170000E+002   1.765257E-002
   9.180000E+002   1.754516E-002
   9.190000E+002   1.743931E-002
   9.200000E+002   1.733503E-002
   9.210000E+002   1.723235E-002
   9.220000E+002   1.713129E-002
   9.230000E+002   1.703188E-002
   9.240000E+002   1.693413E-002
   9.250000E+002   1.683807E-002
   9.260000E+002   1.674372E-002
   9.270000E+002   1.665111E-002
   9.280000E+002   1.656024E-002
   9.290000E+002   1.647115E-002
   9.300000E+002   1.638386E-002
   9.310000E+002   1.629839E-002
   9.320000E+002   1.621475E-002
   9.330000E+002   1.613299E-002
   9.340000E+002   1.605310E-002
   9.350000E+002   1.597513E-002
   9.360000E+002   1.589908E-002
   9.370000E+002   1.582498E-002
   9.380000E+002   1.575286E-002
   9.390000E+002   1.568273E-002
   9.400000E+002   1.561462E-002
   9.410000E+002   1.554855E-002
   9.420000E+002   1.548453E-002
   9.430000E+002   1.542260E-002
   9.440000E+002   1.536278E-002
   9.450000E+002   1.530508E-002
   9.460000E+002   1.524953E-002
   9.470000E+002   1.519615E-002
   9.480000E+002   1.514496E-002
   9.490000E+002   1.509599E-002
   9.500000E+002   1.504925E-002
   9.510000E+002   1.500477E-002
   9.520000E+002   1.496251E-002
   9.530000E+002   1.492247E-002
   9.540000E+002   1.488462E-002
   9.550000E+002   1.484893E-002
   9.560000E+002   1.481538E-002
   9.570000E+002   1.478394E-002
   9.580000E+002   1.475460E-002
   9.590000E+002   1.472732E-002
   9.600000E+002   1.470209E-002
   9.610000E+002   1.467888E-002
   9.620000E+002   1.465766E-002
   9.630000E+002   1.463842E-002
   9.640000E+002   1.462113E-002
   9.650000E+002   1.460576E-002
   9.660000E+002   1.459230E-002
   9.670000E+002   1.458071E-002
   9.680000E+002   1.457098E-002
   9.690000E+002   1.456307E-002
   9.700000E+002   1.455698E-002
   9.710000E+002   1.455267E-002
   9.720000E+002   1.455011E-002
   9.730000E+002   1.454929E-002
   9.740000E+002   1.455019E-002
   9.750000E+002   1.455277E-002
   9.760000E+002   1.455702E-002
   9.770000E+002   1.456290E-002
   9.780000E+002   1.457040E-002
   9.790000E+002   1.457950E-002
   9.800000E+002   1.459016E-002
   9.810000E+002   1.460237E-002
   9.820000E+002   1.461611E-002
   9.830000E+002   1.463134E-002
   9.840000E+002   1.464804E-002
   9.850000E+002   1.466619E-002
   9.860000E+002   1.468577E-002
   9.870000E+002   1.470676E-002
   9.880000E+002   1.472912E-002
   9.890000E+002   1.475284E-002
   9.900000E+002   1.477788E-002
   9.910000E+002   1.480424E-002
   9.920000E+002   1.483188E-002
   9.930000E+002   1.486078E-002
   9.940000E+002   1.489092E-002
   9.950000E+002   1.492227E-002
   9.960000E+002   1.495481E-002
   9.970000E+002   1.498851E-002
   9.980000E+002   1.502336E-002
   9.990000E+002   1.505932E-002
   1.000000E+003   1.509638E-002
   1.001000E+003   1.513450E-002
   1.002000E+003   1.517366E-002
   1.003000E+003   1.521381E-002
   1.004000E+003   1.525491E-002
   1.005000E+003   1.529694E-002
   1.006000E+003   1.533984E-002
   1.007000E+003   1.538358E-002
   1.008000E+003   1.542813E-002
   1.009000E+003   1.547344E-002
   1.010000E+003   1.551948E-002
   1.011000E+003   1.556620E-002
   1.012000E+003   1.561358E-002
   1.013000E+003   1.566157E-002
   1.014000E+003   1.571013E-002
   1.015000E+003   1.575923E-002
   1.016000E+003   1.580882E-002
   1.017000E+003   1.585888E-002
   1.018000E+003   1.590936E-002
   1.019000E+003   1.596021E-002
   1.020000E+003   1.601142E-002
   1.021000E+003   1.606293E-002
   1.022000E+003   1.611471E-002
   1.023000E+003   1.616672E-002
   1.024000E+003   1.621892E-002
   1.025000E+003   1.627128E-002
   1.026000E+003   1.632375E-002
   1.027000E+003   1.637630E-002
   1.028000E+003   1.642889E-002
   1.029000E+003   1.648148E-002
   1.030000E+003   1.653403E-002
   1.031000E+003   1.658651E-002
   1.032000E+003   1.663888E-002
   1.033000E+003   1.669109E-002
   1.034000E+003   1.674312E-002
   1.035000E+003   1.679491E-002
   1.036000E+003   1.684644E-002
   1.037000E+003   1.689767E-002
   1.038000E+003   1.694856E-002
   1.039000E+003   1.699906E-002
   1.040000E+003   1.704915E-002
   1.041000E+003   1.709878E-002
   1.042000E+003   1.714791E-002
   1.043000E+003   1.719651E-002
   1.044000E+003   1.724454E-002
   1.045000E+003   1.729196E-002
   1.046000E+003   1.733874E-002
   1.047000E+003   1.738483E-002
   1.048000E+003   1.743019E-002
   1.049000E+003   1.747479E-002
   1.050000E+003   1.751859E-002
   1.051000E+003   1.756156E-002
   1.052000E+003   1.760368E-002
   1.053000E+003   1.764492E-002
   1.054000E+003   1.768529E-002
   1.055000E+003   1.772475E-002
   1.056000E+003   1.776331E-002
   1.057000E+003   1.780094E-002
   1.058000E+003   1.783762E-002
   1.059000E+003   1.787336E-002
   1.060000E+003   1.790812E-002
   1.061000E+003   1.794189E-002
   1.062000E+003   1.797467E-002
   1.063000E+003   1.800643E-002
   1.064000E+003   1.803716E-002
   1.065000E+003   1.806685E-002
   1.066000E+003   1.809548E-002
   1.067000E+003   1.812304E-002
   1.068000E+003   1.814950E-002
   1.069000E+003   1.817487E-002
   1.070000E+003   1.819912E-002
   1.071000E+003   1.822223E-002
   1.072000E+003   1.824420E-002
   1.073000E+003   1.826501E-002
   1.074000E+003   1.828464E-002
   1.075000E+003   1.830308E-002
   1.076000E+003   1.832032E-002
   1.077000E+003   1.833633E-002
   1.078000E+003   1.835111E-002
   1.079000E+003   1.836464E-002
   1.080000E+003   1.837691E-002
   1.081000E+003   1.838790E-002
   1.082000E+003   1.839759E-002
   1.083000E+003   1.840598E-002
   1.084000E+003   1.841304E-002
   1.085000E+003   1.841876E-002
   1.086000E+003   1.842313E-002
   1.087000E+003   1.842614E-002
   1.088000E+003   1.842776E-002
   1.089000E+003   1.842799E-002
   1.090000E+003   1.842681E-002
   1.091000E+003   1.842420E-002
   1.092000E+003   1.842015E-002
   1.093000E+003   1.841464E-002
   1.094000E+003   1.840767E-002
   1.095000E+003   1.839921E-002
   1.096000E+003   1.838925E-002
   1.097000E+003   1.837778E-002
   1.098000E+003   1.836477E-002
   1.099000E+003   1.835023E-002
   1.100000E+003   1.833413E-002
   1.101000E+003   1.831646E-002
   1.102000E+003   1.829724E-002
   1.103000E+003   1.827650E-002
   1.104000E+003   1.825426E-002
   1.105000E+003   1.823054E-002
   1.106000E+003   1.820537E-002
   1.107000E+003   1.817877E-002
   1.108000E+003   1.815077E-002
   1.109000E+003   1.812138E-002
   1.110000E+003   1.809065E-002
   1.111000E+003   1.805858E-002
   1.112000E+003   1.802520E-002
   1.113000E+003   1.799054E-002
   1.114000E+003   1.795462E-002
   1.115000E+003   1.791746E-002
   1.116000E+003   1.787909E-002
   1.117000E+003   1.783954E-002
   1.118000E+003   1.779882E-002
   1.119000E+003   1.775696E-002
   1.120000E+003   1.771399E-002
   1.121000E+003   1.766993E-002
   1.122000E+003   1.762480E-002
   1.123000E+003   1.757863E-002
   1.124000E+003   1.753144E-002
   1.125000E+003   1.748325E-002
   1.126000E+003   1.743410E-002
   1.127000E+003   1.738400E-002
   1.128000E+003   1.733297E-002
   1.129000E+003   1.728105E-002
   1.130000E+003   1.722826E-002
   1.131000E+003   1.717461E-002
   1.132000E+003   1.712014E-002
   1.133000E+003   1.706487E-002
   1.134000E+003   1.700882E-002
   1.135000E+003   1.695201E-002
   1.136000E+003   1.689448E-002
   1.137000E+003   1.683624E-002
   1.138000E+003   1.677732E-002
   1.139000E+003   1.671775E-002
   1.140000E+003   1.665754E-002
   1.141000E+003   1.659672E-002
   1.142000E+003   1.653531E-002
   1.143000E+003   1.647335E-002
   1.144000E+003   1.641085E-002
   1.145000E+003   1.634783E-002
   1.146000E+003   1.628433E-002
   1.147000E+003   1.622036E-002
   1.148000E+003   1.615596E-002
   1.149000E+003   1.609113E-002
   1.150000E+003   1.602592E-002
   1.151000E+003   1.596033E-002
   1.152000E+003   1.589438E-002
   1.153000E+003   1.582808E-002
   1.154000E+003   1.576144E-002
   1.155000E+003   1.569445E-002
   1.156000E+003   1.562714E-002
   1.157000E+003   1.555950E-002
   1.158000E+003   1.549154E-002
   1.159000E+003   1.542327E-002
   1.160000E+003   1.535471E-002
   1.161000E+003   1.528584E-002
   1.162000E+003   1.521669E-002
   1.163000E+003   1.514727E-002
   1.164000E+003   1.507756E-002
   1.165000E+003   1.500760E-002
   1.166000E+003   1.493737E-002
   1.167000E+003   1.486690E-002
   1.168000E+003   1.479618E-002
   1.169000E+003   1.472523E-002
   1.170000E+003   1.465405E-002
   1.171000E+003   1.458265E-002
   1.172000E+003   1.451103E-002
   1.173000E+003   1.443921E-002
   1.174000E+003   1.436719E-002
   1.175000E+003   1.429498E-002
   1.176000E+003   1.422259E-002
   1.177000E+003   1.415001E-002
   1.178000E+003   1.407727E-002
   1.179000E+003   1.400437E-002
   1.180000E+003   1.393131E-002
   1.181000E+003   1.385811E-002
   1.182000E+003   1.378476E-002
   1.183000E+003   1.371128E-002
   1.184000E+003   1.363768E-002
   1.185000E+003   1.356396E-002
   1.186000E+003   1.349013E-002
   1.187000E+003   1.341620E-002
   1.188000E+003   1.334217E-002
   1.189000E+003   1.326805E-002
   1.190000E+003   1.319385E-002
   1.191000E+003   1.311958E-002
   1.192000E+003   1.304524E-002
   1.193000E+003   1.297084E-002
   1.194000E+003   1.289639E-002
   1.195000E+003   1.282190E-002
   1.196000E+003   1.274737E-002
   1.197000E+003   1.267281E-002
   1.198000E+003   1.259823E-002
   1.199000E+003   1.252363E-002
   1.200000E+003   1.244903E-002
