   1.000000E+000   1.847185E-002
   2.000000E+000   2.311006E-002
   3.000000E+000   2.774827E-002
   4.000000E+000   2.796438E-002
   5.000000E+000   2.751743E-002
   6.000000E+000   2.734634E-002
   7.000000E+000   2.716478E-002
   8.000000E+000   2.697509E-002
   9.000000E+000   2.683378E-002
   1.000000E+001   2.672511E-002
   1.100000E+001   2.662169E-002
   1.200000E+001   2.652151E-002
   1.300000E+001   2.642770E-002
   1.400000E+001   2.633849E-002
   1.500000E+001   2.625087E-002
   1.600000E+001   2.616233E-002
   1.700000E+001   2.607214E-002
   1.800000E+001   2.598007E-002
   1.900000E+001   2.588587E-002
   2.000000E+001   2.578930E-002
   2.100000E+001   2.569018E-002
   2.200000E+001   2.558859E-002
   2.300000E+001   2.548467E-002
   2.400000E+001   2.537856E-002
   2.500000E+001   2.527040E-002
   2.600000E+001   2.516034E-002
   2.700000E+001   2.504852E-002
   2.800000E+001   2.493508E-002
   2.900000E+001   2.482016E-002
   3.000000E+001   2.470390E-002
   3.100000E+001   2.458646E-002
   3.200000E+001   2.446806E-002
   3.300000E+001   2.434891E-002
   3.400000E+001   2.422926E-002
   3.500000E+001   2.410933E-002
   3.600000E+001   2.398934E-002
   3.700000E+001   2.386953E-002
   3.800000E+001   2.375013E-002
   3.900000E+001   2.363136E-002
   4.000000E+001   2.351344E-002
   4.100000E+001   2.339662E-002
   4.200000E+001   2.328109E-002
   4.300000E+001   2.316706E-002
   4.400000E+001   2.305475E-002
   4.500000E+001   2.294436E-002
   4.600000E+001   2.283610E-002
   4.700000E+001   2.273018E-002
   4.800000E+001   2.262680E-002
   4.900000E+001   2.252618E-002
   5.000000E+001   2.242852E-002
   5.100000E+001   2.233402E-002
   5.200000E+001   2.224286E-002
   5.300000E+001   2.215520E-002
   5.400000E+001   2.207122E-002
   5.500000E+001   2.199107E-002
   5.600000E+001   2.191493E-002
   5.700000E+001   2.184297E-002
   5.800000E+001   2.177534E-002
   5.900000E+001   2.171223E-002
   6.000000E+001   2.165379E-002
   6.100000E+001   2.160018E-002
   6.200000E+001   2.155155E-002
   6.300000E+001   2.150802E-002
   6.400000E+001   2.146973E-002
   6.500000E+001   2.143680E-002
   6.600000E+001   2.140936E-002
   6.700000E+001   2.138754E-002
   6.800000E+001   2.137148E-002
   6.900000E+001   2.136130E-002
   7.000000E+001   2.135714E-002
   7.100000E+001   2.135911E-002
   7.200000E+001   2.136730E-002
   7.300000E+001   2.138179E-002
   7.400000E+001   2.140265E-002
   7.500000E+001   2.142997E-002
   7.600000E+001   2.146380E-002
   7.700000E+001   2.150424E-002
   7.800000E+001   2.155136E-002
   7.900000E+001   2.160524E-002
   8.000000E+001   2.166595E-002
   8.100000E+001   2.173356E-002
   8.200000E+001   2.180813E-002
   8.300000E+001   2.188970E-002
   8.400000E+001   2.197833E-002
   8.500000E+001   2.207405E-002
   8.600000E+001   2.217692E-002
   8.700000E+001   2.228699E-002
   8.800000E+001   2.240430E-002
   8.900000E+001   2.252890E-002
   9.000000E+001   2.266085E-002
   9.100000E+001   2.280016E-002
   9.200000E+001   2.294681E-002
   9.300000E+001   2.310074E-002
   9.400000E+001   2.326191E-002
   9.500000E+001   2.343026E-002
   9.600000E+001   2.360575E-002
   9.700000E+001   2.378831E-002
   9.800000E+001   2.397792E-002
   9.900000E+001   2.417450E-002
   1.000000E+002   2.437801E-002
   1.010000E+002   2.458840E-002
   1.020000E+002   2.480560E-002
   1.030000E+002   2.502955E-002
   1.040000E+002   2.526017E-002
   1.050000E+002   2.549739E-002
   1.060000E+002   2.574114E-002
   1.070000E+002   2.599137E-002
   1.080000E+002   2.624798E-002
   1.090000E+002   2.651093E-002
   1.100000E+002   2.678014E-002
   1.110000E+002   2.705553E-002
   1.120000E+002   2.733705E-002
   1.130000E+002   2.762461E-002
   1.140000E+002   2.791816E-002
   1.150000E+002   2.821762E-002
   1.160000E+002   2.852293E-002
   1.170000E+002   2.883401E-002
   1.180000E+002   2.915079E-002
   1.190000E+002   2.947322E-002
   1.200000E+002   2.980121E-002
   1.210000E+002   3.013468E-002
   1.220000E+002   3.047352E-002
   1.230000E+002   3.081757E-002
   1.240000E+002   3.116669E-002
   1.250000E+002   3.152074E-002
   1.260000E+002   3.187958E-002
   1.270000E+002   3.224306E-002
   1.280000E+002   3.261106E-002
   1.290000E+002   3.298341E-002
   1.300000E+002   3.335998E-002
   1.310000E+002   3.374064E-002
   1.320000E+002   3.412522E-002
   1.330000E+002   3.451361E-002
   1.340000E+002   3.490564E-002
   1.350000E+002   3.530119E-002
   1.360000E+002   3.570010E-002
   1.370000E+002   3.610224E-002
   1.380000E+002   3.650747E-002
   1.390000E+002   3.691564E-002
   1.400000E+002   3.732660E-002
   1.410000E+002   3.774022E-002
   1.420000E+002   3.815625E-002
   1.430000E+002   3.857447E-002
   1.440000E+002   3.899465E-002
   1.450000E+002   3.941655E-002
   1.460000E+002   3.983993E-002
   1.470000E+002   4.026456E-002
   1.480000E+002   4.069021E-002
   1.490000E+002   4.111664E-002
   1.500000E+002   4.154361E-002
   1.510000E+002   4.197089E-002
   1.520000E+002   4.239826E-002
   1.530000E+002   4.282546E-002
   1.540000E+002   4.325227E-002
   1.550000E+002   4.367845E-002
   1.560000E+002   4.410377E-002
   1.570000E+002   4.452799E-002
   1.580000E+002   4.495089E-002
   1.590000E+002   4.537221E-002
   1.600000E+002   4.579173E-002
   1.610000E+002   4.620924E-002
   1.620000E+002   4.662462E-002
   1.630000E+002   4.703776E-002
   1.640000E+002   4.744858E-002
   1.650000E+002   4.785696E-002
   1.660000E+002   4.826282E-002
   1.670000E+002   4.866606E-002
   1.680000E+002   4.906657E-002
   1.690000E+002   4.946426E-002
   1.700000E+002   4.985904E-002
   1.710000E+002   5.025079E-002
   1.720000E+002   5.063944E-002
   1.730000E+002   5.102487E-002
   1.740000E+002   5.140698E-002
   1.750000E+002   5.178569E-002
   1.760000E+002   5.216090E-002
   1.770000E+002   5.253250E-002
   1.780000E+002   5.290039E-002
   1.790000E+002   5.326449E-002
   1.800000E+002   5.362468E-002
   1.810000E+002   5.398087E-002
   1.820000E+002   5.433289E-002
   1.830000E+002   5.468058E-002
   1.840000E+002   5.502378E-002
   1.850000E+002   5.536231E-002
   1.860000E+002   5.569601E-002
   1.870000E+002   5.602472E-002
   1.880000E+002   5.634826E-002
   1.890000E+002   5.666648E-002
   1.900000E+002   5.697920E-002
   1.910000E+002   5.728626E-002
   1.920000E+002   5.758749E-002
   1.930000E+002   5.788272E-002
   1.940000E+002   5.817179E-002
   1.950000E+002   5.845454E-002
   1.960000E+002   5.873079E-002
   1.970000E+002   5.900038E-002
   1.980000E+002   5.926315E-002
   1.990000E+002   5.951892E-002
   2.000000E+002   5.976753E-002
   2.010000E+002   6.000883E-002
   2.020000E+002   6.024276E-002
   2.030000E+002   6.046927E-002
   2.040000E+002   6.068832E-002
   2.050000E+002   6.089985E-002
   2.060000E+002   6.110383E-002
   2.070000E+002   6.130020E-002
   2.080000E+002   6.148892E-002
   2.090000E+002   6.166995E-002
   2.100000E+002   6.184323E-002
   2.110000E+002   6.200872E-002
   2.120000E+002   6.216638E-002
   2.130000E+002   6.231615E-002
   2.140000E+002   6.245800E-002
   2.150000E+002   6.259187E-002
   2.160000E+002   6.271772E-002
   2.170000E+002   6.283551E-002
   2.180000E+002   6.294518E-002
   2.190000E+002   6.304669E-002
   2.200000E+002   6.313999E-002
   2.210000E+002   6.322505E-002
   2.220000E+002   6.330180E-002
   2.230000E+002   6.337021E-002
   2.240000E+002   6.343023E-002
   2.250000E+002   6.348181E-002
   2.260000E+002   6.352493E-002
   2.270000E+002   6.355961E-002
   2.280000E+002   6.358589E-002
   2.290000E+002   6.360384E-002
   2.300000E+002   6.361350E-002
   2.310000E+002   6.361490E-002
   2.320000E+002   6.360811E-002
   2.330000E+002   6.359316E-002
   2.340000E+002   6.357011E-002
   2.350000E+002   6.353901E-002
   2.360000E+002   6.349989E-002
   2.370000E+002   6.345281E-002
   2.380000E+002   6.339781E-002
   2.390000E+002   6.333495E-002
   2.400000E+002   6.326427E-002
   2.410000E+002   6.318581E-002
   2.420000E+002   6.309963E-002
   2.430000E+002   6.300577E-002
   2.440000E+002   6.290427E-002
   2.450000E+002   6.279520E-002
   2.460000E+002   6.267858E-002
   2.470000E+002   6.255448E-002
   2.480000E+002   6.242294E-002
   2.490000E+002   6.228400E-002
   2.500000E+002   6.213771E-002
   2.510000E+002   6.198414E-002
   2.520000E+002   6.182337E-002
   2.530000E+002   6.165551E-002
   2.540000E+002   6.148067E-002
   2.550000E+002   6.129896E-002
   2.560000E+002   6.111048E-002
   2.570000E+002   6.091533E-002
   2.580000E+002   6.071363E-002
   2.590000E+002   6.050547E-002
   2.600000E+002   6.029097E-002
   2.610000E+002   6.007024E-002
   2.620000E+002   5.984336E-002
   2.630000E+002   5.961047E-002
   2.640000E+002   5.937165E-002
   2.650000E+002   5.912701E-002
   2.660000E+002   5.887667E-002
   2.670000E+002   5.862073E-002
   2.680000E+002   5.835929E-002
   2.690000E+002   5.809246E-002
   2.700000E+002   5.782035E-002
   2.710000E+002   5.754305E-002
   2.720000E+002   5.726069E-002
   2.730000E+002   5.697336E-002
   2.740000E+002   5.668117E-002
   2.750000E+002   5.638423E-002
   2.760000E+002   5.608264E-002
   2.770000E+002   5.577658E-002
   2.780000E+002   5.546620E-002
   2.790000E+002   5.515166E-002
   2.800000E+002   5.483313E-002
   2.810000E+002   5.451078E-002
   2.820000E+002   5.418477E-002
   2.830000E+002   5.385526E-002
   2.840000E+002   5.352242E-002
   2.850000E+002   5.318642E-002
   2.860000E+002   5.284741E-002
   2.870000E+002   5.250557E-002
   2.880000E+002   5.216105E-002
   2.890000E+002   5.181402E-002
   2.900000E+002   5.146465E-002
   2.910000E+002   5.111310E-002
   2.920000E+002   5.075953E-002
   2.930000E+002   5.040412E-002
   2.940000E+002   5.004702E-002
   2.950000E+002   4.968839E-002
   2.960000E+002   4.932841E-002
   2.970000E+002   4.896724E-002
   2.980000E+002   4.860504E-002
   2.990000E+002   4.824198E-002
   3.000000E+002   4.787822E-002
   3.010000E+002   4.751392E-002
   3.020000E+002   4.714921E-002
   3.030000E+002   4.678422E-002
   3.040000E+002   4.641907E-002
   3.050000E+002   4.605390E-002
   3.060000E+002   4.568883E-002
   3.070000E+002   4.532399E-002
   3.080000E+002   4.495949E-002
   3.090000E+002   4.459548E-002
   3.100000E+002   4.423208E-002
   3.110000E+002   4.386941E-002
   3.120000E+002   4.350760E-002
   3.130000E+002   4.314677E-002
   3.140000E+002   4.278706E-002
   3.150000E+002   4.242859E-002
   3.160000E+002   4.207149E-002
   3.170000E+002   4.171588E-002
   3.180000E+002   4.136189E-002
   3.190000E+002   4.100965E-002
   3.200000E+002   4.065928E-002
   3.210000E+002   4.031092E-002
   3.220000E+002   3.996468E-002
   3.230000E+002   3.962069E-002
   3.240000E+002   3.927909E-002
   3.250000E+002   3.894000E-002
   3.260000E+002   3.860354E-002
   3.270000E+002   3.826984E-002
   3.280000E+002   3.793903E-002
   3.290000E+002   3.761123E-002
   3.300000E+002   3.728658E-002
   3.310000E+002   3.696519E-002
   3.320000E+002   3.664721E-002
   3.330000E+002   3.633274E-002
   3.340000E+002   3.602192E-002
   3.350000E+002   3.571488E-002
   3.360000E+002   3.541173E-002
   3.370000E+002   3.511262E-002
   3.380000E+002   3.481767E-002
   3.390000E+002   3.452699E-002
   3.400000E+002   3.424073E-002
   3.410000E+002   3.395900E-002
   3.420000E+002   3.368193E-002
   3.430000E+002   3.340966E-002
   3.440000E+002   3.314230E-002
   3.450000E+002   3.287998E-002
   3.460000E+002   3.262283E-002
   3.470000E+002   3.237098E-002
   3.480000E+002   3.212455E-002
   3.490000E+002   3.188368E-002
   3.500000E+002   3.164847E-002
   3.510000E+002   3.141906E-002
   3.520000E+002   3.119543E-002
   3.530000E+002   3.097760E-002
   3.540000E+002   3.076554E-002
   3.550000E+002   3.055927E-002
   3.560000E+002   3.035875E-002
   3.570000E+002   3.016400E-002
   3.580000E+002   2.997500E-002
   3.590000E+002   2.979174E-002
   3.600000E+002   2.961422E-002
   3.610000E+002   2.944243E-002
   3.620000E+002   2.927637E-002
   3.630000E+002   2.911602E-002
   3.640000E+002   2.896137E-002
   3.650000E+002   2.881243E-002
   3.660000E+002   2.866918E-002
   3.670000E+002   2.853162E-002
   3.680000E+002   2.839973E-002
   3.690000E+002   2.827352E-002
   3.700000E+002   2.815296E-002
   3.710000E+002   2.803807E-002
   3.720000E+002   2.792882E-002
   3.730000E+002   2.782522E-002
   3.740000E+002   2.772725E-002
   3.750000E+002   2.763491E-002
   3.760000E+002   2.754818E-002
   3.770000E+002   2.746707E-002
   3.780000E+002   2.739156E-002
   3.790000E+002   2.732165E-002
   3.800000E+002   2.725733E-002
   3.810000E+002   2.719860E-002
   3.820000E+002   2.714544E-002
   3.830000E+002   2.709784E-002
   3.840000E+002   2.705581E-002
   3.850000E+002   2.701933E-002
   3.860000E+002   2.698840E-002
   3.870000E+002   2.696300E-002
   3.880000E+002   2.694314E-002
   3.890000E+002   2.692880E-002
   3.900000E+002   2.691997E-002
   3.910000E+002   2.691666E-002
   3.920000E+002   2.691884E-002
   3.930000E+002   2.692653E-002
   3.940000E+002   2.693969E-002
   3.950000E+002   2.695834E-002
   3.960000E+002   2.698246E-002
   3.970000E+002   2.701205E-002
   3.980000E+002   2.704709E-002
   3.990000E+002   2.708758E-002
   4.000000E+002   2.713352E-002
   4.010000E+002   2.718487E-002
   4.020000E+002   2.724155E-002
   4.030000E+002   2.730344E-002
   4.040000E+002   2.737043E-002
   4.050000E+002   2.744242E-002
   4.060000E+002   2.751929E-002
   4.070000E+002   2.760092E-002
   4.080000E+002   2.768722E-002
   4.090000E+002   2.777807E-002
   4.100000E+002   2.787335E-002
   4.110000E+002   2.797296E-002
   4.120000E+002   2.807678E-002
   4.130000E+002   2.818471E-002
   4.140000E+002   2.829663E-002
   4.150000E+002   2.841244E-002
   4.160000E+002   2.853201E-002
   4.170000E+002   2.865525E-002
   4.180000E+002   2.878204E-002
   4.190000E+002   2.891227E-002
   4.200000E+002   2.904582E-002
   4.210000E+002   2.918260E-002
   4.220000E+002   2.932248E-002
   4.230000E+002   2.946535E-002
   4.240000E+002   2.961111E-002
   4.250000E+002   2.975965E-002
   4.260000E+002   2.991084E-002
   4.270000E+002   3.006459E-002
   4.280000E+002   3.022078E-002
   4.290000E+002   3.037930E-002
   4.300000E+002   3.054004E-002
   4.310000E+002   3.070289E-002
   4.320000E+002   3.086774E-002
   4.330000E+002   3.103447E-002
   4.340000E+002   3.120298E-002
   4.350000E+002   3.137315E-002
   4.360000E+002   3.154488E-002
   4.370000E+002   3.171805E-002
   4.380000E+002   3.189255E-002
   4.390000E+002   3.206828E-002
   4.400000E+002   3.224511E-002
   4.410000E+002   3.242294E-002
   4.420000E+002   3.260166E-002
   4.430000E+002   3.278116E-002
   4.440000E+002   3.296133E-002
   4.450000E+002   3.314205E-002
   4.460000E+002   3.332322E-002
   4.470000E+002   3.350472E-002
   4.480000E+002   3.368645E-002
   4.490000E+002   3.386828E-002
   4.500000E+002   3.405012E-002
   4.510000E+002   3.423185E-002
   4.520000E+002   3.441339E-002
   4.530000E+002   3.459466E-002
   4.540000E+002   3.477556E-002
   4.550000E+002   3.495602E-002
   4.560000E+002   3.513595E-002
   4.570000E+002   3.531527E-002
   4.580000E+002   3.549390E-002
   4.590000E+002   3.567175E-002
   4.600000E+002   3.584874E-002
   4.610000E+002   3.602478E-002
   4.620000E+002   3.619979E-002
   4.630000E+002   3.637369E-002
   4.640000E+002   3.654639E-002
   4.650000E+002   3.671782E-002
   4.660000E+002   3.688788E-002
   4.670000E+002   3.705650E-002
   4.680000E+002   3.722358E-002
   4.690000E+002   3.738905E-002
   4.700000E+002   3.755283E-002
   4.710000E+002   3.771482E-002
   4.720000E+002   3.787495E-002
   4.730000E+002   3.803313E-002
   4.740000E+002   3.818928E-002
   4.750000E+002   3.834331E-002
   4.760000E+002   3.849515E-002
   4.770000E+002   3.864470E-002
   4.780000E+002   3.879189E-002
   4.790000E+002   3.893663E-002
   4.800000E+002   3.907883E-002
   4.810000E+002   3.921842E-002
   4.820000E+002   3.935531E-002
   4.830000E+002   3.948941E-002
   4.840000E+002   3.962065E-002
   4.850000E+002   3.974894E-002
   4.860000E+002   3.987419E-002
   4.870000E+002   3.999632E-002
   4.880000E+002   4.011526E-002
   4.890000E+002   4.023090E-002
   4.900000E+002   4.034318E-002
   4.910000E+002   4.045201E-002
   4.920000E+002   4.055730E-002
   4.930000E+002   4.065897E-002
   4.940000E+002   4.075694E-002
   4.950000E+002   4.085112E-002
   4.960000E+002   4.094143E-002
   4.970000E+002   4.102779E-002
   4.980000E+002   4.111011E-002
   4.990000E+002   4.118831E-002
   5.000000E+002   4.126231E-002
   5.010000E+002   4.133203E-002
   5.020000E+002   4.139749E-002
   5.030000E+002   4.145872E-002
   5.040000E+002   4.151572E-002
   5.050000E+002   4.156854E-002
   5.060000E+002   4.161719E-002
   5.070000E+002   4.166170E-002
   5.080000E+002   4.170209E-002
   5.090000E+002   4.173839E-002
   5.100000E+002   4.177062E-002
   5.110000E+002   4.179880E-002
   5.120000E+002   4.182296E-002
   5.130000E+002   4.184312E-002
   5.140000E+002   4.185932E-002
   5.150000E+002   4.187156E-002
   5.160000E+002   4.187988E-002
   5.170000E+002   4.188430E-002
   5.180000E+002   4.188485E-002
   5.190000E+002   4.188155E-002
   5.200000E+002   4.187442E-002
   5.210000E+002   4.186348E-002
   5.220000E+002   4.184877E-002
   5.230000E+002   4.183031E-002
   5.240000E+002   4.180811E-002
   5.250000E+002   4.178221E-002
   5.260000E+002   4.175263E-002
   5.270000E+002   4.171940E-002
   5.280000E+002   4.168253E-002
   5.290000E+002   4.164205E-002
   5.300000E+002   4.159799E-002
   5.310000E+002   4.155037E-002
   5.320000E+002   4.149922E-002
   5.330000E+002   4.144455E-002
   5.340000E+002   4.138640E-002
   5.350000E+002   4.132479E-002
   5.360000E+002   4.125973E-002
   5.370000E+002   4.119127E-002
   5.380000E+002   4.111941E-002
   5.390000E+002   4.104419E-002
   5.400000E+002   4.096563E-002
   5.410000E+002   4.088375E-002
   5.420000E+002   4.079858E-002
   5.430000E+002   4.071014E-002
   5.440000E+002   4.061846E-002
   5.450000E+002   4.052356E-002
   5.460000E+002   4.042546E-002
   5.470000E+002   4.032419E-002
   5.480000E+002   4.021978E-002
   5.490000E+002   4.011224E-002
   5.500000E+002   4.000161E-002
   5.510000E+002   3.988791E-002
   5.520000E+002   3.977122E-002
   5.530000E+002   3.965164E-002
   5.540000E+002   3.952925E-002
   5.550000E+002   3.940413E-002
   5.560000E+002   3.927638E-002
   5.570000E+002   3.914608E-002
   5.580000E+002   3.901331E-002
   5.590000E+002   3.887818E-002
   5.600000E+002   3.874076E-002
   5.610000E+002   3.860114E-002
   5.620000E+002   3.845941E-002
   5.630000E+002   3.831565E-002
   5.640000E+002   3.816996E-002
   5.650000E+002   3.802243E-002
   5.660000E+002   3.787313E-002
   5.670000E+002   3.772216E-002
   5.680000E+002   3.756961E-002
   5.690000E+002   3.741555E-002
   5.700000E+002   3.726009E-002
   5.710000E+002   3.710331E-002
   5.720000E+002   3.694529E-002
   5.730000E+002   3.678612E-002
   5.740000E+002   3.662589E-002
   5.750000E+002   3.646469E-002
   5.760000E+002   3.630260E-002
   5.770000E+002   3.613972E-002
   5.780000E+002   3.597613E-002
   5.790000E+002   3.581192E-002
   5.800000E+002   3.564717E-002
   5.810000E+002   3.548197E-002
   5.820000E+002   3.531642E-002
   5.830000E+002   3.515059E-002
   5.840000E+002   3.498458E-002
   5.850000E+002   3.481847E-002
   5.860000E+002   3.465236E-002
   5.870000E+002   3.448632E-002
   5.880000E+002   3.432045E-002
   5.890000E+002   3.415483E-002
   5.900000E+002   3.398955E-002
   5.910000E+002   3.382470E-002
   5.920000E+002   3.366037E-002
   5.930000E+002   3.349664E-002
   5.940000E+002   3.333360E-002
   5.950000E+002   3.317134E-002
   5.960000E+002   3.300995E-002
   5.970000E+002   3.284951E-002
   5.980000E+002   3.269011E-002
   5.990000E+002   3.253184E-002
   6.000000E+002   3.237479E-002
   6.010000E+002   3.221903E-002
   6.020000E+002   3.206463E-002
   6.030000E+002   3.191164E-002
   6.040000E+002   3.176009E-002
   6.050000E+002   3.161005E-002
   6.060000E+002   3.146156E-002
   6.070000E+002   3.131467E-002
   6.080000E+002   3.116943E-002
   6.090000E+002   3.102589E-002
   6.100000E+002   3.088410E-002
   6.110000E+002   3.074410E-002
   6.120000E+002   3.060596E-002
   6.130000E+002   3.046971E-002
   6.140000E+002   3.033541E-002
   6.150000E+002   3.020311E-002
   6.160000E+002   3.007285E-002
   6.170000E+002   2.994469E-002
   6.180000E+002   2.981867E-002
   6.190000E+002   2.969485E-002
   6.200000E+002   2.957327E-002
   6.210000E+002   2.945399E-002
   6.220000E+002   2.933704E-002
   6.230000E+002   2.922249E-002
   6.240000E+002   2.911038E-002
   6.250000E+002   2.900076E-002
   6.260000E+002   2.889368E-002
   6.270000E+002   2.878920E-002
   6.280000E+002   2.868735E-002
   6.290000E+002   2.858819E-002
   6.300000E+002   2.849176E-002
   6.310000E+002   2.839813E-002
   6.320000E+002   2.830733E-002
   6.330000E+002   2.821942E-002
   6.340000E+002   2.813445E-002
   6.350000E+002   2.805246E-002
   6.360000E+002   2.797350E-002
   6.370000E+002   2.789763E-002
   6.380000E+002   2.782490E-002
   6.390000E+002   2.775534E-002
   6.400000E+002   2.768902E-002
   6.410000E+002   2.762598E-002
   6.420000E+002   2.756628E-002
   6.430000E+002   2.750995E-002
   6.440000E+002   2.745706E-002
   6.450000E+002   2.740764E-002
   6.460000E+002   2.736175E-002
   6.470000E+002   2.731945E-002
   6.480000E+002   2.728077E-002
   6.490000E+002   2.724577E-002
   6.500000E+002   2.721449E-002
   6.510000E+002   2.718698E-002
   6.520000E+002   2.716321E-002
   6.530000E+002   2.714313E-002
   6.540000E+002   2.712672E-002
   6.550000E+002   2.711393E-002
   6.560000E+002   2.710473E-002
   6.570000E+002   2.709906E-002
   6.580000E+002   2.709691E-002
   6.590000E+002   2.709823E-002
   6.600000E+002   2.710297E-002
   6.610000E+002   2.711111E-002
   6.620000E+002   2.712260E-002
   6.630000E+002   2.713741E-002
   6.640000E+002   2.715549E-002
   6.650000E+002   2.717681E-002
   6.660000E+002   2.720133E-002
   6.670000E+002   2.722900E-002
   6.680000E+002   2.725981E-002
   6.690000E+002   2.729369E-002
   6.700000E+002   2.733062E-002
   6.710000E+002   2.737056E-002
   6.720000E+002   2.741346E-002
   6.730000E+002   2.745930E-002
   6.740000E+002   2.750803E-002
   6.750000E+002   2.755961E-002
   6.760000E+002   2.761400E-002
   6.770000E+002   2.767117E-002
   6.780000E+002   2.773108E-002
   6.790000E+002   2.779368E-002
   6.800000E+002   2.785895E-002
   6.810000E+002   2.792684E-002
   6.820000E+002   2.799731E-002
   6.830000E+002   2.807032E-002
   6.840000E+002   2.814585E-002
   6.850000E+002   2.822384E-002
   6.860000E+002   2.830426E-002
   6.870000E+002   2.838707E-002
   6.880000E+002   2.847223E-002
   6.890000E+002   2.855971E-002
   6.900000E+002   2.864946E-002
   6.910000E+002   2.874145E-002
   6.920000E+002   2.883564E-002
   6.930000E+002   2.893199E-002
   6.940000E+002   2.903046E-002
   6.950000E+002   2.913101E-002
   6.960000E+002   2.923360E-002
   6.970000E+002   2.933821E-002
   6.980000E+002   2.944478E-002
   6.990000E+002   2.955328E-002
   7.000000E+002   2.966367E-002
   7.010000E+002   2.977590E-002
   7.020000E+002   2.988992E-002
   7.030000E+002   3.000563E-002
   7.040000E+002   3.012298E-002
   7.050000E+002   3.024188E-002
   7.060000E+002   3.036226E-002
   7.070000E+002   3.048405E-002
   7.080000E+002   3.060717E-002
   7.090000E+002   3.073155E-002
   7.100000E+002   3.085712E-002
   7.110000E+002   3.098379E-002
   7.120000E+002   3.111150E-002
   7.130000E+002   3.124017E-002
   7.140000E+002   3.136973E-002
   7.150000E+002   3.150010E-002
   7.160000E+002   3.163122E-002
   7.170000E+002   3.176299E-002
   7.180000E+002   3.189536E-002
   7.190000E+002   3.202824E-002
   7.200000E+002   3.216156E-002
   7.210000E+002   3.229525E-002
   7.220000E+002   3.242924E-002
   7.230000E+002   3.256344E-002
   7.240000E+002   3.269779E-002
   7.250000E+002   3.283221E-002
   7.260000E+002   3.296663E-002
   7.270000E+002   3.310097E-002
   7.280000E+002   3.323516E-002
   7.290000E+002   3.336912E-002
   7.300000E+002   3.350278E-002
   7.310000E+002   3.363607E-002
   7.320000E+002   3.376891E-002
   7.330000E+002   3.390123E-002
   7.340000E+002   3.403295E-002
   7.350000E+002   3.416400E-002
   7.360000E+002   3.429430E-002
   7.370000E+002   3.442378E-002
   7.380000E+002   3.455237E-002
   7.390000E+002   3.467999E-002
   7.400000E+002   3.480657E-002
   7.410000E+002   3.493204E-002
   7.420000E+002   3.505631E-002
   7.430000E+002   3.517932E-002
   7.440000E+002   3.530099E-002
   7.450000E+002   3.542124E-002
   7.460000E+002   3.554001E-002
   7.470000E+002   3.565722E-002
   7.480000E+002   3.577279E-002
   7.490000E+002   3.588665E-002
   7.500000E+002   3.599872E-002
   7.510000E+002   3.610895E-002
   7.520000E+002   3.621728E-002
   7.530000E+002   3.632368E-002
   7.540000E+002   3.642811E-002
   7.550000E+002   3.653053E-002
   7.560000E+002   3.663092E-002
   7.570000E+002   3.672923E-002
   7.580000E+002   3.682543E-002
   7.590000E+002   3.691948E-002
   7.600000E+002   3.701134E-002
   7.610000E+002   3.710099E-002
   7.620000E+002   3.718837E-002
   7.630000E+002   3.727346E-002
   7.640000E+002   3.735623E-002
   7.650000E+002   3.743662E-002
   7.660000E+002   3.751461E-002
   7.670000E+002   3.759017E-002
   7.680000E+002   3.766324E-002
   7.690000E+002   3.773381E-002
   7.700000E+002   3.780183E-002
   7.710000E+002   3.786726E-002
   7.720000E+002   3.793008E-002
   7.730000E+002   3.799023E-002
   7.740000E+002   3.804770E-002
   7.750000E+002   3.810243E-002
   7.760000E+002   3.815440E-002
   7.770000E+002   3.820357E-002
   7.780000E+002   3.824990E-002
   7.790000E+002   3.829335E-002
   7.800000E+002   3.833390E-002
   7.810000E+002   3.837149E-002
   7.820000E+002   3.840611E-002
   7.830000E+002   3.843770E-002
   7.840000E+002   3.846624E-002
   7.850000E+002   3.849168E-002
   7.860000E+002   3.851400E-002
   7.870000E+002   3.853315E-002
   7.880000E+002   3.854911E-002
   7.890000E+002   3.856182E-002
   7.900000E+002   3.857126E-002
   7.910000E+002   3.857739E-002
   7.920000E+002   3.858018E-002
   7.930000E+002   3.857958E-002
   7.940000E+002   3.857556E-002
   7.950000E+002   3.856809E-002
   7.960000E+002   3.855713E-002
   7.970000E+002   3.854264E-002
   7.980000E+002   3.852459E-002
   7.990000E+002   3.850293E-002
   8.000000E+002   3.847764E-002
   8.010000E+002   3.844869E-002
   8.020000E+002   3.841611E-002
   8.030000E+002   3.837994E-002
   8.040000E+002   3.834022E-002
   8.050000E+002   3.829699E-002
   8.060000E+002   3.825030E-002
   8.070000E+002   3.820018E-002
   8.080000E+002   3.814668E-002
   8.090000E+002   3.808983E-002
   8.100000E+002   3.802969E-002
   8.110000E+002   3.796628E-002
   8.120000E+002   3.789966E-002
   8.130000E+002   3.782986E-002
   8.140000E+002   3.775693E-002
   8.150000E+002   3.768090E-002
   8.160000E+002   3.760181E-002
   8.170000E+002   3.751972E-002
   8.180000E+002   3.743465E-002
   8.190000E+002   3.734666E-002
   8.200000E+002   3.725578E-002
   8.210000E+002   3.716205E-002
   8.220000E+002   3.706551E-002
   8.230000E+002   3.696622E-002
   8.240000E+002   3.686420E-002
   8.250000E+002   3.675949E-002
   8.260000E+002   3.665215E-002
   8.270000E+002   3.654221E-002
   8.280000E+002   3.642972E-002
   8.290000E+002   3.631470E-002
   8.300000E+002   3.619721E-002
   8.310000E+002   3.607729E-002
   8.320000E+002   3.595498E-002
   8.330000E+002   3.583031E-002
   8.340000E+002   3.570334E-002
   8.350000E+002   3.557410E-002
   8.360000E+002   3.544263E-002
   8.370000E+002   3.530897E-002
   8.380000E+002   3.517318E-002
   8.390000E+002   3.503527E-002
   8.400000E+002   3.489531E-002
   8.410000E+002   3.475333E-002
   8.420000E+002   3.460936E-002
   8.430000E+002   3.446346E-002
   8.440000E+002   3.431567E-002
   8.450000E+002   3.416601E-002
   8.460000E+002   3.401455E-002
   8.470000E+002   3.386131E-002
   8.480000E+002   3.370634E-002
   8.490000E+002   3.354968E-002
   8.500000E+002   3.339137E-002
   8.510000E+002   3.323146E-002
   8.520000E+002   3.307001E-002
   8.530000E+002   3.290707E-002
   8.540000E+002   3.274271E-002
   8.550000E+002   3.257699E-002
   8.560000E+002   3.240999E-002
   8.570000E+002   3.224174E-002
   8.580000E+002   3.207233E-002
   8.590000E+002   3.190181E-002
   8.600000E+002   3.173025E-002
   8.610000E+002   3.155770E-002
   8.620000E+002   3.138424E-002
   8.630000E+002   3.120992E-002
   8.640000E+002   3.103480E-002
   8.650000E+002   3.085895E-002
   8.660000E+002   3.068243E-002
   8.670000E+002   3.050531E-002
   8.680000E+002   3.032764E-002
   8.690000E+002   3.014949E-002
   8.700000E+002   2.997092E-002
   8.710000E+002   2.979199E-002
   8.720000E+002   2.961277E-002
   8.730000E+002   2.943332E-002
   8.740000E+002   2.925369E-002
   8.750000E+002   2.907396E-002
   8.760000E+002   2.889419E-002
   8.770000E+002   2.871443E-002
   8.780000E+002   2.853476E-002
   8.790000E+002   2.835523E-002
   8.800000E+002   2.817590E-002
   8.810000E+002   2.799684E-002
   8.820000E+002   2.781812E-002
   8.830000E+002   2.763978E-002
   8.840000E+002   2.746190E-002
   8.850000E+002   2.728455E-002
   8.860000E+002   2.710777E-002
   8.870000E+002   2.693163E-002
   8.880000E+002   2.675620E-002
   8.890000E+002   2.658154E-002
   8.900000E+002   2.640771E-002
   8.910000E+002   2.623478E-002
   8.920000E+002   2.606280E-002
   8.930000E+002   2.589183E-002
   8.940000E+002   2.572195E-002
   8.950000E+002   2.555322E-002
   8.960000E+002   2.538569E-002
   8.970000E+002   2.521942E-002
   8.980000E+002   2.505449E-002
   8.990000E+002   2.489095E-002
   9.000000E+002   2.472887E-002
   9.010000E+002   2.456830E-002
   9.020000E+002   2.440928E-002
   9.030000E+002   2.425182E-002
   9.040000E+002   2.409597E-002
   9.050000E+002   2.394173E-002
   9.060000E+002   2.378914E-002
   9.070000E+002   2.363822E-002
   9.080000E+002   2.348901E-002
   9.090000E+002   2.334152E-002
   9.100000E+002   2.319577E-002
   9.110000E+002   2.305181E-002
   9.120000E+002   2.290965E-002
   9.130000E+002   2.276931E-002
   9.140000E+002   2.263083E-002
   9.150000E+002   2.249423E-002
   9.160000E+002   2.235953E-002
   9.170000E+002   2.222677E-002
   9.180000E+002   2.209596E-002
   9.190000E+002   2.196713E-002
   9.200000E+002   2.184031E-002
   9.210000E+002   2.171553E-002
   9.220000E+002   2.159281E-002
   9.230000E+002   2.147217E-002
   9.240000E+002   2.135364E-002
   9.250000E+002   2.123725E-002
   9.260000E+002   2.112302E-002
   9.270000E+002   2.101098E-002
   9.280000E+002   2.090116E-002
   9.290000E+002   2.079358E-002
   9.300000E+002   2.068826E-002
   9.310000E+002   2.058523E-002
   9.320000E+002   2.048452E-002
   9.330000E+002   2.038616E-002
   9.340000E+002   2.029016E-002
   9.350000E+002   2.019656E-002
   9.360000E+002   2.010538E-002
   9.370000E+002   2.001665E-002
   9.380000E+002   1.993038E-002
   9.390000E+002   1.984662E-002
   9.400000E+002   1.976538E-002
   9.410000E+002   1.968669E-002
   9.420000E+002   1.961057E-002
   9.430000E+002   1.953706E-002
   9.440000E+002   1.946617E-002
   9.450000E+002   1.939794E-002
   9.460000E+002   1.933238E-002
   9.470000E+002   1.926953E-002
   9.480000E+002   1.920940E-002
   9.490000E+002   1.915203E-002
   9.500000E+002   1.909745E-002
   9.510000E+002   1.904566E-002
   9.520000E+002   1.899665E-002
   9.530000E+002   1.895038E-002
   9.540000E+002   1.890683E-002
   9.550000E+002   1.886597E-002
   9.560000E+002   1.882776E-002
   9.570000E+002   1.879218E-002
   9.580000E+002   1.875919E-002
   9.590000E+002   1.872876E-002
   9.600000E+002   1.870087E-002
   9.610000E+002   1.867547E-002
   9.620000E+002   1.865256E-002
   9.630000E+002   1.863208E-002
   9.640000E+002   1.861401E-002
   9.650000E+002   1.859833E-002
   9.660000E+002   1.858500E-002
   9.670000E+002   1.857398E-002
   9.680000E+002   1.856526E-002
   9.690000E+002   1.855880E-002
   9.700000E+002   1.855456E-002
   9.710000E+002   1.855252E-002
   9.720000E+002   1.855265E-002
   9.730000E+002   1.855492E-002
   9.740000E+002   1.855930E-002
   9.750000E+002   1.856575E-002
   9.760000E+002   1.857425E-002
   9.770000E+002   1.858476E-002
   9.780000E+002   1.859726E-002
   9.790000E+002   1.861172E-002
   9.800000E+002   1.862810E-002
   9.810000E+002   1.864637E-002
   9.820000E+002   1.866651E-002
   9.830000E+002   1.868848E-002
   9.840000E+002   1.871225E-002
   9.850000E+002   1.873779E-002
   9.860000E+002   1.876508E-002
   9.870000E+002   1.879408E-002
   9.880000E+002   1.882476E-002
   9.890000E+002   1.885709E-002
   9.900000E+002   1.889104E-002
   9.910000E+002   1.892658E-002
   9.920000E+002   1.896368E-002
   9.930000E+002   1.900230E-002
   9.940000E+002   1.904243E-002
   9.950000E+002   1.908402E-002
   9.960000E+002   1.912705E-002
   9.970000E+002   1.917149E-002
   9.980000E+002   1.921731E-002
   9.990000E+002   1.926447E-002
   1.000000E+003   1.931294E-002
   1.001000E+003   1.936270E-002
   1.002000E+003   1.941370E-002
   1.003000E+003   1.946589E-002
   1.004000E+003   1.951921E-002
   1.005000E+003   1.957363E-002
   1.006000E+003   1.962910E-002
   1.007000E+003   1.968556E-002
   1.008000E+003   1.974297E-002
   1.009000E+003   1.980129E-002
   1.010000E+003   1.986045E-002
   1.011000E+003   1.992043E-002
   1.012000E+003   1.998116E-002
   1.013000E+003   2.004259E-002
   1.014000E+003   2.010469E-002
   1.015000E+003   2.016741E-002
   1.016000E+003   2.023069E-002
   1.017000E+003   2.029448E-002
   1.018000E+003   2.035875E-002
   1.019000E+003   2.042344E-002
   1.020000E+003   2.048850E-002
   1.021000E+003   2.055389E-002
   1.022000E+003   2.061955E-002
   1.023000E+003   2.068544E-002
   1.024000E+003   2.075152E-002
   1.025000E+003   2.081773E-002
   1.026000E+003   2.088402E-002
   1.027000E+003   2.095035E-002
   1.028000E+003   2.101667E-002
   1.029000E+003   2.108293E-002
   1.030000E+003   2.114909E-002
   1.031000E+003   2.121509E-002
   1.032000E+003   2.128089E-002
   1.033000E+003   2.134644E-002
   1.034000E+003   2.141169E-002
   1.035000E+003   2.147659E-002
   1.036000E+003   2.154110E-002
   1.037000E+003   2.160517E-002
   1.038000E+003   2.166875E-002
   1.039000E+003   2.173178E-002
   1.040000E+003   2.179424E-002
   1.041000E+003   2.185605E-002
   1.042000E+003   2.191719E-002
   1.043000E+003   2.197759E-002
   1.044000E+003   2.203722E-002
   1.045000E+003   2.209602E-002
   1.046000E+003   2.215395E-002
   1.047000E+003   2.221095E-002
   1.048000E+003   2.226698E-002
   1.049000E+003   2.232200E-002
   1.050000E+003   2.237595E-002
   1.051000E+003   2.242879E-002
   1.052000E+003   2.248049E-002
   1.053000E+003   2.253105E-002
   1.054000E+003   2.258045E-002
   1.055000E+003   2.262865E-002
   1.056000E+003   2.267566E-002
   1.057000E+003   2.272145E-002
   1.058000E+003   2.276601E-002
   1.059000E+003   2.280931E-002
   1.060000E+003   2.285134E-002
   1.061000E+003   2.289208E-002
   1.062000E+003   2.293152E-002
   1.063000E+003   2.296964E-002
   1.064000E+003   2.300641E-002
   1.065000E+003   2.304183E-002
   1.066000E+003   2.307588E-002
   1.067000E+003   2.310853E-002
   1.068000E+003   2.313978E-002
   1.069000E+003   2.316959E-002
   1.070000E+003   2.319797E-002
   1.071000E+003   2.322488E-002
   1.072000E+003   2.325032E-002
   1.073000E+003   2.327426E-002
   1.074000E+003   2.329669E-002
   1.075000E+003   2.331758E-002
   1.076000E+003   2.333693E-002
   1.077000E+003   2.335472E-002
   1.078000E+003   2.337092E-002
   1.079000E+003   2.338552E-002
   1.080000E+003   2.339850E-002
   1.081000E+003   2.340986E-002
   1.082000E+003   2.341955E-002
   1.083000E+003   2.342759E-002
   1.084000E+003   2.343393E-002
   1.085000E+003   2.343857E-002
   1.086000E+003   2.344149E-002
   1.087000E+003   2.344267E-002
   1.088000E+003   2.344210E-002
   1.089000E+003   2.343975E-002
   1.090000E+003   2.343561E-002
   1.091000E+003   2.342967E-002
   1.092000E+003   2.342189E-002
   1.093000E+003   2.341228E-002
   1.094000E+003   2.340081E-002
   1.095000E+003   2.338746E-002
   1.096000E+003   2.337222E-002
   1.097000E+003   2.335506E-002
   1.098000E+003   2.333598E-002
   1.099000E+003   2.331495E-002
   1.100000E+003   2.329195E-002
   1.101000E+003   2.326699E-002
   1.102000E+003   2.324007E-002
   1.103000E+003   2.321124E-002
   1.104000E+003   2.318052E-002
   1.105000E+003   2.314794E-002
   1.106000E+003   2.311355E-002
   1.107000E+003   2.307736E-002
   1.108000E+003   2.303941E-002
   1.109000E+003   2.299974E-002
   1.110000E+003   2.295837E-002
   1.111000E+003   2.291534E-002
   1.112000E+003   2.287067E-002
   1.113000E+003   2.282440E-002
   1.114000E+003   2.277657E-002
   1.115000E+003   2.272719E-002
   1.116000E+003   2.267631E-002
   1.117000E+003   2.262396E-002
   1.118000E+003   2.257017E-002
   1.119000E+003   2.251496E-002
   1.120000E+003   2.245838E-002
   1.121000E+003   2.240044E-002
   1.122000E+003   2.234120E-002
   1.123000E+003   2.228067E-002
   1.124000E+003   2.221888E-002
   1.125000E+003   2.215588E-002
   1.126000E+003   2.209169E-002
   1.127000E+003   2.202634E-002
   1.128000E+003   2.195986E-002
   1.129000E+003   2.189229E-002
   1.130000E+003   2.182366E-002
   1.131000E+003   2.175400E-002
   1.132000E+003   2.168334E-002
   1.133000E+003   2.161172E-002
   1.134000E+003   2.153916E-002
   1.135000E+003   2.146569E-002
   1.136000E+003   2.139135E-002
   1.137000E+003   2.131618E-002
   1.138000E+003   2.124019E-002
   1.139000E+003   2.116343E-002
   1.140000E+003   2.108592E-002
   1.141000E+003   2.100770E-002
   1.142000E+003   2.092880E-002
   1.143000E+003   2.084924E-002
   1.144000E+003   2.076907E-002
   1.145000E+003   2.068831E-002
   1.146000E+003   2.060700E-002
   1.147000E+003   2.052517E-002
   1.148000E+003   2.044284E-002
   1.149000E+003   2.036005E-002
   1.150000E+003   2.027683E-002
   1.151000E+003   2.019322E-002
   1.152000E+003   2.010921E-002
   1.153000E+003   2.002483E-002
   1.154000E+003   1.994007E-002
   1.155000E+003   1.985495E-002
   1.156000E+003   1.976947E-002
   1.157000E+003   1.968364E-002
   1.158000E+003   1.959747E-002
   1.159000E+003   1.951096E-002
   1.160000E+003   1.942414E-002
   1.161000E+003   1.933699E-002
   1.162000E+003   1.924954E-002
   1.163000E+003   1.916178E-002
   1.164000E+003   1.907373E-002
   1.165000E+003   1.898539E-002
   1.166000E+003   1.889678E-002
   1.167000E+003   1.880790E-002
   1.168000E+003   1.871876E-002
   1.169000E+003   1.862936E-002
   1.170000E+003   1.853971E-002
   1.171000E+003   1.844983E-002
   1.172000E+003   1.835972E-002
   1.173000E+003   1.826939E-002
   1.174000E+003   1.817884E-002
   1.175000E+003   1.808809E-002
   1.176000E+003   1.799713E-002
   1.177000E+003   1.790599E-002
   1.178000E+003   1.781467E-002
   1.179000E+003   1.772317E-002
   1.180000E+003   1.763150E-002
   1.181000E+003   1.753968E-002
   1.182000E+003   1.744770E-002
   1.183000E+003   1.735558E-002
   1.184000E+003   1.726333E-002
   1.185000E+003   1.717095E-002
   1.186000E+003   1.707845E-002
   1.187000E+003   1.698584E-002
   1.188000E+003   1.689313E-002
   1.189000E+003   1.680032E-002
   1.190000E+003   1.670743E-002
   1.191000E+003   1.661445E-002
   1.192000E+003   1.652141E-002
   1.193000E+003   1.642830E-002
   1.194000E+003   1.633513E-002
   1.195000E+003   1.624192E-002
   1.196000E+003   1.614867E-002
   1.197000E+003   1.605538E-002
   1.198000E+003   1.596207E-002
   1.199000E+003   1.586875E-002
   1.200000E+003   1.577542E-002
