   1.000000E+000   1.922245E-002
   2.000000E+000   2.193886E-002
   3.000000E+000   2.465528E-002
   4.000000E+000   2.335002E-002
   5.000000E+000   2.179761E-002
   6.000000E+000   2.079660E-002
   7.000000E+000   1.992730E-002
   8.000000E+000   1.915050E-002
   9.000000E+000   1.850443E-002
   1.000000E+001   1.795666E-002
   1.100000E+001   1.746498E-002
   1.200000E+001   1.701861E-002
   1.300000E+001   1.661394E-002
   1.400000E+001   1.624469E-002
   1.500000E+001   1.590387E-002
   1.600000E+001   1.558532E-002
   1.700000E+001   1.528607E-002
   1.800000E+001   1.500393E-002
   1.900000E+001   1.473673E-002
   2.000000E+001   1.448230E-002
   2.100000E+001   1.423872E-002
   2.200000E+001   1.400513E-002
   2.300000E+001   1.378094E-002
   2.400000E+001   1.356555E-002
   2.500000E+001   1.335839E-002
   2.600000E+001   1.315884E-002
   2.700000E+001   1.296631E-002
   2.800000E+001   1.278022E-002
   2.900000E+001   1.259997E-002
   3.000000E+001   1.242497E-002
   3.100000E+001   1.225470E-002
   3.200000E+001   1.208895E-002
   3.300000E+001   1.192759E-002
   3.400000E+001   1.177049E-002
   3.500000E+001   1.161753E-002
   3.600000E+001   1.146857E-002
   3.700000E+001   1.132348E-002
   3.800000E+001   1.118213E-002
   3.900000E+001   1.104440E-002
   4.000000E+001   1.091014E-002
   4.100000E+001   1.077927E-002
   4.200000E+001   1.065184E-002
   4.300000E+001   1.052793E-002
   4.400000E+001   1.040762E-002
   4.500000E+001   1.029100E-002
   4.600000E+001   1.017816E-002
   4.700000E+001   1.006918E-002
   4.800000E+001   9.964132E-003
   4.900000E+001   9.863117E-003
   5.000000E+001   9.766214E-003
   5.100000E+001   9.673447E-003
   5.200000E+001   9.584598E-003
   5.300000E+001   9.499388E-003
   5.400000E+001   9.417538E-003
   5.500000E+001   9.338770E-003
   5.600000E+001   9.262805E-003
   5.700000E+001   9.189363E-003
   5.800000E+001   9.118168E-003
   5.900000E+001   9.048939E-003
   6.000000E+001   8.981398E-003
   6.100000E+001   8.915363E-003
   6.200000E+001   8.851042E-003
   6.300000E+001   8.788738E-003
   6.400000E+001   8.728756E-003
   6.500000E+001   8.671400E-003
   6.600000E+001   8.616974E-003
   6.700000E+001   8.565782E-003
   6.800000E+001   8.518129E-003
   6.900000E+001   8.474318E-003
   7.000000E+001   8.434654E-003
   7.100000E+001   8.399364E-003
   7.200000E+001   8.368370E-003
   7.300000E+001   8.341518E-003
   7.400000E+001   8.318651E-003
   7.500000E+001   8.299616E-003
   7.600000E+001   8.284258E-003
   7.700000E+001   8.272421E-003
   7.800000E+001   8.263951E-003
   7.900000E+001   8.258692E-003
   8.000000E+001   8.256491E-003
   8.100000E+001   8.257221E-003
   8.200000E+001   8.260871E-003
   8.300000E+001   8.267458E-003
   8.400000E+001   8.277000E-003
   8.500000E+001   8.289515E-003
   8.600000E+001   8.305021E-003
   8.700000E+001   8.323535E-003
   8.800000E+001   8.345074E-003
   8.900000E+001   8.369658E-003
   9.000000E+001   8.397302E-003
   9.100000E+001   8.428016E-003
   9.200000E+001   8.461771E-003
   9.300000E+001   8.498528E-003
   9.400000E+001   8.538250E-003
   9.500000E+001   8.580897E-003
   9.600000E+001   8.626431E-003
   9.700000E+001   8.674815E-003
   9.800000E+001   8.726009E-003
   9.900000E+001   8.779976E-003
   1.000000E+002   8.836677E-003
   1.010000E+002   8.896073E-003
   1.020000E+002   8.958122E-003
   1.030000E+002   9.022779E-003
   1.040000E+002   9.090001E-003
   1.050000E+002   9.159744E-003
   1.060000E+002   9.231965E-003
   1.070000E+002   9.306620E-003
   1.080000E+002   9.383665E-003
   1.090000E+002   9.463056E-003
   1.100000E+002   9.544751E-003
   1.110000E+002   9.628704E-003
   1.120000E+002   9.714873E-003
   1.130000E+002   9.803214E-003
   1.140000E+002   9.893683E-003
   1.150000E+002   9.986237E-003
   1.160000E+002   1.008083E-002
   1.170000E+002   1.017742E-002
   1.180000E+002   1.027597E-002
   1.190000E+002   1.037642E-002
   1.200000E+002   1.047874E-002
   1.210000E+002   1.058288E-002
   1.220000E+002   1.068878E-002
   1.230000E+002   1.079638E-002
   1.240000E+002   1.090561E-002
   1.250000E+002   1.101640E-002
   1.260000E+002   1.112871E-002
   1.270000E+002   1.124246E-002
   1.280000E+002   1.135759E-002
   1.290000E+002   1.147404E-002
   1.300000E+002   1.159174E-002
   1.310000E+002   1.171063E-002
   1.320000E+002   1.183065E-002
   1.330000E+002   1.195174E-002
   1.340000E+002   1.207383E-002
   1.350000E+002   1.219686E-002
   1.360000E+002   1.232076E-002
   1.370000E+002   1.244548E-002
   1.380000E+002   1.257095E-002
   1.390000E+002   1.269710E-002
   1.400000E+002   1.282388E-002
   1.410000E+002   1.295122E-002
   1.420000E+002   1.307906E-002
   1.430000E+002   1.320733E-002
   1.440000E+002   1.333598E-002
   1.450000E+002   1.346495E-002
   1.460000E+002   1.359417E-002
   1.470000E+002   1.372359E-002
   1.480000E+002   1.385313E-002
   1.490000E+002   1.398275E-002
   1.500000E+002   1.411237E-002
   1.510000E+002   1.424194E-002
   1.520000E+002   1.437140E-002
   1.530000E+002   1.450068E-002
   1.540000E+002   1.462973E-002
   1.550000E+002   1.475848E-002
   1.560000E+002   1.488687E-002
   1.570000E+002   1.501484E-002
   1.580000E+002   1.514233E-002
   1.590000E+002   1.526927E-002
   1.600000E+002   1.539561E-002
   1.610000E+002   1.552129E-002
   1.620000E+002   1.564625E-002
   1.630000E+002   1.577043E-002
   1.640000E+002   1.589379E-002
   1.650000E+002   1.601627E-002
   1.660000E+002   1.613782E-002
   1.670000E+002   1.625838E-002
   1.680000E+002   1.637791E-002
   1.690000E+002   1.649634E-002
   1.700000E+002   1.661362E-002
   1.710000E+002   1.672971E-002
   1.720000E+002   1.684455E-002
   1.730000E+002   1.695807E-002
   1.740000E+002   1.707024E-002
   1.750000E+002   1.718100E-002
   1.760000E+002   1.729029E-002
   1.770000E+002   1.739807E-002
   1.780000E+002   1.750427E-002
   1.790000E+002   1.760884E-002
   1.800000E+002   1.771174E-002
   1.810000E+002   1.781290E-002
   1.820000E+002   1.791230E-002
   1.830000E+002   1.800989E-002
   1.840000E+002   1.810564E-002
   1.850000E+002   1.819950E-002
   1.860000E+002   1.829146E-002
   1.870000E+002   1.838146E-002
   1.880000E+002   1.846947E-002
   1.890000E+002   1.855546E-002
   1.900000E+002   1.863939E-002
   1.910000E+002   1.872122E-002
   1.920000E+002   1.880091E-002
   1.930000E+002   1.887843E-002
   1.940000E+002   1.895374E-002
   1.950000E+002   1.902681E-002
   1.960000E+002   1.909760E-002
   1.970000E+002   1.916606E-002
   1.980000E+002   1.923218E-002
   1.990000E+002   1.929590E-002
   2.000000E+002   1.935720E-002
   2.010000E+002   1.941603E-002
   2.020000E+002   1.947239E-002
   2.030000E+002   1.952627E-002
   2.040000E+002   1.957765E-002
   2.050000E+002   1.962654E-002
   2.060000E+002   1.967291E-002
   2.070000E+002   1.971675E-002
   2.080000E+002   1.975807E-002
   2.090000E+002   1.979685E-002
   2.100000E+002   1.983308E-002
   2.110000E+002   1.986675E-002
   2.120000E+002   1.989784E-002
   2.130000E+002   1.992636E-002
   2.140000E+002   1.995230E-002
   2.150000E+002   1.997563E-002
   2.160000E+002   1.999636E-002
   2.170000E+002   2.001447E-002
   2.180000E+002   2.002996E-002
   2.190000E+002   2.004281E-002
   2.200000E+002   2.005301E-002
   2.210000E+002   2.006056E-002
   2.220000E+002   2.006545E-002
   2.230000E+002   2.006766E-002
   2.240000E+002   2.006720E-002
   2.250000E+002   2.006403E-002
   2.260000E+002   2.005817E-002
   2.270000E+002   2.004963E-002
   2.280000E+002   2.003843E-002
   2.290000E+002   2.002460E-002
   2.300000E+002   2.000814E-002
   2.310000E+002   1.998909E-002
   2.320000E+002   1.996747E-002
   2.330000E+002   1.994329E-002
   2.340000E+002   1.991658E-002
   2.350000E+002   1.988735E-002
   2.360000E+002   1.985564E-002
   2.370000E+002   1.982146E-002
   2.380000E+002   1.978483E-002
   2.390000E+002   1.974578E-002
   2.400000E+002   1.970432E-002
   2.410000E+002   1.966048E-002
   2.420000E+002   1.961428E-002
   2.430000E+002   1.956573E-002
   2.440000E+002   1.951486E-002
   2.450000E+002   1.946170E-002
   2.460000E+002   1.940626E-002
   2.470000E+002   1.934856E-002
   2.480000E+002   1.928863E-002
   2.490000E+002   1.922648E-002
   2.500000E+002   1.916214E-002
   2.510000E+002   1.909563E-002
   2.520000E+002   1.902699E-002
   2.530000E+002   1.895625E-002
   2.540000E+002   1.888344E-002
   2.550000E+002   1.880861E-002
   2.560000E+002   1.873179E-002
   2.570000E+002   1.865302E-002
   2.580000E+002   1.857234E-002
   2.590000E+002   1.848977E-002
   2.600000E+002   1.840536E-002
   2.610000E+002   1.831915E-002
   2.620000E+002   1.823116E-002
   2.630000E+002   1.814144E-002
   2.640000E+002   1.805002E-002
   2.650000E+002   1.795694E-002
   2.660000E+002   1.786224E-002
   2.670000E+002   1.776595E-002
   2.680000E+002   1.766811E-002
   2.690000E+002   1.756875E-002
   2.700000E+002   1.746792E-002
   2.710000E+002   1.736564E-002
   2.720000E+002   1.726196E-002
   2.730000E+002   1.715691E-002
   2.740000E+002   1.705053E-002
   2.750000E+002   1.694285E-002
   2.760000E+002   1.683391E-002
   2.770000E+002   1.672377E-002
   2.780000E+002   1.661247E-002
   2.790000E+002   1.650007E-002
   2.800000E+002   1.638662E-002
   2.810000E+002   1.627216E-002
   2.820000E+002   1.615676E-002
   2.830000E+002   1.604047E-002
   2.840000E+002   1.592333E-002
   2.850000E+002   1.580540E-002
   2.860000E+002   1.568674E-002
   2.870000E+002   1.556738E-002
   2.880000E+002   1.544740E-002
   2.890000E+002   1.532683E-002
   2.900000E+002   1.520572E-002
   2.910000E+002   1.508415E-002
   2.920000E+002   1.496214E-002
   2.930000E+002   1.483976E-002
   2.940000E+002   1.471706E-002
   2.950000E+002   1.459409E-002
   2.960000E+002   1.447090E-002
   2.970000E+002   1.434754E-002
   2.980000E+002   1.422407E-002
   2.990000E+002   1.410054E-002
   3.000000E+002   1.397700E-002
   3.010000E+002   1.385350E-002
   3.020000E+002   1.373008E-002
   3.030000E+002   1.360677E-002
   3.040000E+002   1.348360E-002
   3.050000E+002   1.336063E-002
   3.060000E+002   1.323787E-002
   3.070000E+002   1.311537E-002
   3.080000E+002   1.299316E-002
   3.090000E+002   1.287128E-002
   3.100000E+002   1.274975E-002
   3.110000E+002   1.262863E-002
   3.120000E+002   1.250794E-002
   3.130000E+002   1.238771E-002
   3.140000E+002   1.226799E-002
   3.150000E+002   1.214881E-002
   3.160000E+002   1.203021E-002
   3.170000E+002   1.191221E-002
   3.180000E+002   1.179486E-002
   3.190000E+002   1.167819E-002
   3.200000E+002   1.156224E-002
   3.210000E+002   1.144704E-002
   3.220000E+002   1.133263E-002
   3.230000E+002   1.121904E-002
   3.240000E+002   1.110631E-002
   3.250000E+002   1.099448E-002
   3.260000E+002   1.088357E-002
   3.270000E+002   1.077363E-002
   3.280000E+002   1.066469E-002
   3.290000E+002   1.055679E-002
   3.300000E+002   1.044996E-002
   3.310000E+002   1.034424E-002
   3.320000E+002   1.023965E-002
   3.330000E+002   1.013625E-002
   3.340000E+002   1.003406E-002
   3.350000E+002   9.933121E-003
   3.360000E+002   9.833465E-003
   3.370000E+002   9.735129E-003
   3.380000E+002   9.638149E-003
   3.390000E+002   9.542560E-003
   3.400000E+002   9.448398E-003
   3.410000E+002   9.355697E-003
   3.420000E+002   9.264495E-003
   3.430000E+002   9.174825E-003
   3.440000E+002   9.086725E-003
   3.450000E+002   9.000228E-003
   3.460000E+002   8.915371E-003
   3.470000E+002   8.832188E-003
   3.480000E+002   8.750717E-003
   3.490000E+002   8.670991E-003
   3.500000E+002   8.593048E-003
   3.510000E+002   8.516914E-003
   3.520000E+002   8.442592E-003
   3.530000E+002   8.370078E-003
   3.540000E+002   8.299366E-003
   3.550000E+002   8.230451E-003
   3.560000E+002   8.163328E-003
   3.570000E+002   8.097992E-003
   3.580000E+002   8.034439E-003
   3.590000E+002   7.972663E-003
   3.600000E+002   7.912659E-003
   3.610000E+002   7.854422E-003
   3.620000E+002   7.797948E-003
   3.630000E+002   7.743232E-003
   3.640000E+002   7.690268E-003
   3.650000E+002   7.639051E-003
   3.660000E+002   7.589577E-003
   3.670000E+002   7.541840E-003
   3.680000E+002   7.495836E-003
   3.690000E+002   7.451560E-003
   3.700000E+002   7.409006E-003
   3.710000E+002   7.368170E-003
   3.720000E+002   7.329047E-003
   3.730000E+002   7.291631E-003
   3.740000E+002   7.255918E-003
   3.750000E+002   7.221903E-003
   3.760000E+002   7.189581E-003
   3.770000E+002   7.158947E-003
   3.780000E+002   7.129995E-003
   3.790000E+002   7.102721E-003
   3.800000E+002   7.077121E-003
   3.810000E+002   7.053188E-003
   3.820000E+002   7.030919E-003
   3.830000E+002   7.010307E-003
   3.840000E+002   6.991349E-003
   3.850000E+002   6.974038E-003
   3.860000E+002   6.958371E-003
   3.870000E+002   6.944342E-003
   3.880000E+002   6.931946E-003
   3.890000E+002   6.921179E-003
   3.900000E+002   6.912034E-003
   3.910000E+002   6.904508E-003
   3.920000E+002   6.898596E-003
   3.930000E+002   6.894291E-003
   3.940000E+002   6.891590E-003
   3.950000E+002   6.890488E-003
   3.960000E+002   6.890979E-003
   3.970000E+002   6.893058E-003
   3.980000E+002   6.896721E-003
   3.990000E+002   6.901963E-003
   4.000000E+002   6.908778E-003
   4.010000E+002   6.917157E-003
   4.020000E+002   6.927072E-003
   4.030000E+002   6.938492E-003
   4.040000E+002   6.951383E-003
   4.050000E+002   6.965714E-003
   4.060000E+002   6.981452E-003
   4.070000E+002   6.998565E-003
   4.080000E+002   7.017021E-003
   4.090000E+002   7.036787E-003
   4.100000E+002   7.057831E-003
   4.110000E+002   7.080121E-003
   4.120000E+002   7.103625E-003
   4.130000E+002   7.128310E-003
   4.140000E+002   7.154144E-003
   4.150000E+002   7.181095E-003
   4.160000E+002   7.209130E-003
   4.170000E+002   7.238218E-003
   4.180000E+002   7.268325E-003
   4.190000E+002   7.299420E-003
   4.200000E+002   7.331471E-003
   4.210000E+002   7.364444E-003
   4.220000E+002   7.398309E-003
   4.230000E+002   7.433031E-003
   4.240000E+002   7.468581E-003
   4.250000E+002   7.504924E-003
   4.260000E+002   7.542029E-003
   4.270000E+002   7.579863E-003
   4.280000E+002   7.618395E-003
   4.290000E+002   7.657591E-003
   4.300000E+002   7.697420E-003
   4.310000E+002   7.737849E-003
   4.320000E+002   7.778847E-003
   4.330000E+002   7.820380E-003
   4.340000E+002   7.862417E-003
   4.350000E+002   7.904925E-003
   4.360000E+002   7.947872E-003
   4.370000E+002   7.991226E-003
   4.380000E+002   8.034954E-003
   4.390000E+002   8.079024E-003
   4.400000E+002   8.123404E-003
   4.410000E+002   8.168062E-003
   4.420000E+002   8.212965E-003
   4.430000E+002   8.258081E-003
   4.440000E+002   8.303378E-003
   4.450000E+002   8.348823E-003
   4.460000E+002   8.394385E-003
   4.470000E+002   8.440030E-003
   4.480000E+002   8.485727E-003
   4.490000E+002   8.531444E-003
   4.500000E+002   8.577147E-003
   4.510000E+002   8.622807E-003
   4.520000E+002   8.668401E-003
   4.530000E+002   8.713907E-003
   4.540000E+002   8.759303E-003
   4.550000E+002   8.804569E-003
   4.560000E+002   8.849683E-003
   4.570000E+002   8.894623E-003
   4.580000E+002   8.939369E-003
   4.590000E+002   8.983898E-003
   4.600000E+002   9.028189E-003
   4.610000E+002   9.072222E-003
   4.620000E+002   9.115974E-003
   4.630000E+002   9.159425E-003
   4.640000E+002   9.202552E-003
   4.650000E+002   9.245335E-003
   4.660000E+002   9.287752E-003
   4.670000E+002   9.329782E-003
   4.680000E+002   9.371403E-003
   4.690000E+002   9.412594E-003
   4.700000E+002   9.453333E-003
   4.710000E+002   9.493600E-003
   4.720000E+002   9.533373E-003
   4.730000E+002   9.572630E-003
   4.740000E+002   9.611350E-003
   4.750000E+002   9.649512E-003
   4.760000E+002   9.687094E-003
   4.770000E+002   9.724075E-003
   4.780000E+002   9.760433E-003
   4.790000E+002   9.796148E-003
   4.800000E+002   9.831197E-003
   4.810000E+002   9.865560E-003
   4.820000E+002   9.899215E-003
   4.830000E+002   9.932140E-003
   4.840000E+002   9.964315E-003
   4.850000E+002   9.995717E-003
   4.860000E+002   1.002633E-002
   4.870000E+002   1.005612E-002
   4.880000E+002   1.008508E-002
   4.890000E+002   1.011318E-002
   4.900000E+002   1.014040E-002
   4.910000E+002   1.016672E-002
   4.920000E+002   1.019212E-002
   4.930000E+002   1.021657E-002
   4.940000E+002   1.024007E-002
   4.950000E+002   1.026257E-002
   4.960000E+002   1.028407E-002
   4.970000E+002   1.030454E-002
   4.980000E+002   1.032396E-002
   4.990000E+002   1.034230E-002
   5.000000E+002   1.035956E-002
   5.010000E+002   1.037570E-002
   5.020000E+002   1.039074E-002
   5.030000E+002   1.040467E-002
   5.040000E+002   1.041751E-002
   5.050000E+002   1.042925E-002
   5.060000E+002   1.043991E-002
   5.070000E+002   1.044949E-002
   5.080000E+002   1.045800E-002
   5.090000E+002   1.046543E-002
   5.100000E+002   1.047181E-002
   5.110000E+002   1.047713E-002
   5.120000E+002   1.048139E-002
   5.130000E+002   1.048461E-002
   5.140000E+002   1.048679E-002
   5.150000E+002   1.048794E-002
   5.160000E+002   1.048806E-002
   5.170000E+002   1.048715E-002
   5.180000E+002   1.048523E-002
   5.190000E+002   1.048230E-002
   5.200000E+002   1.047836E-002
   5.210000E+002   1.047342E-002
   5.220000E+002   1.046749E-002
   5.230000E+002   1.046057E-002
   5.240000E+002   1.045266E-002
   5.250000E+002   1.044378E-002
   5.260000E+002   1.043393E-002
   5.270000E+002   1.042312E-002
   5.280000E+002   1.041134E-002
   5.290000E+002   1.039861E-002
   5.300000E+002   1.038493E-002
   5.310000E+002   1.037031E-002
   5.320000E+002   1.035475E-002
   5.330000E+002   1.033827E-002
   5.340000E+002   1.032085E-002
   5.350000E+002   1.030252E-002
   5.360000E+002   1.028327E-002
   5.370000E+002   1.026312E-002
   5.380000E+002   1.024206E-002
   5.390000E+002   1.022010E-002
   5.400000E+002   1.019726E-002
   5.410000E+002   1.017353E-002
   5.420000E+002   1.014892E-002
   5.430000E+002   1.012343E-002
   5.440000E+002   1.009708E-002
   5.450000E+002   1.006986E-002
   5.460000E+002   1.004179E-002
   5.470000E+002   1.001287E-002
   5.480000E+002   9.983104E-003
   5.490000E+002   9.952497E-003
   5.500000E+002   9.921057E-003
   5.510000E+002   9.888791E-003
   5.520000E+002   9.855722E-003
   5.530000E+002   9.821873E-003
   5.540000E+002   9.787269E-003
   5.550000E+002   9.751933E-003
   5.560000E+002   9.715891E-003
   5.570000E+002   9.679166E-003
   5.580000E+002   9.641783E-003
   5.590000E+002   9.603765E-003
   5.600000E+002   9.565138E-003
   5.610000E+002   9.525924E-003
   5.620000E+002   9.486149E-003
   5.630000E+002   9.445837E-003
   5.640000E+002   9.405012E-003
   5.650000E+002   9.363697E-003
   5.660000E+002   9.321918E-003
   5.670000E+002   9.279698E-003
   5.680000E+002   9.237063E-003
   5.690000E+002   9.194035E-003
   5.700000E+002   9.150639E-003
   5.710000E+002   9.106900E-003
   5.720000E+002   9.062841E-003
   5.730000E+002   9.018487E-003
   5.740000E+002   8.973862E-003
   5.750000E+002   8.928991E-003
   5.760000E+002   8.883897E-003
   5.770000E+002   8.838605E-003
   5.780000E+002   8.793139E-003
   5.790000E+002   8.747522E-003
   5.800000E+002   8.701781E-003
   5.810000E+002   8.655938E-003
   5.820000E+002   8.610017E-003
   5.830000E+002   8.564044E-003
   5.840000E+002   8.518042E-003
   5.850000E+002   8.472036E-003
   5.860000E+002   8.426049E-003
   5.870000E+002   8.380106E-003
   5.880000E+002   8.334231E-003
   5.890000E+002   8.288449E-003
   5.900000E+002   8.242783E-003
   5.910000E+002   8.197258E-003
   5.920000E+002   8.151898E-003
   5.930000E+002   8.106728E-003
   5.940000E+002   8.061771E-003
   5.950000E+002   8.017051E-003
   5.960000E+002   7.972594E-003
   5.970000E+002   7.928422E-003
   5.980000E+002   7.884561E-003
   5.990000E+002   7.841035E-003
   6.000000E+002   7.797867E-003
   6.010000E+002   7.755080E-003
   6.020000E+002   7.712688E-003
   6.030000E+002   7.670700E-003
   6.040000E+002   7.629130E-003
   6.050000E+002   7.587988E-003
   6.060000E+002   7.547285E-003
   6.070000E+002   7.507033E-003
   6.080000E+002   7.467242E-003
   6.090000E+002   7.427924E-003
   6.100000E+002   7.389091E-003
   6.110000E+002   7.350753E-003
   6.120000E+002   7.312922E-003
   6.130000E+002   7.275609E-003
   6.140000E+002   7.238825E-003
   6.150000E+002   7.202582E-003
   6.160000E+002   7.166890E-003
   6.170000E+002   7.131762E-003
   6.180000E+002   7.097208E-003
   6.190000E+002   7.063239E-003
   6.200000E+002   7.029868E-003
   6.210000E+002   6.997104E-003
   6.220000E+002   6.964960E-003
   6.230000E+002   6.933446E-003
   6.240000E+002   6.902574E-003
   6.250000E+002   6.872355E-003
   6.260000E+002   6.842800E-003
   6.270000E+002   6.813921E-003
   6.280000E+002   6.785728E-003
   6.290000E+002   6.758234E-003
   6.300000E+002   6.731449E-003
   6.310000E+002   6.705385E-003
   6.320000E+002   6.680052E-003
   6.330000E+002   6.655462E-003
   6.340000E+002   6.631627E-003
   6.350000E+002   6.608558E-003
   6.360000E+002   6.586265E-003
   6.370000E+002   6.564760E-003
   6.380000E+002   6.544054E-003
   6.390000E+002   6.524159E-003
   6.400000E+002   6.505086E-003
   6.410000E+002   6.486846E-003
   6.420000E+002   6.469451E-003
   6.430000E+002   6.452911E-003
   6.440000E+002   6.437237E-003
   6.450000E+002   6.422442E-003
   6.460000E+002   6.408536E-003
   6.470000E+002   6.395531E-003
   6.480000E+002   6.383437E-003
   6.490000E+002   6.372267E-003
   6.500000E+002   6.362031E-003
   6.510000E+002   6.352737E-003
   6.520000E+002   6.344379E-003
   6.530000E+002   6.336947E-003
   6.540000E+002   6.330432E-003
   6.550000E+002   6.324823E-003
   6.560000E+002   6.320112E-003
   6.570000E+002   6.316288E-003
   6.580000E+002   6.313341E-003
   6.590000E+002   6.311263E-003
   6.600000E+002   6.310043E-003
   6.610000E+002   6.309671E-003
   6.620000E+002   6.310138E-003
   6.630000E+002   6.311435E-003
   6.640000E+002   6.313551E-003
   6.650000E+002   6.316477E-003
   6.660000E+002   6.320203E-003
   6.670000E+002   6.324719E-003
   6.680000E+002   6.330016E-003
   6.690000E+002   6.336084E-003
   6.700000E+002   6.342913E-003
   6.710000E+002   6.350494E-003
   6.720000E+002   6.358817E-003
   6.730000E+002   6.367872E-003
   6.740000E+002   6.377649E-003
   6.750000E+002   6.388139E-003
   6.760000E+002   6.399333E-003
   6.770000E+002   6.411219E-003
   6.780000E+002   6.423790E-003
   6.790000E+002   6.437034E-003
   6.800000E+002   6.450943E-003
   6.810000E+002   6.465506E-003
   6.820000E+002   6.480714E-003
   6.830000E+002   6.496557E-003
   6.840000E+002   6.513026E-003
   6.850000E+002   6.530111E-003
   6.860000E+002   6.547802E-003
   6.870000E+002   6.566089E-003
   6.880000E+002   6.584962E-003
   6.890000E+002   6.604413E-003
   6.900000E+002   6.624431E-003
   6.910000E+002   6.645007E-003
   6.920000E+002   6.666130E-003
   6.930000E+002   6.687792E-003
   6.940000E+002   6.709982E-003
   6.950000E+002   6.732691E-003
   6.960000E+002   6.755910E-003
   6.970000E+002   6.779627E-003
   6.980000E+002   6.803834E-003
   6.990000E+002   6.828521E-003
   7.000000E+002   6.853679E-003
   7.010000E+002   6.879296E-003
   7.020000E+002   6.905354E-003
   7.030000E+002   6.931837E-003
   7.040000E+002   6.958726E-003
   7.050000E+002   6.986002E-003
   7.060000E+002   7.013647E-003
   7.070000E+002   7.041643E-003
   7.080000E+002   7.069972E-003
   7.090000E+002   7.098614E-003
   7.100000E+002   7.127553E-003
   7.110000E+002   7.156769E-003
   7.120000E+002   7.186245E-003
   7.130000E+002   7.215961E-003
   7.140000E+002   7.245901E-003
   7.150000E+002   7.276044E-003
   7.160000E+002   7.306374E-003
   7.170000E+002   7.336872E-003
   7.180000E+002   7.367519E-003
   7.190000E+002   7.398298E-003
   7.200000E+002   7.429189E-003
   7.210000E+002   7.460175E-003
   7.220000E+002   7.491238E-003
   7.230000E+002   7.522359E-003
   7.240000E+002   7.553519E-003
   7.250000E+002   7.584701E-003
   7.260000E+002   7.615886E-003
   7.270000E+002   7.647055E-003
   7.280000E+002   7.678192E-003
   7.290000E+002   7.709277E-003
   7.300000E+002   7.740291E-003
   7.310000E+002   7.771218E-003
   7.320000E+002   7.802037E-003
   7.330000E+002   7.832732E-003
   7.340000E+002   7.863284E-003
   7.350000E+002   7.893674E-003
   7.360000E+002   7.923884E-003
   7.370000E+002   7.953896E-003
   7.380000E+002   7.983692E-003
   7.390000E+002   8.013253E-003
   7.400000E+002   8.042562E-003
   7.410000E+002   8.071598E-003
   7.420000E+002   8.100346E-003
   7.430000E+002   8.128785E-003
   7.440000E+002   8.156898E-003
   7.450000E+002   8.184667E-003
   7.460000E+002   8.212073E-003
   7.470000E+002   8.239098E-003
   7.480000E+002   8.265724E-003
   7.490000E+002   8.291932E-003
   7.500000E+002   8.317704E-003
   7.510000E+002   8.343023E-003
   7.520000E+002   8.367880E-003
   7.530000E+002   8.392266E-003
   7.540000E+002   8.416172E-003
   7.550000E+002   8.439591E-003
   7.560000E+002   8.462515E-003
   7.570000E+002   8.484933E-003
   7.580000E+002   8.506840E-003
   7.590000E+002   8.528225E-003
   7.600000E+002   8.549081E-003
   7.610000E+002   8.569400E-003
   7.620000E+002   8.589172E-003
   7.630000E+002   8.608391E-003
   7.640000E+002   8.627046E-003
   7.650000E+002   8.645131E-003
   7.660000E+002   8.662637E-003
   7.670000E+002   8.679555E-003
   7.680000E+002   8.695877E-003
   7.690000E+002   8.711595E-003
   7.700000E+002   8.726700E-003
   7.710000E+002   8.741184E-003
   7.720000E+002   8.755039E-003
   7.730000E+002   8.768257E-003
   7.740000E+002   8.780828E-003
   7.750000E+002   8.792746E-003
   7.760000E+002   8.804001E-003
   7.770000E+002   8.814584E-003
   7.780000E+002   8.824489E-003
   7.790000E+002   8.833706E-003
   7.800000E+002   8.842227E-003
   7.810000E+002   8.850044E-003
   7.820000E+002   8.857148E-003
   7.830000E+002   8.863531E-003
   7.840000E+002   8.869185E-003
   7.850000E+002   8.874102E-003
   7.860000E+002   8.878272E-003
   7.870000E+002   8.881689E-003
   7.880000E+002   8.884342E-003
   7.890000E+002   8.886225E-003
   7.900000E+002   8.887328E-003
   7.910000E+002   8.887644E-003
   7.920000E+002   8.887164E-003
   7.930000E+002   8.885880E-003
   7.940000E+002   8.883783E-003
   7.950000E+002   8.880866E-003
   7.960000E+002   8.877119E-003
   7.970000E+002   8.872534E-003
   7.980000E+002   8.867104E-003
   7.990000E+002   8.860819E-003
   8.000000E+002   8.853671E-003
   8.010000E+002   8.845656E-003
   8.020000E+002   8.836780E-003
   8.030000E+002   8.827053E-003
   8.040000E+002   8.816485E-003
   8.050000E+002   8.805085E-003
   8.060000E+002   8.792865E-003
   8.070000E+002   8.779834E-003
   8.080000E+002   8.766001E-003
   8.090000E+002   8.751377E-003
   8.100000E+002   8.735973E-003
   8.110000E+002   8.719796E-003
   8.120000E+002   8.702859E-003
   8.130000E+002   8.685170E-003
   8.140000E+002   8.666740E-003
   8.150000E+002   8.647579E-003
   8.160000E+002   8.627696E-003
   8.170000E+002   8.607102E-003
   8.180000E+002   8.585806E-003
   8.190000E+002   8.563819E-003
   8.200000E+002   8.541151E-003
   8.210000E+002   8.517810E-003
   8.220000E+002   8.493809E-003
   8.230000E+002   8.469155E-003
   8.240000E+002   8.443860E-003
   8.250000E+002   8.417934E-003
   8.260000E+002   8.391385E-003
   8.270000E+002   8.364225E-003
   8.280000E+002   8.336463E-003
   8.290000E+002   8.308110E-003
   8.300000E+002   8.279174E-003
   8.310000E+002   8.249667E-003
   8.320000E+002   8.219598E-003
   8.330000E+002   8.188977E-003
   8.340000E+002   8.157814E-003
   8.350000E+002   8.126119E-003
   8.360000E+002   8.093901E-003
   8.370000E+002   8.061172E-003
   8.380000E+002   8.027941E-003
   8.390000E+002   7.994218E-003
   8.400000E+002   7.960013E-003
   8.410000E+002   7.925335E-003
   8.420000E+002   7.890195E-003
   8.430000E+002   7.854603E-003
   8.440000E+002   7.818569E-003
   8.450000E+002   7.782102E-003
   8.460000E+002   7.745213E-003
   8.470000E+002   7.707912E-003
   8.480000E+002   7.670209E-003
   8.490000E+002   7.632113E-003
   8.500000E+002   7.593634E-003
   8.510000E+002   7.554784E-003
   8.520000E+002   7.515576E-003
   8.530000E+002   7.476024E-003
   8.540000E+002   7.436144E-003
   8.550000E+002   7.395950E-003
   8.560000E+002   7.355456E-003
   8.570000E+002   7.314676E-003
   8.580000E+002   7.273627E-003
   8.590000E+002   7.232321E-003
   8.600000E+002   7.190774E-003
   8.610000E+002   7.149000E-003
   8.620000E+002   7.107014E-003
   8.630000E+002   7.064830E-003
   8.640000E+002   7.022463E-003
   8.650000E+002   6.979928E-003
   8.660000E+002   6.937238E-003
   8.670000E+002   6.894409E-003
   8.680000E+002   6.851456E-003
   8.690000E+002   6.808391E-003
   8.700000E+002   6.765232E-003
   8.710000E+002   6.721991E-003
   8.720000E+002   6.678683E-003
   8.730000E+002   6.635323E-003
   8.740000E+002   6.591926E-003
   8.750000E+002   6.548506E-003
   8.760000E+002   6.505078E-003
   8.770000E+002   6.461656E-003
   8.780000E+002   6.418254E-003
   8.790000E+002   6.374888E-003
   8.800000E+002   6.331572E-003
   8.810000E+002   6.288320E-003
   8.820000E+002   6.245148E-003
   8.830000E+002   6.202069E-003
   8.840000E+002   6.159098E-003
   8.850000E+002   6.116250E-003
   8.860000E+002   6.073539E-003
   8.870000E+002   6.030980E-003
   8.880000E+002   5.988588E-003
   8.890000E+002   5.946376E-003
   8.900000E+002   5.904360E-003
   8.910000E+002   5.862555E-003
   8.920000E+002   5.820974E-003
   8.930000E+002   5.779632E-003
   8.940000E+002   5.738544E-003
   8.950000E+002   5.697724E-003
   8.960000E+002   5.657188E-003
   8.970000E+002   5.616949E-003
   8.980000E+002   5.577022E-003
   8.990000E+002   5.537421E-003
   9.000000E+002   5.498162E-003
   9.010000E+002   5.459258E-003
   9.020000E+002   5.420715E-003
   9.030000E+002   5.382539E-003
   9.040000E+002   5.344738E-003
   9.050000E+002   5.307316E-003
   9.060000E+002   5.270280E-003
   9.070000E+002   5.233636E-003
   9.080000E+002   5.197389E-003
   9.090000E+002   5.161546E-003
   9.100000E+002   5.126112E-003
   9.110000E+002   5.091095E-003
   9.120000E+002   5.056498E-003
   9.130000E+002   5.022330E-003
   9.140000E+002   4.988594E-003
   9.150000E+002   4.955299E-003
   9.160000E+002   4.922449E-003
   9.170000E+002   4.890050E-003
   9.180000E+002   4.858109E-003
   9.190000E+002   4.826631E-003
   9.200000E+002   4.795623E-003
   9.210000E+002   4.765090E-003
   9.220000E+002   4.735039E-003
   9.230000E+002   4.705475E-003
   9.240000E+002   4.676405E-003
   9.250000E+002   4.647833E-003
   9.260000E+002   4.619767E-003
   9.270000E+002   4.592213E-003
   9.280000E+002   4.565176E-003
   9.290000E+002   4.538662E-003
   9.300000E+002   4.512677E-003
   9.310000E+002   4.487227E-003
   9.320000E+002   4.462319E-003
   9.330000E+002   4.437958E-003
   9.340000E+002   4.414150E-003
   9.350000E+002   4.390901E-003
   9.360000E+002   4.368218E-003
   9.370000E+002   4.346106E-003
   9.380000E+002   4.324570E-003
   9.390000E+002   4.303618E-003
   9.400000E+002   4.283255E-003
   9.410000E+002   4.263487E-003
   9.420000E+002   4.244320E-003
   9.430000E+002   4.225760E-003
   9.440000E+002   4.207813E-003
   9.450000E+002   4.190485E-003
   9.460000E+002   4.173783E-003
   9.470000E+002   4.157711E-003
   9.480000E+002   4.142276E-003
   9.490000E+002   4.127483E-003
   9.500000E+002   4.113340E-003
   9.510000E+002   4.099850E-003
   9.520000E+002   4.087007E-003
   9.530000E+002   4.074805E-003
   9.540000E+002   4.063237E-003
   9.550000E+002   4.052295E-003
   9.560000E+002   4.041972E-003
   9.570000E+002   4.032262E-003
   9.580000E+002   4.023157E-003
   9.590000E+002   4.014651E-003
   9.600000E+002   4.006735E-003
   9.610000E+002   3.999403E-003
   9.620000E+002   3.992648E-003
   9.630000E+002   3.986463E-003
   9.640000E+002   3.980840E-003
   9.650000E+002   3.975773E-003
   9.660000E+002   3.971254E-003
   9.670000E+002   3.967277E-003
   9.680000E+002   3.963834E-003
   9.690000E+002   3.960918E-003
   9.700000E+002   3.958523E-003
   9.710000E+002   3.956640E-003
   9.720000E+002   3.955263E-003
   9.730000E+002   3.954385E-003
   9.740000E+002   3.953999E-003
   9.750000E+002   3.954097E-003
   9.760000E+002   3.954673E-003
   9.770000E+002   3.955719E-003
   9.780000E+002   3.957228E-003
   9.790000E+002   3.959194E-003
   9.800000E+002   3.961609E-003
   9.810000E+002   3.964466E-003
   9.820000E+002   3.967757E-003
   9.830000E+002   3.971477E-003
   9.840000E+002   3.975617E-003
   9.850000E+002   3.980171E-003
   9.860000E+002   3.985132E-003
   9.870000E+002   3.990492E-003
   9.880000E+002   3.996244E-003
   9.890000E+002   4.002382E-003
   9.900000E+002   4.008898E-003
   9.910000E+002   4.015785E-003
   9.920000E+002   4.023035E-003
   9.930000E+002   4.030643E-003
   9.940000E+002   4.038601E-003
   9.950000E+002   4.046901E-003
   9.960000E+002   4.055537E-003
   9.970000E+002   4.064501E-003
   9.980000E+002   4.073787E-003
   9.990000E+002   4.083387E-003
   1.000000E+003   4.093294E-003
   1.001000E+003   4.103501E-003
   1.002000E+003   4.113997E-003
   1.003000E+003   4.124772E-003
   1.004000E+003   4.135814E-003
   1.005000E+003   4.147113E-003
   1.006000E+003   4.158659E-003
   1.007000E+003   4.170440E-003
   1.008000E+003   4.182445E-003
   1.009000E+003   4.194664E-003
   1.010000E+003   4.207086E-003
   1.011000E+003   4.219700E-003
   1.012000E+003   4.232496E-003
   1.013000E+003   4.245462E-003
   1.014000E+003   4.258588E-003
   1.015000E+003   4.271863E-003
   1.016000E+003   4.285276E-003
   1.017000E+003   4.298816E-003
   1.018000E+003   4.312474E-003
   1.019000E+003   4.326236E-003
   1.020000E+003   4.340094E-003
   1.021000E+003   4.354036E-003
   1.022000E+003   4.368052E-003
   1.023000E+003   4.382130E-003
   1.024000E+003   4.396260E-003
   1.025000E+003   4.410431E-003
   1.026000E+003   4.424632E-003
   1.027000E+003   4.438853E-003
   1.028000E+003   4.453082E-003
   1.029000E+003   4.467309E-003
   1.030000E+003   4.481524E-003
   1.031000E+003   4.495714E-003
   1.032000E+003   4.509870E-003
   1.033000E+003   4.523980E-003
   1.034000E+003   4.538035E-003
   1.035000E+003   4.552022E-003
   1.036000E+003   4.565932E-003
   1.037000E+003   4.579753E-003
   1.038000E+003   4.593475E-003
   1.039000E+003   4.607087E-003
   1.040000E+003   4.620578E-003
   1.041000E+003   4.633937E-003
   1.042000E+003   4.647154E-003
   1.043000E+003   4.660217E-003
   1.044000E+003   4.673116E-003
   1.045000E+003   4.685841E-003
   1.046000E+003   4.698379E-003
   1.047000E+003   4.710722E-003
   1.048000E+003   4.722856E-003
   1.049000E+003   4.734773E-003
   1.050000E+003   4.746461E-003
   1.051000E+003   4.757911E-003
   1.052000E+003   4.769117E-003
   1.053000E+003   4.780075E-003
   1.054000E+003   4.790782E-003
   1.055000E+003   4.801234E-003
   1.056000E+003   4.811426E-003
   1.057000E+003   4.821356E-003
   1.058000E+003   4.831018E-003
   1.059000E+003   4.840409E-003
   1.060000E+003   4.849526E-003
   1.061000E+003   4.858364E-003
   1.062000E+003   4.866919E-003
   1.063000E+003   4.875187E-003
   1.064000E+003   4.883165E-003
   1.065000E+003   4.890848E-003
   1.066000E+003   4.898233E-003
   1.067000E+003   4.905316E-003
   1.068000E+003   4.912093E-003
   1.069000E+003   4.918559E-003
   1.070000E+003   4.924712E-003
   1.071000E+003   4.930547E-003
   1.072000E+003   4.936059E-003
   1.073000E+003   4.941247E-003
   1.074000E+003   4.946104E-003
   1.075000E+003   4.950628E-003
   1.076000E+003   4.954814E-003
   1.077000E+003   4.958659E-003
   1.078000E+003   4.962159E-003
   1.079000E+003   4.965310E-003
   1.080000E+003   4.968107E-003
   1.081000E+003   4.970548E-003
   1.082000E+003   4.972627E-003
   1.083000E+003   4.974342E-003
   1.084000E+003   4.975688E-003
   1.085000E+003   4.976661E-003
   1.086000E+003   4.977257E-003
   1.087000E+003   4.977473E-003
   1.088000E+003   4.977305E-003
   1.089000E+003   4.976748E-003
   1.090000E+003   4.975799E-003
   1.091000E+003   4.974454E-003
   1.092000E+003   4.972709E-003
   1.093000E+003   4.970560E-003
   1.094000E+003   4.968003E-003
   1.095000E+003   4.965034E-003
   1.096000E+003   4.961650E-003
   1.097000E+003   4.957846E-003
   1.098000E+003   4.953618E-003
   1.099000E+003   4.948963E-003
   1.100000E+003   4.943876E-003
   1.101000E+003   4.938356E-003
   1.102000E+003   4.932408E-003
   1.103000E+003   4.926038E-003
   1.104000E+003   4.919253E-003
   1.105000E+003   4.912060E-003
   1.106000E+003   4.904467E-003
   1.107000E+003   4.896479E-003
   1.108000E+003   4.888103E-003
   1.109000E+003   4.879347E-003
   1.110000E+003   4.870218E-003
   1.111000E+003   4.860721E-003
   1.112000E+003   4.850865E-003
   1.113000E+003   4.840655E-003
   1.114000E+003   4.830099E-003
   1.115000E+003   4.819203E-003
   1.116000E+003   4.807975E-003
   1.117000E+003   4.796421E-003
   1.118000E+003   4.784548E-003
   1.119000E+003   4.772363E-003
   1.120000E+003   4.759873E-003
   1.121000E+003   4.747084E-003
   1.122000E+003   4.734003E-003
   1.123000E+003   4.720638E-003
   1.124000E+003   4.706995E-003
   1.125000E+003   4.693080E-003
   1.126000E+003   4.678902E-003
   1.127000E+003   4.664466E-003
   1.128000E+003   4.649779E-003
   1.129000E+003   4.634849E-003
   1.130000E+003   4.619682E-003
   1.131000E+003   4.604285E-003
   1.132000E+003   4.588664E-003
   1.133000E+003   4.572828E-003
   1.134000E+003   4.556781E-003
   1.135000E+003   4.540532E-003
   1.136000E+003   4.524088E-003
   1.137000E+003   4.507454E-003
   1.138000E+003   4.490638E-003
   1.139000E+003   4.473647E-003
   1.140000E+003   4.456487E-003
   1.141000E+003   4.439165E-003
   1.142000E+003   4.421689E-003
   1.143000E+003   4.404065E-003
   1.144000E+003   4.386300E-003
   1.145000E+003   4.368400E-003
   1.146000E+003   4.350373E-003
   1.147000E+003   4.332226E-003
   1.148000E+003   4.313965E-003
   1.149000E+003   4.295596E-003
   1.150000E+003   4.277128E-003
   1.151000E+003   4.258566E-003
   1.152000E+003   4.239912E-003
   1.153000E+003   4.221169E-003
   1.154000E+003   4.202338E-003
   1.155000E+003   4.183422E-003
   1.156000E+003   4.164421E-003
   1.157000E+003   4.145339E-003
   1.158000E+003   4.126176E-003
   1.159000E+003   4.106935E-003
   1.160000E+003   4.087618E-003
   1.161000E+003   4.068226E-003
   1.162000E+003   4.048761E-003
   1.163000E+003   4.029225E-003
   1.164000E+003   4.009621E-003
   1.165000E+003   3.989949E-003
   1.166000E+003   3.970212E-003
   1.167000E+003   3.950412E-003
   1.168000E+003   3.930550E-003
   1.169000E+003   3.910628E-003
   1.170000E+003   3.890649E-003
   1.171000E+003   3.870614E-003
   1.172000E+003   3.850524E-003
   1.173000E+003   3.830383E-003
   1.174000E+003   3.810191E-003
   1.175000E+003   3.789951E-003
   1.176000E+003   3.769664E-003
   1.177000E+003   3.749332E-003
   1.178000E+003   3.728957E-003
   1.179000E+003   3.708542E-003
   1.180000E+003   3.688087E-003
   1.181000E+003   3.667595E-003
   1.182000E+003   3.647067E-003
   1.183000E+003   3.626506E-003
   1.184000E+003   3.605914E-003
   1.185000E+003   3.585291E-003
   1.186000E+003   3.564640E-003
   1.187000E+003   3.543964E-003
   1.188000E+003   3.523263E-003
   1.189000E+003   3.502540E-003
   1.190000E+003   3.481796E-003
   1.191000E+003   3.461033E-003
   1.192000E+003   3.440254E-003
   1.193000E+003   3.419460E-003
   1.194000E+003   3.398653E-003
   1.195000E+003   3.377835E-003
   1.196000E+003   3.357007E-003
   1.197000E+003   3.336172E-003
   1.198000E+003   3.315331E-003
   1.199000E+003   3.294487E-003
   1.200000E+003   3.273640E-003
