   1.000000E+000   1.827586E-002
   2.000000E+000   2.284431E-002
   3.000000E+000   2.741275E-002
   4.000000E+000   2.761954E-002
   5.000000E+000   2.717477E-002
   6.000000E+000   2.700459E-002
   7.000000E+000   2.682583E-002
   8.000000E+000   2.664028E-002
   9.000000E+000   2.650322E-002
   1.000000E+001   2.639895E-002
   1.100000E+001   2.630033E-002
   1.200000E+001   2.620541E-002
   1.300000E+001   2.611726E-002
   1.400000E+001   2.603404E-002
   1.500000E+001   2.595269E-002
   1.600000E+001   2.587059E-002
   1.700000E+001   2.578702E-002
   1.800000E+001   2.570172E-002
   1.900000E+001   2.561443E-002
   2.000000E+001   2.552488E-002
   2.100000E+001   2.543290E-002
   2.200000E+001   2.533855E-002
   2.300000E+001   2.524198E-002
   2.400000E+001   2.514334E-002
   2.500000E+001   2.504279E-002
   2.600000E+001   2.494046E-002
   2.700000E+001   2.483650E-002
   2.800000E+001   2.473106E-002
   2.900000E+001   2.462429E-002
   3.000000E+001   2.451633E-002
   3.100000E+001   2.440735E-002
   3.200000E+001   2.429753E-002
   3.300000E+001   2.418710E-002
   3.400000E+001   2.407627E-002
   3.500000E+001   2.396524E-002
   3.600000E+001   2.385422E-002
   3.700000E+001   2.374343E-002
   3.800000E+001   2.363308E-002
   3.900000E+001   2.352338E-002
   4.000000E+001   2.341453E-002
   4.100000E+001   2.330676E-002
   4.200000E+001   2.320026E-002
   4.300000E+001   2.309525E-002
   4.400000E+001   2.299194E-002
   4.500000E+001   2.289053E-002
   4.600000E+001   2.279125E-002
   4.700000E+001   2.269428E-002
   4.800000E+001   2.259985E-002
   4.900000E+001   2.250816E-002
   5.000000E+001   2.241943E-002
   5.100000E+001   2.233385E-002
   5.200000E+001   2.225160E-002
   5.300000E+001   2.217285E-002
   5.400000E+001   2.209775E-002
   5.500000E+001   2.202648E-002
   5.600000E+001   2.195921E-002
   5.700000E+001   2.189609E-002
   5.800000E+001   2.183730E-002
   5.900000E+001   2.178300E-002
   6.000000E+001   2.173336E-002
   6.100000E+001   2.168854E-002
   6.200000E+001   2.164867E-002
   6.300000E+001   2.161387E-002
   6.400000E+001   2.158427E-002
   6.500000E+001   2.156000E-002
   6.600000E+001   2.154118E-002
   6.700000E+001   2.152793E-002
   6.800000E+001   2.152038E-002
   6.900000E+001   2.151865E-002
   7.000000E+001   2.152288E-002
   7.100000E+001   2.153317E-002
   7.200000E+001   2.154962E-002
   7.300000E+001   2.157230E-002
   7.400000E+001   2.160129E-002
   7.500000E+001   2.163667E-002
   7.600000E+001   2.167852E-002
   7.700000E+001   2.172692E-002
   7.800000E+001   2.178195E-002
   7.900000E+001   2.184368E-002
   8.000000E+001   2.191220E-002
   8.100000E+001   2.198757E-002
   8.200000E+001   2.206984E-002
   8.300000E+001   2.215902E-002
   8.400000E+001   2.225514E-002
   8.500000E+001   2.235824E-002
   8.600000E+001   2.246833E-002
   8.700000E+001   2.258545E-002
   8.800000E+001   2.270961E-002
   8.900000E+001   2.284086E-002
   9.000000E+001   2.297921E-002
   9.100000E+001   2.312468E-002
   9.200000E+001   2.327727E-002
   9.300000E+001   2.343696E-002
   9.400000E+001   2.360374E-002
   9.500000E+001   2.377760E-002
   9.600000E+001   2.395852E-002
   9.700000E+001   2.414649E-002
   9.800000E+001   2.434149E-002
   9.900000E+001   2.454351E-002
   1.000000E+002   2.475254E-002
   1.010000E+002   2.496855E-002
   1.020000E+002   2.519147E-002
   1.030000E+002   2.542122E-002
   1.040000E+002   2.565773E-002
   1.050000E+002   2.590090E-002
   1.060000E+002   2.615067E-002
   1.070000E+002   2.640696E-002
   1.080000E+002   2.666967E-002
   1.090000E+002   2.693874E-002
   1.100000E+002   2.721407E-002
   1.110000E+002   2.749560E-002
   1.120000E+002   2.778325E-002
   1.130000E+002   2.807692E-002
   1.140000E+002   2.837654E-002
   1.150000E+002   2.868204E-002
   1.160000E+002   2.899333E-002
   1.170000E+002   2.931033E-002
   1.180000E+002   2.963296E-002
   1.190000E+002   2.996114E-002
   1.200000E+002   3.029479E-002
   1.210000E+002   3.063382E-002
   1.220000E+002   3.097809E-002
   1.230000E+002   3.132744E-002
   1.240000E+002   3.168172E-002
   1.250000E+002   3.204077E-002
   1.260000E+002   3.240445E-002
   1.270000E+002   3.277259E-002
   1.280000E+002   3.314504E-002
   1.290000E+002   3.352165E-002
   1.300000E+002   3.390227E-002
   1.310000E+002   3.428673E-002
   1.320000E+002   3.467489E-002
   1.330000E+002   3.506660E-002
   1.340000E+002   3.546169E-002
   1.350000E+002   3.586001E-002
   1.360000E+002   3.626141E-002
   1.370000E+002   3.666574E-002
   1.380000E+002   3.707284E-002
   1.390000E+002   3.748256E-002
   1.400000E+002   3.789474E-002
   1.410000E+002   3.830923E-002
   1.420000E+002   3.872584E-002
   1.430000E+002   3.914441E-002
   1.440000E+002   3.956475E-002
   1.450000E+002   3.998668E-002
   1.460000E+002   4.041003E-002
   1.470000E+002   4.083462E-002
   1.480000E+002   4.126026E-002
   1.490000E+002   4.168679E-002
   1.500000E+002   4.211402E-002
   1.510000E+002   4.254177E-002
   1.520000E+002   4.296986E-002
   1.530000E+002   4.339812E-002
   1.540000E+002   4.382637E-002
   1.550000E+002   4.425442E-002
   1.560000E+002   4.468210E-002
   1.570000E+002   4.510924E-002
   1.580000E+002   4.553565E-002
   1.590000E+002   4.596115E-002
   1.600000E+002   4.638556E-002
   1.610000E+002   4.680872E-002
   1.620000E+002   4.723045E-002
   1.630000E+002   4.765058E-002
   1.640000E+002   4.806896E-002
   1.650000E+002   4.848541E-002
   1.660000E+002   4.889977E-002
   1.670000E+002   4.931189E-002
   1.680000E+002   4.972159E-002
   1.690000E+002   5.012870E-002
   1.700000E+002   5.053307E-002
   1.710000E+002   5.093453E-002
   1.720000E+002   5.133291E-002
   1.730000E+002   5.172805E-002
   1.740000E+002   5.211978E-002
   1.750000E+002   5.250794E-002
   1.760000E+002   5.289237E-002
   1.770000E+002   5.327290E-002
   1.780000E+002   5.364936E-002
   1.790000E+002   5.402160E-002
   1.800000E+002   5.438944E-002
   1.810000E+002   5.475272E-002
   1.820000E+002   5.511132E-002
   1.830000E+002   5.546509E-002
   1.840000E+002   5.581391E-002
   1.850000E+002   5.615765E-002
   1.860000E+002   5.649617E-002
   1.870000E+002   5.682935E-002
   1.880000E+002   5.715705E-002
   1.890000E+002   5.747914E-002
   1.900000E+002   5.779550E-002
   1.910000E+002   5.810598E-002
   1.920000E+002   5.841046E-002
   1.930000E+002   5.870881E-002
   1.940000E+002   5.900090E-002
   1.950000E+002   5.928659E-002
   1.960000E+002   5.956576E-002
   1.970000E+002   5.983827E-002
   1.980000E+002   6.010400E-002
   1.990000E+002   6.036280E-002
   2.000000E+002   6.061456E-002
   2.010000E+002   6.085915E-002
   2.020000E+002   6.109650E-002
   2.030000E+002   6.132655E-002
   2.040000E+002   6.154926E-002
   2.050000E+002   6.176457E-002
   2.060000E+002   6.197241E-002
   2.070000E+002   6.217274E-002
   2.080000E+002   6.236549E-002
   2.090000E+002   6.255062E-002
   2.100000E+002   6.272806E-002
   2.110000E+002   6.289776E-002
   2.120000E+002   6.305966E-002
   2.130000E+002   6.321371E-002
   2.140000E+002   6.335986E-002
   2.150000E+002   6.349803E-002
   2.160000E+002   6.362819E-002
   2.170000E+002   6.375027E-002
   2.180000E+002   6.386421E-002
   2.190000E+002   6.396997E-002
   2.200000E+002   6.406748E-002
   2.210000E+002   6.415670E-002
   2.220000E+002   6.423755E-002
   2.230000E+002   6.430999E-002
   2.240000E+002   6.437397E-002
   2.250000E+002   6.442941E-002
   2.260000E+002   6.447630E-002
   2.270000E+002   6.451465E-002
   2.280000E+002   6.454451E-002
   2.290000E+002   6.456593E-002
   2.300000E+002   6.457895E-002
   2.310000E+002   6.458362E-002
   2.320000E+002   6.457999E-002
   2.330000E+002   6.456809E-002
   2.340000E+002   6.454799E-002
   2.350000E+002   6.451972E-002
   2.360000E+002   6.448333E-002
   2.370000E+002   6.443886E-002
   2.380000E+002   6.438637E-002
   2.390000E+002   6.432589E-002
   2.400000E+002   6.425748E-002
   2.410000E+002   6.418118E-002
   2.420000E+002   6.409704E-002
   2.430000E+002   6.400510E-002
   2.440000E+002   6.390540E-002
   2.450000E+002   6.379800E-002
   2.460000E+002   6.368294E-002
   2.470000E+002   6.356027E-002
   2.480000E+002   6.343003E-002
   2.490000E+002   6.329227E-002
   2.500000E+002   6.314703E-002
   2.510000E+002   6.299438E-002
   2.520000E+002   6.283440E-002
   2.530000E+002   6.266721E-002
   2.540000E+002   6.249291E-002
   2.550000E+002   6.231161E-002
   2.560000E+002   6.212341E-002
   2.570000E+002   6.192843E-002
   2.580000E+002   6.172676E-002
   2.590000E+002   6.151852E-002
   2.600000E+002   6.130382E-002
   2.610000E+002   6.108276E-002
   2.620000E+002   6.085544E-002
   2.630000E+002   6.062198E-002
   2.640000E+002   6.038247E-002
   2.650000E+002   6.013704E-002
   2.660000E+002   5.988578E-002
   2.670000E+002   5.962880E-002
   2.680000E+002   5.936622E-002
   2.690000E+002   5.909812E-002
   2.700000E+002   5.882463E-002
   2.710000E+002   5.854585E-002
   2.720000E+002   5.826189E-002
   2.730000E+002   5.797285E-002
   2.740000E+002   5.767884E-002
   2.750000E+002   5.737997E-002
   2.760000E+002   5.707635E-002
   2.770000E+002   5.676814E-002
   2.780000E+002   5.645549E-002
   2.790000E+002   5.613857E-002
   2.800000E+002   5.581754E-002
   2.810000E+002   5.549255E-002
   2.820000E+002   5.516377E-002
   2.830000E+002   5.483137E-002
   2.840000E+002   5.449549E-002
   2.850000E+002   5.415630E-002
   2.860000E+002   5.381397E-002
   2.870000E+002   5.346865E-002
   2.880000E+002   5.312050E-002
   2.890000E+002   5.276969E-002
   2.900000E+002   5.241637E-002
   2.910000E+002   5.206070E-002
   2.920000E+002   5.170286E-002
   2.930000E+002   5.134299E-002
   2.940000E+002   5.098125E-002
   2.950000E+002   5.061782E-002
   2.960000E+002   5.025285E-002
   2.970000E+002   4.988649E-002
   2.980000E+002   4.951892E-002
   2.990000E+002   4.915028E-002
   3.000000E+002   4.878075E-002
   3.010000E+002   4.841048E-002
   3.020000E+002   4.803960E-002
   3.030000E+002   4.766824E-002
   3.040000E+002   4.729654E-002
   3.050000E+002   4.692461E-002
   3.060000E+002   4.655260E-002
   3.070000E+002   4.618063E-002
   3.080000E+002   4.580882E-002
   3.090000E+002   4.543732E-002
   3.100000E+002   4.506624E-002
   3.110000E+002   4.469573E-002
   3.120000E+002   4.432590E-002
   3.130000E+002   4.395689E-002
   3.140000E+002   4.358883E-002
   3.150000E+002   4.322184E-002
   3.160000E+002   4.285607E-002
   3.170000E+002   4.249162E-002
   3.180000E+002   4.212865E-002
   3.190000E+002   4.176727E-002
   3.200000E+002   4.140761E-002
   3.210000E+002   4.104981E-002
   3.220000E+002   4.069399E-002
   3.230000E+002   4.034029E-002
   3.240000E+002   3.998883E-002
   3.250000E+002   3.963974E-002
   3.260000E+002   3.929316E-002
   3.270000E+002   3.894921E-002
   3.280000E+002   3.860802E-002
   3.290000E+002   3.826972E-002
   3.300000E+002   3.793444E-002
   3.310000E+002   3.760231E-002
   3.320000E+002   3.727346E-002
   3.330000E+002   3.694802E-002
   3.340000E+002   3.662612E-002
   3.350000E+002   3.630789E-002
   3.360000E+002   3.599346E-002
   3.370000E+002   3.568296E-002
   3.380000E+002   3.537651E-002
   3.390000E+002   3.507425E-002
   3.400000E+002   3.477631E-002
   3.410000E+002   3.448281E-002
   3.420000E+002   3.419389E-002
   3.430000E+002   3.390967E-002
   3.440000E+002   3.363029E-002
   3.450000E+002   3.335587E-002
   3.460000E+002   3.308655E-002
   3.470000E+002   3.282245E-002
   3.480000E+002   3.256371E-002
   3.490000E+002   3.231044E-002
   3.500000E+002   3.206279E-002
   3.510000E+002   3.182086E-002
   3.520000E+002   3.158467E-002
   3.530000E+002   3.135422E-002
   3.540000E+002   3.112949E-002
   3.550000E+002   3.091050E-002
   3.560000E+002   3.069723E-002
   3.570000E+002   3.048969E-002
   3.580000E+002   3.028786E-002
   3.590000E+002   3.009175E-002
   3.600000E+002   2.990136E-002
   3.610000E+002   2.971667E-002
   3.620000E+002   2.953770E-002
   3.630000E+002   2.936442E-002
   3.640000E+002   2.919685E-002
   3.650000E+002   2.903498E-002
   3.660000E+002   2.887880E-002
   3.670000E+002   2.872831E-002
   3.680000E+002   2.858351E-002
   3.690000E+002   2.844439E-002
   3.700000E+002   2.831096E-002
   3.710000E+002   2.818320E-002
   3.720000E+002   2.806112E-002
   3.730000E+002   2.794472E-002
   3.740000E+002   2.783398E-002
   3.750000E+002   2.772891E-002
   3.760000E+002   2.762950E-002
   3.770000E+002   2.753575E-002
   3.780000E+002   2.744765E-002
   3.790000E+002   2.736521E-002
   3.800000E+002   2.728842E-002
   3.810000E+002   2.721728E-002
   3.820000E+002   2.715178E-002
   3.830000E+002   2.709192E-002
   3.840000E+002   2.703770E-002
   3.850000E+002   2.698911E-002
   3.860000E+002   2.694616E-002
   3.870000E+002   2.690883E-002
   3.880000E+002   2.687713E-002
   3.890000E+002   2.685105E-002
   3.900000E+002   2.683059E-002
   3.910000E+002   2.681574E-002
   3.920000E+002   2.680650E-002
   3.930000E+002   2.680288E-002
   3.940000E+002   2.680486E-002
   3.950000E+002   2.681244E-002
   3.960000E+002   2.682562E-002
   3.970000E+002   2.684440E-002
   3.980000E+002   2.686877E-002
   3.990000E+002   2.689873E-002
   4.000000E+002   2.693428E-002
   4.010000E+002   2.697539E-002
   4.020000E+002   2.702198E-002
   4.030000E+002   2.707393E-002
   4.040000E+002   2.713114E-002
   4.050000E+002   2.719350E-002
   4.060000E+002   2.726090E-002
   4.070000E+002   2.733322E-002
   4.080000E+002   2.741036E-002
   4.090000E+002   2.749222E-002
   4.100000E+002   2.757868E-002
   4.110000E+002   2.766963E-002
   4.120000E+002   2.776496E-002
   4.130000E+002   2.786457E-002
   4.140000E+002   2.796834E-002
   4.150000E+002   2.807617E-002
   4.160000E+002   2.818795E-002
   4.170000E+002   2.830356E-002
   4.180000E+002   2.842290E-002
   4.190000E+002   2.854587E-002
   4.200000E+002   2.867234E-002
   4.210000E+002   2.880222E-002
   4.220000E+002   2.893539E-002
   4.230000E+002   2.907174E-002
   4.240000E+002   2.921116E-002
   4.250000E+002   2.935356E-002
   4.260000E+002   2.949880E-002
   4.270000E+002   2.964680E-002
   4.280000E+002   2.979743E-002
   4.290000E+002   2.995059E-002
   4.300000E+002   3.010617E-002
   4.310000E+002   3.026407E-002
   4.320000E+002   3.042416E-002
   4.330000E+002   3.058635E-002
   4.340000E+002   3.075052E-002
   4.350000E+002   3.091656E-002
   4.360000E+002   3.108437E-002
   4.370000E+002   3.125384E-002
   4.380000E+002   3.142485E-002
   4.390000E+002   3.159730E-002
   4.400000E+002   3.177108E-002
   4.410000E+002   3.194608E-002
   4.420000E+002   3.212219E-002
   4.430000E+002   3.229930E-002
   4.440000E+002   3.247730E-002
   4.450000E+002   3.265609E-002
   4.460000E+002   3.283555E-002
   4.470000E+002   3.301558E-002
   4.480000E+002   3.319606E-002
   4.490000E+002   3.337689E-002
   4.500000E+002   3.355796E-002
   4.510000E+002   3.373916E-002
   4.520000E+002   3.392040E-002
   4.530000E+002   3.410160E-002
   4.540000E+002   3.428266E-002
   4.550000E+002   3.446352E-002
   4.560000E+002   3.464406E-002
   4.570000E+002   3.482422E-002
   4.580000E+002   3.500391E-002
   4.590000E+002   3.518303E-002
   4.600000E+002   3.536150E-002
   4.610000E+002   3.553923E-002
   4.620000E+002   3.571615E-002
   4.630000E+002   3.589216E-002
   4.640000E+002   3.606717E-002
   4.650000E+002   3.624110E-002
   4.660000E+002   3.641387E-002
   4.670000E+002   3.658538E-002
   4.680000E+002   3.675555E-002
   4.690000E+002   3.692430E-002
   4.700000E+002   3.709153E-002
   4.710000E+002   3.725717E-002
   4.720000E+002   3.742112E-002
   4.730000E+002   3.758330E-002
   4.740000E+002   3.774362E-002
   4.750000E+002   3.790199E-002
   4.760000E+002   3.805834E-002
   4.770000E+002   3.821257E-002
   4.780000E+002   3.836459E-002
   4.790000E+002   3.851433E-002
   4.800000E+002   3.866169E-002
   4.810000E+002   3.880658E-002
   4.820000E+002   3.894893E-002
   4.830000E+002   3.908864E-002
   4.840000E+002   3.922563E-002
   4.850000E+002   3.935981E-002
   4.860000E+002   3.949110E-002
   4.870000E+002   3.961940E-002
   4.880000E+002   3.974464E-002
   4.890000E+002   3.986673E-002
   4.900000E+002   3.998557E-002
   4.910000E+002   4.010109E-002
   4.920000E+002   4.021319E-002
   4.930000E+002   4.032180E-002
   4.940000E+002   4.042682E-002
   4.950000E+002   4.052817E-002
   4.960000E+002   4.062576E-002
   4.970000E+002   4.071950E-002
   4.980000E+002   4.080932E-002
   4.990000E+002   4.089511E-002
   5.000000E+002   4.097681E-002
   5.010000E+002   4.105433E-002
   5.020000E+002   4.112768E-002
   5.030000E+002   4.119687E-002
   5.040000E+002   4.126194E-002
   5.050000E+002   4.132290E-002
   5.060000E+002   4.137976E-002
   5.070000E+002   4.143255E-002
   5.080000E+002   4.148129E-002
   5.090000E+002   4.152600E-002
   5.100000E+002   4.156669E-002
   5.110000E+002   4.160340E-002
   5.120000E+002   4.163612E-002
   5.130000E+002   4.166490E-002
   5.140000E+002   4.168974E-002
   5.150000E+002   4.171066E-002
   5.160000E+002   4.172769E-002
   5.170000E+002   4.174085E-002
   5.180000E+002   4.175015E-002
   5.190000E+002   4.175561E-002
   5.200000E+002   4.175726E-002
   5.210000E+002   4.175511E-002
   5.220000E+002   4.174919E-002
   5.230000E+002   4.173950E-002
   5.240000E+002   4.172609E-002
   5.250000E+002   4.170895E-002
   5.260000E+002   4.168812E-002
   5.270000E+002   4.166361E-002
   5.280000E+002   4.163544E-002
   5.290000E+002   4.160363E-002
   5.300000E+002   4.156820E-002
   5.310000E+002   4.152917E-002
   5.320000E+002   4.148657E-002
   5.330000E+002   4.144040E-002
   5.340000E+002   4.139070E-002
   5.350000E+002   4.133747E-002
   5.360000E+002   4.128075E-002
   5.370000E+002   4.122054E-002
   5.380000E+002   4.115687E-002
   5.390000E+002   4.108976E-002
   5.400000E+002   4.101923E-002
   5.410000E+002   4.094529E-002
   5.420000E+002   4.086798E-002
   5.430000E+002   4.078730E-002
   5.440000E+002   4.070328E-002
   5.450000E+002   4.061593E-002
   5.460000E+002   4.052528E-002
   5.470000E+002   4.043135E-002
   5.480000E+002   4.033415E-002
   5.490000E+002   4.023371E-002
   5.500000E+002   4.013004E-002
   5.510000E+002   4.002318E-002
   5.520000E+002   3.991320E-002
   5.530000E+002   3.980019E-002
   5.540000E+002   3.968423E-002
   5.550000E+002   3.956541E-002
   5.560000E+002   3.944382E-002
   5.570000E+002   3.931953E-002
   5.580000E+002   3.919265E-002
   5.590000E+002   3.906324E-002
   5.600000E+002   3.893141E-002
   5.610000E+002   3.879723E-002
   5.620000E+002   3.866080E-002
   5.630000E+002   3.852219E-002
   5.640000E+002   3.838149E-002
   5.650000E+002   3.823880E-002
   5.660000E+002   3.809419E-002
   5.670000E+002   3.794775E-002
   5.680000E+002   3.779957E-002
   5.690000E+002   3.764974E-002
   5.700000E+002   3.749833E-002
   5.710000E+002   3.734544E-002
   5.720000E+002   3.719116E-002
   5.730000E+002   3.703556E-002
   5.740000E+002   3.687873E-002
   5.750000E+002   3.672077E-002
   5.760000E+002   3.656175E-002
   5.770000E+002   3.640176E-002
   5.780000E+002   3.624090E-002
   5.790000E+002   3.607923E-002
   5.800000E+002   3.591686E-002
   5.810000E+002   3.575387E-002
   5.820000E+002   3.559034E-002
   5.830000E+002   3.542635E-002
   5.840000E+002   3.526200E-002
   5.850000E+002   3.509738E-002
   5.860000E+002   3.493256E-002
   5.870000E+002   3.476763E-002
   5.880000E+002   3.460268E-002
   5.890000E+002   3.443780E-002
   5.900000E+002   3.427306E-002
   5.910000E+002   3.410857E-002
   5.920000E+002   3.394440E-002
   5.930000E+002   3.378064E-002
   5.940000E+002   3.361737E-002
   5.950000E+002   3.345468E-002
   5.960000E+002   3.329267E-002
   5.970000E+002   3.313140E-002
   5.980000E+002   3.297098E-002
   5.990000E+002   3.281148E-002
   6.000000E+002   3.265299E-002
   6.010000E+002   3.249560E-002
   6.020000E+002   3.233936E-002
   6.030000E+002   3.218432E-002
   6.040000E+002   3.203053E-002
   6.050000E+002   3.187806E-002
   6.060000E+002   3.172695E-002
   6.070000E+002   3.157725E-002
   6.080000E+002   3.142903E-002
   6.090000E+002   3.128232E-002
   6.100000E+002   3.113719E-002
   6.110000E+002   3.099369E-002
   6.120000E+002   3.085186E-002
   6.130000E+002   3.071177E-002
   6.140000E+002   3.057346E-002
   6.150000E+002   3.043700E-002
   6.160000E+002   3.030242E-002
   6.170000E+002   3.016979E-002
   6.180000E+002   3.003916E-002
   6.190000E+002   2.991058E-002
   6.200000E+002   2.978410E-002
   6.210000E+002   2.965978E-002
   6.220000E+002   2.953767E-002
   6.230000E+002   2.941782E-002
   6.240000E+002   2.930028E-002
   6.250000E+002   2.918511E-002
   6.260000E+002   2.907237E-002
   6.270000E+002   2.896210E-002
   6.280000E+002   2.885435E-002
   6.290000E+002   2.874919E-002
   6.300000E+002   2.864665E-002
   6.310000E+002   2.854681E-002
   6.320000E+002   2.844970E-002
   6.330000E+002   2.835538E-002
   6.340000E+002   2.826391E-002
   6.350000E+002   2.817534E-002
   6.360000E+002   2.808971E-002
   6.370000E+002   2.800709E-002
   6.380000E+002   2.792753E-002
   6.390000E+002   2.785107E-002
   6.400000E+002   2.777778E-002
   6.410000E+002   2.770770E-002
   6.420000E+002   2.764089E-002
   6.430000E+002   2.757740E-002
   6.440000E+002   2.751728E-002
   6.450000E+002   2.746059E-002
   6.460000E+002   2.740739E-002
   6.470000E+002   2.735771E-002
   6.480000E+002   2.731162E-002
   6.490000E+002   2.726916E-002
   6.500000E+002   2.723040E-002
   6.510000E+002   2.719537E-002
   6.520000E+002   2.716405E-002
   6.530000E+002   2.713640E-002
   6.540000E+002   2.711240E-002
   6.550000E+002   2.709200E-002
   6.560000E+002   2.707518E-002
   6.570000E+002   2.706189E-002
   6.580000E+002   2.705211E-002
   6.590000E+002   2.704580E-002
   6.600000E+002   2.704293E-002
   6.610000E+002   2.704346E-002
   6.620000E+002   2.704735E-002
   6.630000E+002   2.705458E-002
   6.640000E+002   2.706511E-002
   6.650000E+002   2.707891E-002
   6.660000E+002   2.709594E-002
   6.670000E+002   2.711616E-002
   6.680000E+002   2.713954E-002
   6.690000E+002   2.716606E-002
   6.700000E+002   2.719567E-002
   6.710000E+002   2.722834E-002
   6.720000E+002   2.726403E-002
   6.730000E+002   2.730272E-002
   6.740000E+002   2.734436E-002
   6.750000E+002   2.738893E-002
   6.760000E+002   2.743638E-002
   6.770000E+002   2.748669E-002
   6.780000E+002   2.753982E-002
   6.790000E+002   2.759574E-002
   6.800000E+002   2.765441E-002
   6.810000E+002   2.771580E-002
   6.820000E+002   2.777987E-002
   6.830000E+002   2.784659E-002
   6.840000E+002   2.791592E-002
   6.850000E+002   2.798784E-002
   6.860000E+002   2.806230E-002
   6.870000E+002   2.813928E-002
   6.880000E+002   2.821873E-002
   6.890000E+002   2.830063E-002
   6.900000E+002   2.838494E-002
   6.910000E+002   2.847162E-002
   6.920000E+002   2.856065E-002
   6.930000E+002   2.865198E-002
   6.940000E+002   2.874558E-002
   6.950000E+002   2.884143E-002
   6.960000E+002   2.893948E-002
   6.970000E+002   2.903970E-002
   6.980000E+002   2.914205E-002
   6.990000E+002   2.924651E-002
   7.000000E+002   2.935304E-002
   7.010000E+002   2.946159E-002
   7.020000E+002   2.957210E-002
   7.030000E+002   2.968450E-002
   7.040000E+002   2.979871E-002
   7.050000E+002   2.991465E-002
   7.060000E+002   3.003226E-002
   7.070000E+002   3.015145E-002
   7.080000E+002   3.027215E-002
   7.090000E+002   3.039430E-002
   7.100000E+002   3.051781E-002
   7.110000E+002   3.064260E-002
   7.120000E+002   3.076862E-002
   7.130000E+002   3.089577E-002
   7.140000E+002   3.102399E-002
   7.150000E+002   3.115320E-002
   7.160000E+002   3.128333E-002
   7.170000E+002   3.141431E-002
   7.180000E+002   3.154605E-002
   7.190000E+002   3.167849E-002
   7.200000E+002   3.181154E-002
   7.210000E+002   3.194515E-002
   7.220000E+002   3.207922E-002
   7.230000E+002   3.221369E-002
   7.240000E+002   3.234849E-002
   7.250000E+002   3.248353E-002
   7.260000E+002   3.261875E-002
   7.270000E+002   3.275406E-002
   7.280000E+002   3.288940E-002
   7.290000E+002   3.302470E-002
   7.300000E+002   3.315986E-002
   7.310000E+002   3.329483E-002
   7.320000E+002   3.342953E-002
   7.330000E+002   3.356388E-002
   7.340000E+002   3.369781E-002
   7.350000E+002   3.383124E-002
   7.360000E+002   3.396411E-002
   7.370000E+002   3.409633E-002
   7.380000E+002   3.422783E-002
   7.390000E+002   3.435853E-002
   7.400000E+002   3.448837E-002
   7.410000E+002   3.461727E-002
   7.420000E+002   3.474515E-002
   7.430000E+002   3.487194E-002
   7.440000E+002   3.499757E-002
   7.450000E+002   3.512195E-002
   7.460000E+002   3.524502E-002
   7.470000E+002   3.536671E-002
   7.480000E+002   3.548693E-002
   7.490000E+002   3.560561E-002
   7.500000E+002   3.572268E-002
   7.510000E+002   3.583807E-002
   7.520000E+002   3.595174E-002
   7.530000E+002   3.606364E-002
   7.540000E+002   3.617374E-002
   7.550000E+002   3.628199E-002
   7.560000E+002   3.638836E-002
   7.570000E+002   3.649281E-002
   7.580000E+002   3.659530E-002
   7.590000E+002   3.669579E-002
   7.600000E+002   3.679424E-002
   7.610000E+002   3.689061E-002
   7.620000E+002   3.698486E-002
   7.630000E+002   3.707695E-002
   7.640000E+002   3.716684E-002
   7.650000E+002   3.725450E-002
   7.660000E+002   3.733988E-002
   7.670000E+002   3.742295E-002
   7.680000E+002   3.750366E-002
   7.690000E+002   3.758198E-002
   7.700000E+002   3.765786E-002
   7.710000E+002   3.773128E-002
   7.720000E+002   3.780218E-002
   7.730000E+002   3.787052E-002
   7.740000E+002   3.793628E-002
   7.750000E+002   3.799941E-002
   7.760000E+002   3.805987E-002
   7.770000E+002   3.811761E-002
   7.780000E+002   3.817261E-002
   7.790000E+002   3.822483E-002
   7.800000E+002   3.827421E-002
   7.810000E+002   3.832073E-002
   7.820000E+002   3.836435E-002
   7.830000E+002   3.840502E-002
   7.840000E+002   3.844270E-002
   7.850000E+002   3.847737E-002
   7.860000E+002   3.850896E-002
   7.870000E+002   3.853746E-002
   7.880000E+002   3.856282E-002
   7.890000E+002   3.858499E-002
   7.900000E+002   3.860395E-002
   7.910000E+002   3.861964E-002
   7.920000E+002   3.863203E-002
   7.930000E+002   3.864109E-002
   7.940000E+002   3.864677E-002
   7.950000E+002   3.864903E-002
   7.960000E+002   3.864784E-002
   7.970000E+002   3.864315E-002
   7.980000E+002   3.863493E-002
   7.990000E+002   3.862313E-002
   8.000000E+002   3.860772E-002
   8.010000E+002   3.858866E-002
   8.020000E+002   3.856599E-002
   8.030000E+002   3.853974E-002
   8.040000E+002   3.850995E-002
   8.050000E+002   3.847665E-002
   8.060000E+002   3.843988E-002
   8.070000E+002   3.839967E-002
   8.080000E+002   3.835607E-002
   8.090000E+002   3.830911E-002
   8.100000E+002   3.825882E-002
   8.110000E+002   3.820524E-002
   8.120000E+002   3.814841E-002
   8.130000E+002   3.808837E-002
   8.140000E+002   3.802514E-002
   8.150000E+002   3.795878E-002
   8.160000E+002   3.788930E-002
   8.170000E+002   3.781676E-002
   8.180000E+002   3.774119E-002
   8.190000E+002   3.766262E-002
   8.200000E+002   3.758108E-002
   8.210000E+002   3.749663E-002
   8.220000E+002   3.740929E-002
   8.230000E+002   3.731909E-002
   8.240000E+002   3.722609E-002
   8.250000E+002   3.713030E-002
   8.260000E+002   3.703177E-002
   8.270000E+002   3.693054E-002
   8.280000E+002   3.682664E-002
   8.290000E+002   3.672011E-002
   8.300000E+002   3.661098E-002
   8.310000E+002   3.649930E-002
   8.320000E+002   3.638509E-002
   8.330000E+002   3.626839E-002
   8.340000E+002   3.614925E-002
   8.350000E+002   3.602769E-002
   8.360000E+002   3.590376E-002
   8.370000E+002   3.577748E-002
   8.380000E+002   3.564890E-002
   8.390000E+002   3.551806E-002
   8.400000E+002   3.538498E-002
   8.410000E+002   3.524971E-002
   8.420000E+002   3.511228E-002
   8.430000E+002   3.497273E-002
   8.440000E+002   3.483110E-002
   8.450000E+002   3.468741E-002
   8.460000E+002   3.454172E-002
   8.470000E+002   3.439405E-002
   8.480000E+002   3.424444E-002
   8.490000E+002   3.409292E-002
   8.500000E+002   3.393954E-002
   8.510000E+002   3.378434E-002
   8.520000E+002   3.362737E-002
   8.530000E+002   3.346870E-002
   8.540000E+002   3.330839E-002
   8.550000E+002   3.314650E-002
   8.560000E+002   3.298310E-002
   8.570000E+002   3.281825E-002
   8.580000E+002   3.265202E-002
   8.590000E+002   3.248447E-002
   8.600000E+002   3.231566E-002
   8.610000E+002   3.214566E-002
   8.620000E+002   3.197453E-002
   8.630000E+002   3.180233E-002
   8.640000E+002   3.162913E-002
   8.650000E+002   3.145499E-002
   8.660000E+002   3.127997E-002
   8.670000E+002   3.110414E-002
   8.680000E+002   3.092756E-002
   8.690000E+002   3.075030E-002
   8.700000E+002   3.057242E-002
   8.710000E+002   3.039398E-002
   8.720000E+002   3.021504E-002
   8.730000E+002   3.003568E-002
   8.740000E+002   2.985595E-002
   8.750000E+002   2.967591E-002
   8.760000E+002   2.949564E-002
   8.770000E+002   2.931519E-002
   8.780000E+002   2.913463E-002
   8.790000E+002   2.895401E-002
   8.800000E+002   2.877342E-002
   8.810000E+002   2.859290E-002
   8.820000E+002   2.841252E-002
   8.830000E+002   2.823235E-002
   8.840000E+002   2.805245E-002
   8.850000E+002   2.787288E-002
   8.860000E+002   2.769371E-002
   8.870000E+002   2.751500E-002
   8.880000E+002   2.733681E-002
   8.890000E+002   2.715921E-002
   8.900000E+002   2.698226E-002
   8.910000E+002   2.680602E-002
   8.920000E+002   2.663057E-002
   8.930000E+002   2.645595E-002
   8.940000E+002   2.628224E-002
   8.950000E+002   2.610950E-002
   8.960000E+002   2.593779E-002
   8.970000E+002   2.576718E-002
   8.980000E+002   2.559772E-002
   8.990000E+002   2.542949E-002
   9.000000E+002   2.526255E-002
   9.010000E+002   2.509695E-002
   9.020000E+002   2.493273E-002
   9.030000E+002   2.476992E-002
   9.040000E+002   2.460855E-002
   9.050000E+002   2.444865E-002
   9.060000E+002   2.429024E-002
   9.070000E+002   2.413336E-002
   9.080000E+002   2.397804E-002
   9.090000E+002   2.382430E-002
   9.100000E+002   2.367218E-002
   9.110000E+002   2.352170E-002
   9.120000E+002   2.337289E-002
   9.130000E+002   2.322578E-002
   9.140000E+002   2.308041E-002
   9.150000E+002   2.293680E-002
   9.160000E+002   2.279497E-002
   9.170000E+002   2.265497E-002
   9.180000E+002   2.251682E-002
   9.190000E+002   2.238054E-002
   9.200000E+002   2.224617E-002
   9.210000E+002   2.211374E-002
   9.220000E+002   2.198328E-002
   9.230000E+002   2.185481E-002
   9.240000E+002   2.172836E-002
   9.250000E+002   2.160397E-002
   9.260000E+002   2.148166E-002
   9.270000E+002   2.136147E-002
   9.280000E+002   2.124342E-002
   9.290000E+002   2.112754E-002
   9.300000E+002   2.101386E-002
   9.310000E+002   2.090241E-002
   9.320000E+002   2.079321E-002
   9.330000E+002   2.068631E-002
   9.340000E+002   2.058173E-002
   9.350000E+002   2.047949E-002
   9.360000E+002   2.037963E-002
   9.370000E+002   2.028218E-002
   9.380000E+002   2.018716E-002
   9.390000E+002   2.009460E-002
   9.400000E+002   2.000454E-002
   9.410000E+002   1.991700E-002
   9.420000E+002   1.983202E-002
   9.430000E+002   1.974962E-002
   9.440000E+002   1.966982E-002
   9.450000E+002   1.959267E-002
   9.460000E+002   1.951819E-002
   9.470000E+002   1.944641E-002
   9.480000E+002   1.937735E-002
   9.490000E+002   1.931106E-002
   9.500000E+002   1.924755E-002
   9.510000E+002   1.918685E-002
   9.520000E+002   1.912893E-002
   9.530000E+002   1.907378E-002
   9.540000E+002   1.902137E-002
   9.550000E+002   1.897166E-002
   9.560000E+002   1.892463E-002
   9.570000E+002   1.888026E-002
   9.580000E+002   1.883851E-002
   9.590000E+002   1.879937E-002
   9.600000E+002   1.876280E-002
   9.610000E+002   1.872877E-002
   9.620000E+002   1.869726E-002
   9.630000E+002   1.866824E-002
   9.640000E+002   1.864169E-002
   9.650000E+002   1.861757E-002
   9.660000E+002   1.859587E-002
   9.670000E+002   1.857655E-002
   9.680000E+002   1.855958E-002
   9.690000E+002   1.854494E-002
   9.700000E+002   1.853261E-002
   9.710000E+002   1.852255E-002
   9.720000E+002   1.851474E-002
   9.730000E+002   1.850915E-002
   9.740000E+002   1.850575E-002
   9.750000E+002   1.850452E-002
   9.760000E+002   1.850543E-002
   9.770000E+002   1.850845E-002
   9.780000E+002   1.851356E-002
   9.790000E+002   1.852073E-002
   9.800000E+002   1.852992E-002
   9.810000E+002   1.854112E-002
   9.820000E+002   1.855430E-002
   9.830000E+002   1.856943E-002
   9.840000E+002   1.858648E-002
   9.850000E+002   1.860543E-002
   9.860000E+002   1.862625E-002
   9.870000E+002   1.864891E-002
   9.880000E+002   1.867338E-002
   9.890000E+002   1.869964E-002
   9.900000E+002   1.872766E-002
   9.910000E+002   1.875742E-002
   9.920000E+002   1.878888E-002
   9.930000E+002   1.882202E-002
   9.940000E+002   1.885682E-002
   9.950000E+002   1.889324E-002
   9.960000E+002   1.893125E-002
   9.970000E+002   1.897084E-002
   9.980000E+002   1.901197E-002
   9.990000E+002   1.905462E-002
   1.000000E+003   1.909876E-002
   1.001000E+003   1.914436E-002
   1.002000E+003   1.919137E-002
   1.003000E+003   1.923975E-002
   1.004000E+003   1.928945E-002
   1.005000E+003   1.934042E-002
   1.006000E+003   1.939260E-002
   1.007000E+003   1.944596E-002
   1.008000E+003   1.950045E-002
   1.009000E+003   1.955601E-002
   1.010000E+003   1.961259E-002
   1.011000E+003   1.967016E-002
   1.012000E+003   1.972865E-002
   1.013000E+003   1.978803E-002
   1.014000E+003   1.984824E-002
   1.015000E+003   1.990923E-002
   1.016000E+003   1.997097E-002
   1.017000E+003   2.003339E-002
   1.018000E+003   2.009645E-002
   1.019000E+003   2.016010E-002
   1.020000E+003   2.022429E-002
   1.021000E+003   2.028898E-002
   1.022000E+003   2.035412E-002
   1.023000E+003   2.041965E-002
   1.024000E+003   2.048553E-002
   1.025000E+003   2.055172E-002
   1.026000E+003   2.061815E-002
   1.027000E+003   2.068479E-002
   1.028000E+003   2.075159E-002
   1.029000E+003   2.081849E-002
   1.030000E+003   2.088545E-002
   1.031000E+003   2.095242E-002
   1.032000E+003   2.101935E-002
   1.033000E+003   2.108620E-002
   1.034000E+003   2.115291E-002
   1.035000E+003   2.121944E-002
   1.036000E+003   2.128574E-002
   1.037000E+003   2.135176E-002
   1.038000E+003   2.141744E-002
   1.039000E+003   2.148276E-002
   1.040000E+003   2.154764E-002
   1.041000E+003   2.161205E-002
   1.042000E+003   2.167594E-002
   1.043000E+003   2.173926E-002
   1.044000E+003   2.180197E-002
   1.045000E+003   2.186400E-002
   1.046000E+003   2.192532E-002
   1.047000E+003   2.198587E-002
   1.048000E+003   2.204561E-002
   1.049000E+003   2.210449E-002
   1.050000E+003   2.216246E-002
   1.051000E+003   2.221947E-002
   1.052000E+003   2.227551E-002
   1.053000E+003   2.233055E-002
   1.054000E+003   2.238456E-002
   1.055000E+003   2.243754E-002
   1.056000E+003   2.248945E-002
   1.057000E+003   2.254028E-002
   1.058000E+003   2.259000E-002
   1.059000E+003   2.263860E-002
   1.060000E+003   2.268605E-002
   1.061000E+003   2.273233E-002
   1.062000E+003   2.277743E-002
   1.063000E+003   2.282131E-002
   1.064000E+003   2.286396E-002
   1.065000E+003   2.290537E-002
   1.066000E+003   2.294549E-002
   1.067000E+003   2.298433E-002
   1.068000E+003   2.302185E-002
   1.069000E+003   2.305804E-002
   1.070000E+003   2.309287E-002
   1.071000E+003   2.312632E-002
   1.072000E+003   2.315837E-002
   1.073000E+003   2.318900E-002
   1.074000E+003   2.321820E-002
   1.075000E+003   2.324593E-002
   1.076000E+003   2.327218E-002
   1.077000E+003   2.329692E-002
   1.078000E+003   2.332014E-002
   1.079000E+003   2.334182E-002
   1.080000E+003   2.336193E-002
   1.081000E+003   2.338045E-002
   1.082000E+003   2.339736E-002
   1.083000E+003   2.341265E-002
   1.084000E+003   2.342628E-002
   1.085000E+003   2.343824E-002
   1.086000E+003   2.344851E-002
   1.087000E+003   2.345707E-002
   1.088000E+003   2.346389E-002
   1.089000E+003   2.346896E-002
   1.090000E+003   2.347225E-002
   1.091000E+003   2.347375E-002
   1.092000E+003   2.347343E-002
   1.093000E+003   2.347126E-002
   1.094000E+003   2.346724E-002
   1.095000E+003   2.346134E-002
   1.096000E+003   2.345353E-002
   1.097000E+003   2.344380E-002
   1.098000E+003   2.343213E-002
   1.099000E+003   2.341849E-002
   1.100000E+003   2.340287E-002
   1.101000E+003   2.338525E-002
   1.102000E+003   2.336565E-002
   1.103000E+003   2.334410E-002
   1.104000E+003   2.332062E-002
   1.105000E+003   2.329526E-002
   1.106000E+003   2.326804E-002
   1.107000E+003   2.323898E-002
   1.108000E+003   2.320811E-002
   1.109000E+003   2.317546E-002
   1.110000E+003   2.314107E-002
   1.111000E+003   2.310496E-002
   1.112000E+003   2.306716E-002
   1.113000E+003   2.302769E-002
   1.114000E+003   2.298659E-002
   1.115000E+003   2.294389E-002
   1.116000E+003   2.289961E-002
   1.117000E+003   2.285378E-002
   1.118000E+003   2.280644E-002
   1.119000E+003   2.275760E-002
   1.120000E+003   2.270731E-002
   1.121000E+003   2.265558E-002
   1.122000E+003   2.260244E-002
   1.123000E+003   2.254793E-002
   1.124000E+003   2.249208E-002
   1.125000E+003   2.243491E-002
   1.126000E+003   2.237645E-002
   1.127000E+003   2.231673E-002
   1.128000E+003   2.225577E-002
   1.129000E+003   2.219362E-002
   1.130000E+003   2.213029E-002
   1.131000E+003   2.206581E-002
   1.132000E+003   2.200022E-002
   1.133000E+003   2.193354E-002
   1.134000E+003   2.186580E-002
   1.135000E+003   2.179704E-002
   1.136000E+003   2.172727E-002
   1.137000E+003   2.165652E-002
   1.138000E+003   2.158484E-002
   1.139000E+003   2.151223E-002
   1.140000E+003   2.143874E-002
   1.141000E+003   2.136439E-002
   1.142000E+003   2.128922E-002
   1.143000E+003   2.121324E-002
   1.144000E+003   2.113649E-002
   1.145000E+003   2.105900E-002
   1.146000E+003   2.098079E-002
   1.147000E+003   2.090190E-002
   1.148000E+003   2.082235E-002
   1.149000E+003   2.074217E-002
   1.150000E+003   2.066139E-002
   1.151000E+003   2.058004E-002
   1.152000E+003   2.049813E-002
   1.153000E+003   2.041567E-002
   1.154000E+003   2.033267E-002
   1.155000E+003   2.024915E-002
   1.156000E+003   2.016512E-002
   1.157000E+003   2.008058E-002
   1.158000E+003   1.999555E-002
   1.159000E+003   1.991004E-002
   1.160000E+003   1.982407E-002
   1.161000E+003   1.973763E-002
   1.162000E+003   1.965076E-002
   1.163000E+003   1.956345E-002
   1.164000E+003   1.947571E-002
   1.165000E+003   1.938757E-002
   1.166000E+003   1.929902E-002
   1.167000E+003   1.921009E-002
   1.168000E+003   1.912078E-002
   1.169000E+003   1.903111E-002
   1.170000E+003   1.894108E-002
   1.171000E+003   1.885071E-002
   1.172000E+003   1.876000E-002
   1.173000E+003   1.866898E-002
   1.174000E+003   1.857765E-002
   1.175000E+003   1.848602E-002
   1.176000E+003   1.839411E-002
   1.177000E+003   1.830192E-002
   1.178000E+003   1.820948E-002
   1.179000E+003   1.811677E-002
   1.180000E+003   1.802383E-002
   1.181000E+003   1.793067E-002
   1.182000E+003   1.783728E-002
   1.183000E+003   1.774369E-002
   1.184000E+003   1.764990E-002
   1.185000E+003   1.755594E-002
   1.186000E+003   1.746180E-002
   1.187000E+003   1.736750E-002
   1.188000E+003   1.727305E-002
   1.189000E+003   1.717847E-002
   1.190000E+003   1.708376E-002
   1.191000E+003   1.698893E-002
   1.192000E+003   1.689401E-002
   1.193000E+003   1.679899E-002
   1.194000E+003   1.670389E-002
   1.195000E+003   1.660873E-002
   1.196000E+003   1.651350E-002
   1.197000E+003   1.641823E-002
   1.198000E+003   1.632293E-002
   1.199000E+003   1.622760E-002
   1.200000E+003   1.613227E-002
