   1.000000E+000   2.090817E-002
   2.000000E+000   2.621086E-002
   3.000000E+000   3.151355E-002
   4.000000E+000   3.172468E-002
   5.000000E+000   3.115166E-002
   6.000000E+000   3.088109E-002
   7.000000E+000   3.059488E-002
   8.000000E+000   3.029797E-002
   9.000000E+000   3.005570E-002
   1.000000E+001   2.985185E-002
   1.100000E+001   2.965658E-002
   1.200000E+001   2.946701E-002
   1.300000E+001   2.928585E-002
   1.400000E+001   2.911120E-002
   1.500000E+001   2.894002E-002
   1.600000E+001   2.876966E-002
   1.700000E+001   2.859918E-002
   1.800000E+001   2.842804E-002
   1.900000E+001   2.825573E-002
   2.000000E+001   2.808170E-002
   2.100000E+001   2.790554E-002
   2.200000E+001   2.772722E-002
   2.300000E+001   2.754685E-002
   2.400000E+001   2.736450E-002
   2.500000E+001   2.718029E-002
   2.600000E+001   2.699428E-002
   2.700000E+001   2.680658E-002
   2.800000E+001   2.661728E-002
   2.900000E+001   2.642647E-002
   3.000000E+001   2.623423E-002
   3.100000E+001   2.604070E-002
   3.200000E+001   2.584610E-002
   3.300000E+001   2.565068E-002
   3.400000E+001   2.545471E-002
   3.500000E+001   2.525846E-002
   3.600000E+001   2.506217E-002
   3.700000E+001   2.486611E-002
   3.800000E+001   2.467054E-002
   3.900000E+001   2.447571E-002
   4.000000E+001   2.428189E-002
   4.100000E+001   2.408933E-002
   4.200000E+001   2.389826E-002
   4.300000E+001   2.370889E-002
   4.400000E+001   2.352145E-002
   4.500000E+001   2.333615E-002
   4.600000E+001   2.315321E-002
   4.700000E+001   2.297286E-002
   4.800000E+001   2.279532E-002
   4.900000E+001   2.262080E-002
   5.000000E+001   2.244952E-002
   5.100000E+001   2.228170E-002
   5.200000E+001   2.211755E-002
   5.300000E+001   2.195728E-002
   5.400000E+001   2.180110E-002
   5.500000E+001   2.164921E-002
   5.600000E+001   2.150183E-002
   5.700000E+001   2.135916E-002
   5.800000E+001   2.122142E-002
   5.900000E+001   2.108880E-002
   6.000000E+001   2.096152E-002
   6.100000E+001   2.083978E-002
   6.200000E+001   2.072372E-002
   6.300000E+001   2.061349E-002
   6.400000E+001   2.050921E-002
   6.500000E+001   2.041104E-002
   6.600000E+001   2.031910E-002
   6.700000E+001   2.023353E-002
   6.800000E+001   2.015448E-002
   6.900000E+001   2.008207E-002
   7.000000E+001   2.001646E-002
   7.100000E+001   1.995776E-002
   7.200000E+001   1.990607E-002
   7.300000E+001   1.986148E-002
   7.400000E+001   1.982408E-002
   7.500000E+001   1.979394E-002
   7.600000E+001   1.977115E-002
   7.700000E+001   1.975580E-002
   7.800000E+001   1.974798E-002
   7.900000E+001   1.974777E-002
   8.000000E+001   1.975525E-002
   8.100000E+001   1.977050E-002
   8.200000E+001   1.979356E-002
   8.300000E+001   1.982443E-002
   8.400000E+001   1.986313E-002
   8.500000E+001   1.990968E-002
   8.600000E+001   1.996411E-002
   8.700000E+001   2.002642E-002
   8.800000E+001   2.009664E-002
   8.900000E+001   2.017478E-002
   9.000000E+001   2.026086E-002
   9.100000E+001   2.035488E-002
   9.200000E+001   2.045684E-002
   9.300000E+001   2.056667E-002
   9.400000E+001   2.068437E-002
   9.500000E+001   2.080988E-002
   9.600000E+001   2.094317E-002
   9.700000E+001   2.108421E-002
   9.800000E+001   2.123297E-002
   9.900000E+001   2.138940E-002
   1.000000E+002   2.155347E-002
   1.010000E+002   2.172514E-002
   1.020000E+002   2.190431E-002
   1.030000E+002   2.209086E-002
   1.040000E+002   2.228468E-002
   1.050000E+002   2.248566E-002
   1.060000E+002   2.269368E-002
   1.070000E+002   2.290863E-002
   1.080000E+002   2.313040E-002
   1.090000E+002   2.335888E-002
   1.100000E+002   2.359395E-002
   1.110000E+002   2.383550E-002
   1.120000E+002   2.408342E-002
   1.130000E+002   2.433759E-002
   1.140000E+002   2.459791E-002
   1.150000E+002   2.486426E-002
   1.160000E+002   2.513652E-002
   1.170000E+002   2.541459E-002
   1.180000E+002   2.569835E-002
   1.190000E+002   2.598768E-002
   1.200000E+002   2.628249E-002
   1.210000E+002   2.658263E-002
   1.220000E+002   2.688793E-002
   1.230000E+002   2.719820E-002
   1.240000E+002   2.751325E-002
   1.250000E+002   2.783288E-002
   1.260000E+002   2.815690E-002
   1.270000E+002   2.848513E-002
   1.280000E+002   2.881736E-002
   1.290000E+002   2.915340E-002
   1.300000E+002   2.949307E-002
   1.310000E+002   2.983616E-002
   1.320000E+002   3.018250E-002
   1.330000E+002   3.053188E-002
   1.340000E+002   3.088411E-002
   1.350000E+002   3.123900E-002
   1.360000E+002   3.159637E-002
   1.370000E+002   3.195601E-002
   1.380000E+002   3.231773E-002
   1.390000E+002   3.268135E-002
   1.400000E+002   3.304666E-002
   1.410000E+002   3.341348E-002
   1.420000E+002   3.378161E-002
   1.430000E+002   3.415084E-002
   1.440000E+002   3.452098E-002
   1.450000E+002   3.489183E-002
   1.460000E+002   3.526318E-002
   1.470000E+002   3.563484E-002
   1.480000E+002   3.600660E-002
   1.490000E+002   3.637826E-002
   1.500000E+002   3.674963E-002
   1.510000E+002   3.712050E-002
   1.520000E+002   3.749067E-002
   1.530000E+002   3.785995E-002
   1.540000E+002   3.822813E-002
   1.550000E+002   3.859500E-002
   1.560000E+002   3.896038E-002
   1.570000E+002   3.932406E-002
   1.580000E+002   3.968585E-002
   1.590000E+002   4.004553E-002
   1.600000E+002   4.040290E-002
   1.610000E+002   4.075779E-002
   1.620000E+002   4.110999E-002
   1.630000E+002   4.145935E-002
   1.640000E+002   4.180568E-002
   1.650000E+002   4.214881E-002
   1.660000E+002   4.248856E-002
   1.670000E+002   4.282476E-002
   1.680000E+002   4.315723E-002
   1.690000E+002   4.348581E-002
   1.700000E+002   4.381031E-002
   1.710000E+002   4.413056E-002
   1.720000E+002   4.444638E-002
   1.730000E+002   4.475760E-002
   1.740000E+002   4.506405E-002
   1.750000E+002   4.536554E-002
   1.760000E+002   4.566191E-002
   1.770000E+002   4.595298E-002
   1.780000E+002   4.623858E-002
   1.790000E+002   4.651852E-002
   1.800000E+002   4.679264E-002
   1.810000E+002   4.706077E-002
   1.820000E+002   4.732279E-002
   1.830000E+002   4.757861E-002
   1.840000E+002   4.782811E-002
   1.850000E+002   4.807119E-002
   1.860000E+002   4.830775E-002
   1.870000E+002   4.853769E-002
   1.880000E+002   4.876089E-002
   1.890000E+002   4.897726E-002
   1.900000E+002   4.918668E-002
   1.910000E+002   4.938906E-002
   1.920000E+002   4.958430E-002
   1.930000E+002   4.977227E-002
   1.940000E+002   4.995289E-002
   1.950000E+002   5.012605E-002
   1.960000E+002   5.029164E-002
   1.970000E+002   5.044955E-002
   1.980000E+002   5.059969E-002
   1.990000E+002   5.074195E-002
   2.000000E+002   5.087623E-002
   2.010000E+002   5.100243E-002
   2.020000E+002   5.112053E-002
   2.030000E+002   5.123051E-002
   2.040000E+002   5.133236E-002
   2.050000E+002   5.142608E-002
   2.060000E+002   5.151164E-002
   2.070000E+002   5.158903E-002
   2.080000E+002   5.165825E-002
   2.090000E+002   5.171927E-002
   2.100000E+002   5.177210E-002
   2.110000E+002   5.181670E-002
   2.120000E+002   5.185307E-002
   2.130000E+002   5.188121E-002
   2.140000E+002   5.190108E-002
   2.150000E+002   5.191269E-002
   2.160000E+002   5.191602E-002
   2.170000E+002   5.191106E-002
   2.180000E+002   5.189779E-002
   2.190000E+002   5.187620E-002
   2.200000E+002   5.184629E-002
   2.210000E+002   5.180802E-002
   2.220000E+002   5.176140E-002
   2.230000E+002   5.170642E-002
   2.240000E+002   5.164305E-002
   2.250000E+002   5.157128E-002
   2.260000E+002   5.149113E-002
   2.270000E+002   5.140267E-002
   2.280000E+002   5.130601E-002
   2.290000E+002   5.120124E-002
   2.300000E+002   5.108848E-002
   2.310000E+002   5.096782E-002
   2.320000E+002   5.083936E-002
   2.330000E+002   5.070321E-002
   2.340000E+002   5.055946E-002
   2.350000E+002   5.040823E-002
   2.360000E+002   5.024961E-002
   2.370000E+002   5.008370E-002
   2.380000E+002   4.991060E-002
   2.390000E+002   4.973042E-002
   2.400000E+002   4.954326E-002
   2.410000E+002   4.934923E-002
   2.420000E+002   4.914841E-002
   2.430000E+002   4.894092E-002
   2.440000E+002   4.872686E-002
   2.450000E+002   4.850632E-002
   2.460000E+002   4.827941E-002
   2.470000E+002   4.804624E-002
   2.480000E+002   4.780690E-002
   2.490000E+002   4.756150E-002
   2.500000E+002   4.731013E-002
   2.510000E+002   4.705291E-002
   2.520000E+002   4.678997E-002
   2.530000E+002   4.652146E-002
   2.540000E+002   4.624751E-002
   2.550000E+002   4.596827E-002
   2.560000E+002   4.568389E-002
   2.570000E+002   4.539450E-002
   2.580000E+002   4.510025E-002
   2.590000E+002   4.480128E-002
   2.600000E+002   4.449773E-002
   2.610000E+002   4.418974E-002
   2.620000E+002   4.387747E-002
   2.630000E+002   4.356104E-002
   2.640000E+002   4.324061E-002
   2.650000E+002   4.291631E-002
   2.660000E+002   4.258829E-002
   2.670000E+002   4.225669E-002
   2.680000E+002   4.192165E-002
   2.690000E+002   4.158332E-002
   2.700000E+002   4.124184E-002
   2.710000E+002   4.089735E-002
   2.720000E+002   4.054999E-002
   2.730000E+002   4.019991E-002
   2.740000E+002   3.984724E-002
   2.750000E+002   3.949214E-002
   2.760000E+002   3.913474E-002
   2.770000E+002   3.877523E-002
   2.780000E+002   3.841379E-002
   2.790000E+002   3.805059E-002
   2.800000E+002   3.768581E-002
   2.810000E+002   3.731963E-002
   2.820000E+002   3.695224E-002
   2.830000E+002   3.658382E-002
   2.840000E+002   3.621454E-002
   2.850000E+002   3.584458E-002
   2.860000E+002   3.547413E-002
   2.870000E+002   3.510337E-002
   2.880000E+002   3.473247E-002
   2.890000E+002   3.436161E-002
   2.900000E+002   3.399099E-002
   2.910000E+002   3.362076E-002
   2.920000E+002   3.325113E-002
   2.930000E+002   3.288226E-002
   2.940000E+002   3.251433E-002
   2.950000E+002   3.214754E-002
   2.960000E+002   3.178205E-002
   2.970000E+002   3.141804E-002
   2.980000E+002   3.105571E-002
   2.990000E+002   3.069522E-002
   3.000000E+002   3.033675E-002
   3.010000E+002   2.998048E-002
   3.020000E+002   2.962650E-002
   3.030000E+002   2.927489E-002
   3.040000E+002   2.892573E-002
   3.050000E+002   2.857911E-002
   3.060000E+002   2.823511E-002
   3.070000E+002   2.789380E-002
   3.080000E+002   2.755528E-002
   3.090000E+002   2.721962E-002
   3.100000E+002   2.688691E-002
   3.110000E+002   2.655722E-002
   3.120000E+002   2.623064E-002
   3.130000E+002   2.590725E-002
   3.140000E+002   2.558714E-002
   3.150000E+002   2.527038E-002
   3.160000E+002   2.495706E-002
   3.170000E+002   2.464726E-002
   3.180000E+002   2.434105E-002
   3.190000E+002   2.403854E-002
   3.200000E+002   2.373978E-002
   3.210000E+002   2.344488E-002
   3.220000E+002   2.315390E-002
   3.230000E+002   2.286693E-002
   3.240000E+002   2.258406E-002
   3.250000E+002   2.230536E-002
   3.260000E+002   2.203092E-002
   3.270000E+002   2.176081E-002
   3.280000E+002   2.149513E-002
   3.290000E+002   2.123395E-002
   3.300000E+002   2.097736E-002
   3.310000E+002   2.072543E-002
   3.320000E+002   2.047825E-002
   3.330000E+002   2.023590E-002
   3.340000E+002   1.999847E-002
   3.350000E+002   1.976603E-002
   3.360000E+002   1.953866E-002
   3.370000E+002   1.931645E-002
   3.380000E+002   1.909949E-002
   3.390000E+002   1.888785E-002
   3.400000E+002   1.868161E-002
   3.410000E+002   1.848086E-002
   3.420000E+002   1.828567E-002
   3.430000E+002   1.809614E-002
   3.440000E+002   1.791234E-002
   3.450000E+002   1.773435E-002
   3.460000E+002   1.756226E-002
   3.470000E+002   1.739615E-002
   3.480000E+002   1.723610E-002
   3.490000E+002   1.708219E-002
   3.500000E+002   1.693451E-002
   3.510000E+002   1.679311E-002
   3.520000E+002   1.665794E-002
   3.530000E+002   1.652894E-002
   3.540000E+002   1.640603E-002
   3.550000E+002   1.628914E-002
   3.560000E+002   1.617821E-002
   3.570000E+002   1.607317E-002
   3.580000E+002   1.597393E-002
   3.590000E+002   1.588044E-002
   3.600000E+002   1.579262E-002
   3.610000E+002   1.571040E-002
   3.620000E+002   1.563371E-002
   3.630000E+002   1.556248E-002
   3.640000E+002   1.549663E-002
   3.650000E+002   1.543611E-002
   3.660000E+002   1.538084E-002
   3.670000E+002   1.533074E-002
   3.680000E+002   1.528575E-002
   3.690000E+002   1.524579E-002
   3.700000E+002   1.521081E-002
   3.710000E+002   1.518071E-002
   3.720000E+002   1.515545E-002
   3.730000E+002   1.513493E-002
   3.740000E+002   1.511910E-002
   3.750000E+002   1.510789E-002
   3.760000E+002   1.510121E-002
   3.770000E+002   1.509901E-002
   3.780000E+002   1.510121E-002
   3.790000E+002   1.510774E-002
   3.800000E+002   1.511853E-002
   3.810000E+002   1.513351E-002
   3.820000E+002   1.515262E-002
   3.830000E+002   1.517577E-002
   3.840000E+002   1.520289E-002
   3.850000E+002   1.523393E-002
   3.860000E+002   1.526880E-002
   3.870000E+002   1.530744E-002
   3.880000E+002   1.534978E-002
   3.890000E+002   1.539574E-002
   3.900000E+002   1.544525E-002
   3.910000E+002   1.549825E-002
   3.920000E+002   1.555467E-002
   3.930000E+002   1.561443E-002
   3.940000E+002   1.567746E-002
   3.950000E+002   1.574369E-002
   3.960000E+002   1.581306E-002
   3.970000E+002   1.588548E-002
   3.980000E+002   1.596090E-002
   3.990000E+002   1.603924E-002
   4.000000E+002   1.612042E-002
   4.010000E+002   1.620438E-002
   4.020000E+002   1.629102E-002
   4.030000E+002   1.638024E-002
   4.040000E+002   1.647193E-002
   4.050000E+002   1.656600E-002
   4.060000E+002   1.666234E-002
   4.070000E+002   1.676086E-002
   4.080000E+002   1.686145E-002
   4.090000E+002   1.696401E-002
   4.100000E+002   1.706844E-002
   4.110000E+002   1.717465E-002
   4.120000E+002   1.728252E-002
   4.130000E+002   1.739196E-002
   4.140000E+002   1.750287E-002
   4.150000E+002   1.761514E-002
   4.160000E+002   1.772868E-002
   4.170000E+002   1.784339E-002
   4.180000E+002   1.795916E-002
   4.190000E+002   1.807590E-002
   4.200000E+002   1.819349E-002
   4.210000E+002   1.831185E-002
   4.220000E+002   1.843087E-002
   4.230000E+002   1.855045E-002
   4.240000E+002   1.867048E-002
   4.250000E+002   1.879088E-002
   4.260000E+002   1.891153E-002
   4.270000E+002   1.903234E-002
   4.280000E+002   1.915320E-002
   4.290000E+002   1.927402E-002
   4.300000E+002   1.939470E-002
   4.310000E+002   1.951512E-002
   4.320000E+002   1.963520E-002
   4.330000E+002   1.975483E-002
   4.340000E+002   1.987390E-002
   4.350000E+002   1.999233E-002
   4.360000E+002   2.011001E-002
   4.370000E+002   2.022683E-002
   4.380000E+002   2.034270E-002
   4.390000E+002   2.045752E-002
   4.400000E+002   2.057118E-002
   4.410000E+002   2.068358E-002
   4.420000E+002   2.079463E-002
   4.430000E+002   2.090422E-002
   4.440000E+002   2.101225E-002
   4.450000E+002   2.111863E-002
   4.460000E+002   2.122324E-002
   4.470000E+002   2.132599E-002
   4.480000E+002   2.142678E-002
   4.490000E+002   2.152551E-002
   4.500000E+002   2.162207E-002
   4.510000E+002   2.171638E-002
   4.520000E+002   2.180843E-002
   4.530000E+002   2.189820E-002
   4.540000E+002   2.198569E-002
   4.550000E+002   2.207090E-002
   4.560000E+002   2.215382E-002
   4.570000E+002   2.223445E-002
   4.580000E+002   2.231278E-002
   4.590000E+002   2.238882E-002
   4.600000E+002   2.246254E-002
   4.610000E+002   2.253396E-002
   4.620000E+002   2.260306E-002
   4.630000E+002   2.266985E-002
   4.640000E+002   2.273431E-002
   4.650000E+002   2.279644E-002
   4.660000E+002   2.285624E-002
   4.670000E+002   2.291370E-002
   4.680000E+002   2.296882E-002
   4.690000E+002   2.302159E-002
   4.700000E+002   2.307201E-002
   4.710000E+002   2.312008E-002
   4.720000E+002   2.316579E-002
   4.730000E+002   2.320913E-002
   4.740000E+002   2.325011E-002
   4.750000E+002   2.328871E-002
   4.760000E+002   2.332493E-002
   4.770000E+002   2.335877E-002
   4.780000E+002   2.339022E-002
   4.790000E+002   2.341928E-002
   4.800000E+002   2.344595E-002
   4.810000E+002   2.347021E-002
   4.820000E+002   2.349207E-002
   4.830000E+002   2.351152E-002
   4.840000E+002   2.352856E-002
   4.850000E+002   2.354317E-002
   4.860000E+002   2.355537E-002
   4.870000E+002   2.356513E-002
   4.880000E+002   2.357246E-002
   4.890000E+002   2.357736E-002
   4.900000E+002   2.357981E-002
   4.910000E+002   2.357982E-002
   4.920000E+002   2.357738E-002
   4.930000E+002   2.357248E-002
   4.940000E+002   2.356512E-002
   4.950000E+002   2.355530E-002
   4.960000E+002   2.354301E-002
   4.970000E+002   2.352825E-002
   4.980000E+002   2.351101E-002
   4.990000E+002   2.349128E-002
   5.000000E+002   2.346907E-002
   5.010000E+002   2.344439E-002
   5.020000E+002   2.341728E-002
   5.030000E+002   2.338783E-002
   5.040000E+002   2.335611E-002
   5.050000E+002   2.332219E-002
   5.060000E+002   2.328615E-002
   5.070000E+002   2.324805E-002
   5.080000E+002   2.320799E-002
   5.090000E+002   2.316601E-002
   5.100000E+002   2.312221E-002
   5.110000E+002   2.307666E-002
   5.120000E+002   2.302942E-002
   5.130000E+002   2.298057E-002
   5.140000E+002   2.293019E-002
   5.150000E+002   2.287834E-002
   5.160000E+002   2.282511E-002
   5.170000E+002   2.277057E-002
   5.180000E+002   2.271478E-002
   5.190000E+002   2.265783E-002
   5.200000E+002   2.259978E-002
   5.210000E+002   2.254071E-002
   5.220000E+002   2.248070E-002
   5.230000E+002   2.241981E-002
   5.240000E+002   2.235812E-002
   5.250000E+002   2.229571E-002
   5.260000E+002   2.223264E-002
   5.270000E+002   2.216900E-002
   5.280000E+002   2.210485E-002
   5.290000E+002   2.204027E-002
   5.300000E+002   2.197533E-002
   5.310000E+002   2.191011E-002
   5.320000E+002   2.184467E-002
   5.330000E+002   2.177910E-002
   5.340000E+002   2.171347E-002
   5.350000E+002   2.164784E-002
   5.360000E+002   2.158230E-002
   5.370000E+002   2.151691E-002
   5.380000E+002   2.145176E-002
   5.390000E+002   2.138691E-002
   5.400000E+002   2.132243E-002
   5.410000E+002   2.125841E-002
   5.420000E+002   2.119491E-002
   5.430000E+002   2.113201E-002
   5.440000E+002   2.106979E-002
   5.450000E+002   2.100830E-002
   5.460000E+002   2.094764E-002
   5.470000E+002   2.088787E-002
   5.480000E+002   2.082906E-002
   5.490000E+002   2.077130E-002
   5.500000E+002   2.071465E-002
   5.510000E+002   2.065918E-002
   5.520000E+002   2.060493E-002
   5.530000E+002   2.055194E-002
   5.540000E+002   2.050025E-002
   5.550000E+002   2.044988E-002
   5.560000E+002   2.040089E-002
   5.570000E+002   2.035330E-002
   5.580000E+002   2.030715E-002
   5.590000E+002   2.026248E-002
   5.600000E+002   2.021932E-002
   5.610000E+002   2.017771E-002
   5.620000E+002   2.013768E-002
   5.630000E+002   2.009928E-002
   5.640000E+002   2.006253E-002
   5.650000E+002   2.002748E-002
   5.660000E+002   1.999416E-002
   5.670000E+002   1.996261E-002
   5.680000E+002   1.993285E-002
   5.690000E+002   1.990494E-002
   5.700000E+002   1.987890E-002
   5.710000E+002   1.985478E-002
   5.720000E+002   1.983260E-002
   5.730000E+002   1.981241E-002
   5.740000E+002   1.979423E-002
   5.750000E+002   1.977812E-002
   5.760000E+002   1.976409E-002
   5.770000E+002   1.975220E-002
   5.780000E+002   1.974247E-002
   5.790000E+002   1.973494E-002
   5.800000E+002   1.972965E-002
   5.810000E+002   1.972663E-002
   5.820000E+002   1.972593E-002
   5.830000E+002   1.972757E-002
   5.840000E+002   1.973159E-002
   5.850000E+002   1.973803E-002
   5.860000E+002   1.974693E-002
   5.870000E+002   1.975832E-002
   5.880000E+002   1.977224E-002
   5.890000E+002   1.978872E-002
   5.900000E+002   1.980780E-002
   5.910000E+002   1.982951E-002
   5.920000E+002   1.985390E-002
   5.930000E+002   1.988100E-002
   5.940000E+002   1.991085E-002
   5.950000E+002   1.994347E-002
   5.960000E+002   1.997891E-002
   5.970000E+002   2.001721E-002
   5.980000E+002   2.005840E-002
   5.990000E+002   2.010251E-002
   6.000000E+002   2.014959E-002
   6.010000E+002   2.019965E-002
   6.020000E+002   2.025265E-002
   6.030000E+002   2.030854E-002
   6.040000E+002   2.036728E-002
   6.050000E+002   2.042879E-002
   6.060000E+002   2.049303E-002
   6.070000E+002   2.055994E-002
   6.080000E+002   2.062948E-002
   6.090000E+002   2.070158E-002
   6.100000E+002   2.077619E-002
   6.110000E+002   2.085326E-002
   6.120000E+002   2.093273E-002
   6.130000E+002   2.101455E-002
   6.140000E+002   2.109866E-002
   6.150000E+002   2.118502E-002
   6.160000E+002   2.127356E-002
   6.170000E+002   2.136423E-002
   6.180000E+002   2.145698E-002
   6.190000E+002   2.155175E-002
   6.200000E+002   2.164850E-002
   6.210000E+002   2.174716E-002
   6.220000E+002   2.184768E-002
   6.230000E+002   2.195000E-002
   6.240000E+002   2.205408E-002
   6.250000E+002   2.215986E-002
   6.260000E+002   2.226728E-002
   6.270000E+002   2.237629E-002
   6.280000E+002   2.248684E-002
   6.290000E+002   2.259887E-002
   6.300000E+002   2.271233E-002
   6.310000E+002   2.282716E-002
   6.320000E+002   2.294331E-002
   6.330000E+002   2.306073E-002
   6.340000E+002   2.317935E-002
   6.350000E+002   2.329913E-002
   6.360000E+002   2.342002E-002
   6.370000E+002   2.354195E-002
   6.380000E+002   2.366488E-002
   6.390000E+002   2.378875E-002
   6.400000E+002   2.391350E-002
   6.410000E+002   2.403909E-002
   6.420000E+002   2.416545E-002
   6.430000E+002   2.429254E-002
   6.440000E+002   2.442029E-002
   6.450000E+002   2.454866E-002
   6.460000E+002   2.467759E-002
   6.470000E+002   2.480703E-002
   6.480000E+002   2.493692E-002
   6.490000E+002   2.506721E-002
   6.500000E+002   2.519784E-002
   6.510000E+002   2.532876E-002
   6.520000E+002   2.545990E-002
   6.530000E+002   2.559119E-002
   6.540000E+002   2.572257E-002
   6.550000E+002   2.585396E-002
   6.560000E+002   2.598530E-002
   6.570000E+002   2.611652E-002
   6.580000E+002   2.624755E-002
   6.590000E+002   2.637832E-002
   6.600000E+002   2.650876E-002
   6.610000E+002   2.663881E-002
   6.620000E+002   2.676840E-002
   6.630000E+002   2.689745E-002
   6.640000E+002   2.702590E-002
   6.650000E+002   2.715368E-002
   6.660000E+002   2.728072E-002
   6.670000E+002   2.740696E-002
   6.680000E+002   2.753232E-002
   6.690000E+002   2.765674E-002
   6.700000E+002   2.778014E-002
   6.710000E+002   2.790247E-002
   6.720000E+002   2.802364E-002
   6.730000E+002   2.814360E-002
   6.740000E+002   2.826227E-002
   6.750000E+002   2.837959E-002
   6.760000E+002   2.849548E-002
   6.770000E+002   2.860988E-002
   6.780000E+002   2.872272E-002
   6.790000E+002   2.883393E-002
   6.800000E+002   2.894344E-002
   6.810000E+002   2.905119E-002
   6.820000E+002   2.915710E-002
   6.830000E+002   2.926111E-002
   6.840000E+002   2.936315E-002
   6.850000E+002   2.946315E-002
   6.860000E+002   2.956104E-002
   6.870000E+002   2.965675E-002
   6.880000E+002   2.975022E-002
   6.890000E+002   2.984137E-002
   6.900000E+002   2.993014E-002
   6.910000E+002   3.001646E-002
   6.920000E+002   3.010025E-002
   6.930000E+002   3.018146E-002
   6.940000E+002   3.026002E-002
   6.950000E+002   3.033584E-002
   6.960000E+002   3.040888E-002
   6.970000E+002   3.047905E-002
   6.980000E+002   3.054629E-002
   6.990000E+002   3.061053E-002
   7.000000E+002   3.067170E-002
   7.010000E+002   3.072974E-002
   7.020000E+002   3.078465E-002
   7.030000E+002   3.083642E-002
   7.040000E+002   3.088505E-002
   7.050000E+002   3.093054E-002
   7.060000E+002   3.097289E-002
   7.070000E+002   3.101209E-002
   7.080000E+002   3.104815E-002
   7.090000E+002   3.108107E-002
   7.100000E+002   3.111084E-002
   7.110000E+002   3.113746E-002
   7.120000E+002   3.116093E-002
   7.130000E+002   3.118125E-002
   7.140000E+002   3.119843E-002
   7.150000E+002   3.121245E-002
   7.160000E+002   3.122332E-002
   7.170000E+002   3.123103E-002
   7.180000E+002   3.123559E-002
   7.190000E+002   3.123700E-002
   7.200000E+002   3.123525E-002
   7.210000E+002   3.123034E-002
   7.220000E+002   3.122227E-002
   7.230000E+002   3.121104E-002
   7.240000E+002   3.119665E-002
   7.250000E+002   3.117910E-002
   7.260000E+002   3.115838E-002
   7.270000E+002   3.113450E-002
   7.280000E+002   3.110746E-002
   7.290000E+002   3.107725E-002
   7.300000E+002   3.104387E-002
   7.310000E+002   3.100732E-002
   7.320000E+002   3.096761E-002
   7.330000E+002   3.092472E-002
   7.340000E+002   3.087866E-002
   7.350000E+002   3.082943E-002
   7.360000E+002   3.077702E-002
   7.370000E+002   3.072144E-002
   7.380000E+002   3.066269E-002
   7.390000E+002   3.060075E-002
   7.400000E+002   3.053564E-002
   7.410000E+002   3.046735E-002
   7.420000E+002   3.039588E-002
   7.430000E+002   3.032123E-002
   7.440000E+002   3.024340E-002
   7.450000E+002   3.016238E-002
   7.460000E+002   3.007818E-002
   7.470000E+002   2.999079E-002
   7.480000E+002   2.990021E-002
   7.490000E+002   2.980645E-002
   7.500000E+002   2.970950E-002
   7.510000E+002   2.960937E-002
   7.520000E+002   2.950612E-002
   7.530000E+002   2.939980E-002
   7.540000E+002   2.929049E-002
   7.550000E+002   2.917825E-002
   7.560000E+002   2.906314E-002
   7.570000E+002   2.894523E-002
   7.580000E+002   2.882458E-002
   7.590000E+002   2.870126E-002
   7.600000E+002   2.857533E-002
   7.610000E+002   2.844686E-002
   7.620000E+002   2.831590E-002
   7.630000E+002   2.818254E-002
   7.640000E+002   2.804682E-002
   7.650000E+002   2.790882E-002
   7.660000E+002   2.776860E-002
   7.670000E+002   2.762622E-002
   7.680000E+002   2.748175E-002
   7.690000E+002   2.733525E-002
   7.700000E+002   2.718679E-002
   7.710000E+002   2.703643E-002
   7.720000E+002   2.688424E-002
   7.730000E+002   2.673028E-002
   7.740000E+002   2.657462E-002
   7.750000E+002   2.641732E-002
   7.760000E+002   2.625844E-002
   7.770000E+002   2.609805E-002
   7.780000E+002   2.593622E-002
   7.790000E+002   2.577301E-002
   7.800000E+002   2.560848E-002
   7.810000E+002   2.544270E-002
   7.820000E+002   2.527573E-002
   7.830000E+002   2.510764E-002
   7.840000E+002   2.493849E-002
   7.850000E+002   2.476835E-002
   7.860000E+002   2.459728E-002
   7.870000E+002   2.442534E-002
   7.880000E+002   2.425261E-002
   7.890000E+002   2.407914E-002
   7.900000E+002   2.390500E-002
   7.910000E+002   2.373026E-002
   7.920000E+002   2.355497E-002
   7.930000E+002   2.337921E-002
   7.940000E+002   2.320304E-002
   7.950000E+002   2.302652E-002
   7.960000E+002   2.284971E-002
   7.970000E+002   2.267269E-002
   7.980000E+002   2.249552E-002
   7.990000E+002   2.231825E-002
   8.000000E+002   2.214097E-002
   8.010000E+002   2.196372E-002
   8.020000E+002   2.178657E-002
   8.030000E+002   2.160956E-002
   8.040000E+002   2.143277E-002
   8.050000E+002   2.125623E-002
   8.060000E+002   2.108001E-002
   8.070000E+002   2.090416E-002
   8.080000E+002   2.072874E-002
   8.090000E+002   2.055379E-002
   8.100000E+002   2.037939E-002
   8.110000E+002   2.020557E-002
   8.120000E+002   2.003240E-002
   8.130000E+002   1.985993E-002
   8.140000E+002   1.968822E-002
   8.150000E+002   1.951732E-002
   8.160000E+002   1.934729E-002
   8.170000E+002   1.917818E-002
   8.180000E+002   1.901004E-002
   8.190000E+002   1.884294E-002
   8.200000E+002   1.867692E-002
   8.210000E+002   1.851205E-002
   8.220000E+002   1.834837E-002
   8.230000E+002   1.818594E-002
   8.240000E+002   1.802483E-002
   8.250000E+002   1.786507E-002
   8.260000E+002   1.770673E-002
   8.270000E+002   1.754986E-002
   8.280000E+002   1.739452E-002
   8.290000E+002   1.724077E-002
   8.300000E+002   1.708865E-002
   8.310000E+002   1.693822E-002
   8.320000E+002   1.678954E-002
   8.330000E+002   1.664267E-002
   8.340000E+002   1.649765E-002
   8.350000E+002   1.635454E-002
   8.360000E+002   1.621341E-002
   8.370000E+002   1.607429E-002
   8.380000E+002   1.593726E-002
   8.390000E+002   1.580236E-002
   8.400000E+002   1.566964E-002
   8.410000E+002   1.553917E-002
   8.420000E+002   1.541100E-002
   8.430000E+002   1.528518E-002
   8.440000E+002   1.516177E-002
   8.450000E+002   1.504082E-002
   8.460000E+002   1.492240E-002
   8.470000E+002   1.480654E-002
   8.480000E+002   1.469332E-002
   8.490000E+002   1.458278E-002
   8.500000E+002   1.447497E-002
   8.510000E+002   1.436995E-002
   8.520000E+002   1.426772E-002
   8.530000E+002   1.416824E-002
   8.540000E+002   1.407152E-002
   8.550000E+002   1.397754E-002
   8.560000E+002   1.388627E-002
   8.570000E+002   1.379772E-002
   8.580000E+002   1.371187E-002
   8.590000E+002   1.362869E-002
   8.600000E+002   1.354818E-002
   8.610000E+002   1.347032E-002
   8.620000E+002   1.339511E-002
   8.630000E+002   1.332251E-002
   8.640000E+002   1.325253E-002
   8.650000E+002   1.318514E-002
   8.660000E+002   1.312033E-002
   8.670000E+002   1.305809E-002
   8.680000E+002   1.299841E-002
   8.690000E+002   1.294126E-002
   8.700000E+002   1.288664E-002
   8.710000E+002   1.283453E-002
   8.720000E+002   1.278491E-002
   8.730000E+002   1.273778E-002
   8.740000E+002   1.269312E-002
   8.750000E+002   1.265091E-002
   8.760000E+002   1.261114E-002
   8.770000E+002   1.257380E-002
   8.780000E+002   1.253887E-002
   8.790000E+002   1.250633E-002
   8.800000E+002   1.247618E-002
   8.810000E+002   1.244840E-002
   8.820000E+002   1.242298E-002
   8.830000E+002   1.239989E-002
   8.840000E+002   1.237914E-002
   8.850000E+002   1.236069E-002
   8.860000E+002   1.234454E-002
   8.870000E+002   1.233068E-002
   8.880000E+002   1.231909E-002
   8.890000E+002   1.230975E-002
   8.900000E+002   1.230266E-002
   8.910000E+002   1.229779E-002
   8.920000E+002   1.229513E-002
   8.930000E+002   1.229468E-002
   8.940000E+002   1.229641E-002
   8.950000E+002   1.230031E-002
   8.960000E+002   1.230637E-002
   8.970000E+002   1.231457E-002
   8.980000E+002   1.232490E-002
   8.990000E+002   1.233734E-002
   9.000000E+002   1.235189E-002
   9.010000E+002   1.236851E-002
   9.020000E+002   1.238717E-002
   9.030000E+002   1.240781E-002
   9.040000E+002   1.243037E-002
   9.050000E+002   1.245482E-002
   9.060000E+002   1.248109E-002
   9.070000E+002   1.250912E-002
   9.080000E+002   1.253888E-002
   9.090000E+002   1.257031E-002
   9.100000E+002   1.260335E-002
   9.110000E+002   1.263795E-002
   9.120000E+002   1.267407E-002
   9.130000E+002   1.271164E-002
   9.140000E+002   1.275061E-002
   9.150000E+002   1.279094E-002
   9.160000E+002   1.283257E-002
   9.170000E+002   1.287544E-002
   9.180000E+002   1.291951E-002
   9.190000E+002   1.296473E-002
   9.200000E+002   1.301103E-002
   9.210000E+002   1.305838E-002
   9.220000E+002   1.310671E-002
   9.230000E+002   1.315597E-002
   9.240000E+002   1.320612E-002
   9.250000E+002   1.325709E-002
   9.260000E+002   1.330884E-002
   9.270000E+002   1.336132E-002
   9.280000E+002   1.341447E-002
   9.290000E+002   1.346823E-002
   9.300000E+002   1.352257E-002
   9.310000E+002   1.357741E-002
   9.320000E+002   1.363272E-002
   9.330000E+002   1.368845E-002
   9.340000E+002   1.374452E-002
   9.350000E+002   1.380091E-002
   9.360000E+002   1.385754E-002
   9.370000E+002   1.391438E-002
   9.380000E+002   1.397136E-002
   9.390000E+002   1.402844E-002
   9.400000E+002   1.408557E-002
   9.410000E+002   1.414268E-002
   9.420000E+002   1.419974E-002
   9.430000E+002   1.425667E-002
   9.440000E+002   1.431345E-002
   9.450000E+002   1.437000E-002
   9.460000E+002   1.442629E-002
   9.470000E+002   1.448225E-002
   9.480000E+002   1.453783E-002
   9.490000E+002   1.459299E-002
   9.500000E+002   1.464766E-002
   9.510000E+002   1.470181E-002
   9.520000E+002   1.475540E-002
   9.530000E+002   1.480841E-002
   9.540000E+002   1.486080E-002
   9.550000E+002   1.491257E-002
   9.560000E+002   1.496367E-002
   9.570000E+002   1.501409E-002
   9.580000E+002   1.506380E-002
   9.590000E+002   1.511277E-002
   9.600000E+002   1.516099E-002
   9.610000E+002   1.520842E-002
   9.620000E+002   1.525503E-002
   9.630000E+002   1.530081E-002
   9.640000E+002   1.534573E-002
   9.650000E+002   1.538976E-002
   9.660000E+002   1.543288E-002
   9.670000E+002   1.547506E-002
   9.680000E+002   1.551628E-002
   9.690000E+002   1.555650E-002
   9.700000E+002   1.559572E-002
   9.710000E+002   1.563390E-002
   9.720000E+002   1.567101E-002
   9.730000E+002   1.570703E-002
   9.740000E+002   1.574194E-002
   9.750000E+002   1.577570E-002
   9.760000E+002   1.580830E-002
   9.770000E+002   1.583971E-002
   9.780000E+002   1.586991E-002
   9.790000E+002   1.589886E-002
   9.800000E+002   1.592655E-002
   9.810000E+002   1.595294E-002
   9.820000E+002   1.597801E-002
   9.830000E+002   1.600175E-002
   9.840000E+002   1.602411E-002
   9.850000E+002   1.604508E-002
   9.860000E+002   1.606464E-002
   9.870000E+002   1.608275E-002
   9.880000E+002   1.609939E-002
   9.890000E+002   1.611453E-002
   9.900000E+002   1.612815E-002
   9.910000E+002   1.614023E-002
   9.920000E+002   1.615074E-002
   9.930000E+002   1.615966E-002
   9.940000E+002   1.616695E-002
   9.950000E+002   1.617259E-002
   9.960000E+002   1.617657E-002
   9.970000E+002   1.617884E-002
   9.980000E+002   1.617940E-002
   9.990000E+002   1.617820E-002
   1.000000E+003   1.617523E-002
   1.001000E+003   1.617048E-002
   1.002000E+003   1.616395E-002
   1.003000E+003   1.615566E-002
   1.004000E+003   1.614566E-002
   1.005000E+003   1.613395E-002
   1.006000E+003   1.612056E-002
   1.007000E+003   1.610552E-002
   1.008000E+003   1.608885E-002
   1.009000E+003   1.607058E-002
   1.010000E+003   1.605073E-002
   1.011000E+003   1.602932E-002
   1.012000E+003   1.600637E-002
   1.013000E+003   1.598192E-002
   1.014000E+003   1.595599E-002
   1.015000E+003   1.592860E-002
   1.016000E+003   1.589977E-002
   1.017000E+003   1.586953E-002
   1.018000E+003   1.583790E-002
   1.019000E+003   1.580491E-002
   1.020000E+003   1.577058E-002
   1.021000E+003   1.573494E-002
   1.022000E+003   1.569800E-002
   1.023000E+003   1.565981E-002
   1.024000E+003   1.562036E-002
   1.025000E+003   1.557971E-002
   1.026000E+003   1.553786E-002
   1.027000E+003   1.549483E-002
   1.028000E+003   1.545067E-002
   1.029000E+003   1.540538E-002
   1.030000E+003   1.535900E-002
   1.031000E+003   1.531155E-002
   1.032000E+003   1.526304E-002
   1.033000E+003   1.521352E-002
   1.034000E+003   1.516299E-002
   1.035000E+003   1.511149E-002
   1.036000E+003   1.505903E-002
   1.037000E+003   1.500565E-002
   1.038000E+003   1.495137E-002
   1.039000E+003   1.489621E-002
   1.040000E+003   1.484019E-002
   1.041000E+003   1.478334E-002
   1.042000E+003   1.472569E-002
   1.043000E+003   1.466726E-002
   1.044000E+003   1.460806E-002
   1.045000E+003   1.454814E-002
   1.046000E+003   1.448750E-002
   1.047000E+003   1.442618E-002
   1.048000E+003   1.436420E-002
   1.049000E+003   1.430158E-002
   1.050000E+003   1.423835E-002
   1.051000E+003   1.417454E-002
   1.052000E+003   1.411017E-002
   1.053000E+003   1.404529E-002
   1.054000E+003   1.397993E-002
   1.055000E+003   1.391413E-002
   1.056000E+003   1.384792E-002
   1.057000E+003   1.378135E-002
   1.058000E+003   1.371445E-002
   1.059000E+003   1.364725E-002
   1.060000E+003   1.357980E-002
   1.061000E+003   1.351213E-002
   1.062000E+003   1.344428E-002
   1.063000E+003   1.337628E-002
   1.064000E+003   1.330817E-002
   1.065000E+003   1.323999E-002
   1.066000E+003   1.317177E-002
   1.067000E+003   1.310355E-002
   1.068000E+003   1.303538E-002
   1.069000E+003   1.296728E-002
   1.070000E+003   1.289929E-002
   1.071000E+003   1.283145E-002
   1.072000E+003   1.276379E-002
   1.073000E+003   1.269636E-002
   1.074000E+003   1.262919E-002
   1.075000E+003   1.256231E-002
   1.076000E+003   1.249577E-002
   1.077000E+003   1.242959E-002
   1.078000E+003   1.236383E-002
   1.079000E+003   1.229851E-002
   1.080000E+003   1.223366E-002
   1.081000E+003   1.216934E-002
   1.082000E+003   1.210557E-002
   1.083000E+003   1.204239E-002
   1.084000E+003   1.197984E-002
   1.085000E+003   1.191796E-002
   1.086000E+003   1.185677E-002
   1.087000E+003   1.179633E-002
   1.088000E+003   1.173666E-002
   1.089000E+003   1.167780E-002
   1.090000E+003   1.161980E-002
   1.091000E+003   1.156268E-002
   1.092000E+003   1.150648E-002
   1.093000E+003   1.145124E-002
   1.094000E+003   1.139700E-002
   1.095000E+003   1.134379E-002
   1.096000E+003   1.129165E-002
   1.097000E+003   1.124062E-002
   1.098000E+003   1.119073E-002
   1.099000E+003   1.114203E-002
   1.100000E+003   1.109454E-002
   1.101000E+003   1.104830E-002
   1.102000E+003   1.100332E-002
   1.103000E+003   1.095959E-002
   1.104000E+003   1.091712E-002
   1.105000E+003   1.087590E-002
   1.106000E+003   1.083594E-002
   1.107000E+003   1.079724E-002
   1.108000E+003   1.075979E-002
   1.109000E+003   1.072360E-002
   1.110000E+003   1.068867E-002
   1.111000E+003   1.065500E-002
   1.112000E+003   1.062258E-002
   1.113000E+003   1.059142E-002
   1.114000E+003   1.056153E-002
   1.115000E+003   1.053289E-002
   1.116000E+003   1.050551E-002
   1.117000E+003   1.047939E-002
   1.118000E+003   1.045453E-002
   1.119000E+003   1.043094E-002
   1.120000E+003   1.040860E-002
   1.121000E+003   1.038752E-002
   1.122000E+003   1.036771E-002
   1.123000E+003   1.034916E-002
   1.124000E+003   1.033187E-002
   1.125000E+003   1.031584E-002
   1.126000E+003   1.030108E-002
   1.127000E+003   1.028758E-002
   1.128000E+003   1.027534E-002
   1.129000E+003   1.026437E-002
   1.130000E+003   1.025466E-002
   1.131000E+003   1.024622E-002
   1.132000E+003   1.023904E-002
   1.133000E+003   1.023312E-002
   1.134000E+003   1.022848E-002
   1.135000E+003   1.022509E-002
   1.136000E+003   1.022298E-002
   1.137000E+003   1.022213E-002
   1.138000E+003   1.022255E-002
   1.139000E+003   1.022423E-002
   1.140000E+003   1.022718E-002
   1.141000E+003   1.023141E-002
   1.142000E+003   1.023689E-002
   1.143000E+003   1.024365E-002
   1.144000E+003   1.025168E-002
   1.145000E+003   1.026097E-002
   1.146000E+003   1.027154E-002
   1.147000E+003   1.028337E-002
   1.148000E+003   1.029648E-002
   1.149000E+003   1.031085E-002
   1.150000E+003   1.032650E-002
   1.151000E+003   1.034342E-002
   1.152000E+003   1.036157E-002
   1.153000E+003   1.038095E-002
   1.154000E+003   1.040153E-002
   1.155000E+003   1.042327E-002
   1.156000E+003   1.044616E-002
   1.157000E+003   1.047017E-002
   1.158000E+003   1.049527E-002
   1.159000E+003   1.052144E-002
   1.160000E+003   1.054865E-002
   1.161000E+003   1.057688E-002
   1.162000E+003   1.060610E-002
   1.163000E+003   1.063628E-002
   1.164000E+003   1.066741E-002
   1.165000E+003   1.069945E-002
   1.166000E+003   1.073238E-002
   1.167000E+003   1.076618E-002
   1.168000E+003   1.080081E-002
   1.169000E+003   1.083626E-002
   1.170000E+003   1.087249E-002
   1.171000E+003   1.090949E-002
   1.172000E+003   1.094723E-002
   1.173000E+003   1.098568E-002
   1.174000E+003   1.102481E-002
   1.175000E+003   1.106461E-002
   1.176000E+003   1.110504E-002
   1.177000E+003   1.114608E-002
   1.178000E+003   1.118771E-002
   1.179000E+003   1.122989E-002
   1.180000E+003   1.127261E-002
   1.181000E+003   1.131584E-002
   1.182000E+003   1.135955E-002
   1.183000E+003   1.140372E-002
   1.184000E+003   1.144832E-002
   1.185000E+003   1.149333E-002
   1.186000E+003   1.153872E-002
   1.187000E+003   1.158446E-002
   1.188000E+003   1.163054E-002
   1.189000E+003   1.167692E-002
   1.190000E+003   1.172358E-002
   1.191000E+003   1.177050E-002
   1.192000E+003   1.181764E-002
   1.193000E+003   1.186499E-002
   1.194000E+003   1.191251E-002
   1.195000E+003   1.196019E-002
   1.196000E+003   1.200799E-002
   1.197000E+003   1.205590E-002
   1.198000E+003   1.210388E-002
   1.199000E+003   1.215192E-002
   1.200000E+003   1.219997E-002
