   1.000000E+000   1.721237E-002
   2.000000E+000   2.169426E-002
   3.000000E+000   2.617614E-002
   4.000000E+000   2.642046E-002
   5.000000E+000   2.601846E-002
   6.000000E+000   2.587265E-002
   7.000000E+000   2.571476E-002
   8.000000E+000   2.554879E-002
   9.000000E+000   2.542950E-002
   1.000000E+001   2.534236E-002
   1.100000E+001   2.526142E-002
   1.200000E+001   2.518441E-002
   1.300000E+001   2.511385E-002
   1.400000E+001   2.504799E-002
   1.500000E+001   2.498397E-002
   1.600000E+001   2.491939E-002
   1.700000E+001   2.485361E-002
   1.800000E+001   2.478645E-002
   1.900000E+001   2.471771E-002
   2.000000E+001   2.464720E-002
   2.100000E+001   2.457478E-002
   2.200000E+001   2.450050E-002
   2.300000E+001   2.442446E-002
   2.400000E+001   2.434677E-002
   2.500000E+001   2.426751E-002
   2.600000E+001   2.418681E-002
   2.700000E+001   2.410475E-002
   2.800000E+001   2.402144E-002
   2.900000E+001   2.393698E-002
   3.000000E+001   2.385147E-002
   3.100000E+001   2.376504E-002
   3.200000E+001   2.367788E-002
   3.300000E+001   2.359020E-002
   3.400000E+001   2.350224E-002
   3.500000E+001   2.341420E-002
   3.600000E+001   2.332630E-002
   3.700000E+001   2.323876E-002
   3.800000E+001   2.315180E-002
   3.900000E+001   2.306564E-002
   4.000000E+001   2.298050E-002
   4.100000E+001   2.289658E-002
   4.200000E+001   2.281408E-002
   4.300000E+001   2.273319E-002
   4.400000E+001   2.265408E-002
   4.500000E+001   2.257696E-002
   4.600000E+001   2.250199E-002
   4.700000E+001   2.242936E-002
   4.800000E+001   2.235927E-002
   4.900000E+001   2.229190E-002
   5.000000E+001   2.222743E-002
   5.100000E+001   2.216604E-002
   5.200000E+001   2.210790E-002
   5.300000E+001   2.205317E-002
   5.400000E+001   2.200200E-002
   5.500000E+001   2.195455E-002
   5.600000E+001   2.191099E-002
   5.700000E+001   2.187146E-002
   5.800000E+001   2.183614E-002
   5.900000E+001   2.180517E-002
   6.000000E+001   2.177872E-002
   6.100000E+001   2.175694E-002
   6.200000E+001   2.173995E-002
   6.300000E+001   2.172788E-002
   6.400000E+001   2.172083E-002
   6.500000E+001   2.171893E-002
   6.600000E+001   2.172230E-002
   6.700000E+001   2.173106E-002
   6.800000E+001   2.174532E-002
   6.900000E+001   2.176520E-002
   7.000000E+001   2.179083E-002
   7.100000E+001   2.182231E-002
   7.200000E+001   2.185972E-002
   7.300000E+001   2.190315E-002
   7.400000E+001   2.195267E-002
   7.500000E+001   2.200836E-002
   7.600000E+001   2.207030E-002
   7.700000E+001   2.213857E-002
   7.800000E+001   2.221324E-002
   7.900000E+001   2.229439E-002
   8.000000E+001   2.238209E-002
   8.100000E+001   2.247643E-002
   8.200000E+001   2.257742E-002
   8.300000E+001   2.268510E-002
   8.400000E+001   2.279950E-002
   8.500000E+001   2.292063E-002
   8.600000E+001   2.304853E-002
   8.700000E+001   2.318322E-002
   8.800000E+001   2.332472E-002
   8.900000E+001   2.347306E-002
   9.000000E+001   2.362826E-002
   9.100000E+001   2.379036E-002
   9.200000E+001   2.395933E-002
   9.300000E+001   2.413517E-002
   9.400000E+001   2.431787E-002
   9.500000E+001   2.450741E-002
   9.600000E+001   2.470379E-002
   9.700000E+001   2.490700E-002
   9.800000E+001   2.511702E-002
   9.900000E+001   2.533384E-002
   1.000000E+002   2.555745E-002
   1.010000E+002   2.578783E-002
   1.020000E+002   2.602491E-002
   1.030000E+002   2.626862E-002
   1.040000E+002   2.651888E-002
   1.050000E+002   2.677561E-002
   1.060000E+002   2.703873E-002
   1.070000E+002   2.730817E-002
   1.080000E+002   2.758384E-002
   1.090000E+002   2.786569E-002
   1.100000E+002   2.815361E-002
   1.110000E+002   2.844755E-002
   1.120000E+002   2.874741E-002
   1.130000E+002   2.905313E-002
   1.140000E+002   2.936463E-002
   1.150000E+002   2.968182E-002
   1.160000E+002   3.000464E-002
   1.170000E+002   3.033300E-002
   1.180000E+002   3.066683E-002
   1.190000E+002   3.100606E-002
   1.200000E+002   3.135059E-002
   1.210000E+002   3.170035E-002
   1.220000E+002   3.205520E-002
   1.230000E+002   3.241498E-002
   1.240000E+002   3.277953E-002
   1.250000E+002   3.314872E-002
   1.260000E+002   3.352238E-002
   1.270000E+002   3.390037E-002
   1.280000E+002   3.428253E-002
   1.290000E+002   3.466870E-002
   1.300000E+002   3.505875E-002
   1.310000E+002   3.545251E-002
   1.320000E+002   3.584984E-002
   1.330000E+002   3.625057E-002
   1.340000E+002   3.665457E-002
   1.350000E+002   3.706167E-002
   1.360000E+002   3.747173E-002
   1.370000E+002   3.788459E-002
   1.380000E+002   3.830010E-002
   1.390000E+002   3.871811E-002
   1.400000E+002   3.913847E-002
   1.410000E+002   3.956102E-002
   1.420000E+002   3.998560E-002
   1.430000E+002   4.041204E-002
   1.440000E+002   4.084017E-002
   1.450000E+002   4.126983E-002
   1.460000E+002   4.170085E-002
   1.470000E+002   4.213306E-002
   1.480000E+002   4.256630E-002
   1.490000E+002   4.300040E-002
   1.500000E+002   4.343519E-002
   1.510000E+002   4.387050E-002
   1.520000E+002   4.430617E-002
   1.530000E+002   4.474203E-002
   1.540000E+002   4.517791E-002
   1.550000E+002   4.561365E-002
   1.560000E+002   4.604909E-002
   1.570000E+002   4.648404E-002
   1.580000E+002   4.691835E-002
   1.590000E+002   4.735184E-002
   1.600000E+002   4.778436E-002
   1.610000E+002   4.821574E-002
   1.620000E+002   4.864579E-002
   1.630000E+002   4.907436E-002
   1.640000E+002   4.950127E-002
   1.650000E+002   4.992635E-002
   1.660000E+002   5.034943E-002
   1.670000E+002   5.077034E-002
   1.680000E+002   5.118891E-002
   1.690000E+002   5.160496E-002
   1.700000E+002   5.201833E-002
   1.710000E+002   5.242885E-002
   1.720000E+002   5.283634E-002
   1.730000E+002   5.324063E-002
   1.740000E+002   5.364155E-002
   1.750000E+002   5.403893E-002
   1.760000E+002   5.443261E-002
   1.770000E+002   5.482240E-002
   1.780000E+002   5.520814E-002
   1.790000E+002   5.558966E-002
   1.800000E+002   5.596679E-002
   1.810000E+002   5.633935E-002
   1.820000E+002   5.670722E-002
   1.830000E+002   5.707025E-002
   1.840000E+002   5.742831E-002
   1.850000E+002   5.778127E-002
   1.860000E+002   5.812898E-002
   1.870000E+002   5.847132E-002
   1.880000E+002   5.880815E-002
   1.890000E+002   5.913933E-002
   1.900000E+002   5.946473E-002
   1.910000E+002   5.978421E-002
   1.920000E+002   6.009764E-002
   1.930000E+002   6.040488E-002
   1.940000E+002   6.070580E-002
   1.950000E+002   6.100026E-002
   1.960000E+002   6.128813E-002
   1.970000E+002   6.156928E-002
   1.980000E+002   6.184356E-002
   1.990000E+002   6.211084E-002
   2.000000E+002   6.237098E-002
   2.010000E+002   6.262388E-002
   2.020000E+002   6.286945E-002
   2.030000E+002   6.310765E-002
   2.040000E+002   6.333844E-002
   2.050000E+002   6.356175E-002
   2.060000E+002   6.377755E-002
   2.070000E+002   6.398578E-002
   2.080000E+002   6.418638E-002
   2.090000E+002   6.437932E-002
   2.100000E+002   6.456454E-002
   2.110000E+002   6.474199E-002
   2.120000E+002   6.491161E-002
   2.130000E+002   6.507337E-002
   2.140000E+002   6.522721E-002
   2.150000E+002   6.537307E-002
   2.160000E+002   6.551091E-002
   2.170000E+002   6.564069E-002
   2.180000E+002   6.576234E-002
   2.190000E+002   6.587582E-002
   2.200000E+002   6.598108E-002
   2.210000E+002   6.607807E-002
   2.220000E+002   6.616674E-002
   2.230000E+002   6.624703E-002
   2.240000E+002   6.631890E-002
   2.250000E+002   6.638231E-002
   2.260000E+002   6.643720E-002
   2.270000E+002   6.648359E-002
   2.280000E+002   6.652152E-002
   2.290000E+002   6.655101E-002
   2.300000E+002   6.657209E-002
   2.310000E+002   6.658477E-002
   2.320000E+002   6.658910E-002
   2.330000E+002   6.658510E-002
   2.340000E+002   6.657279E-002
   2.350000E+002   6.655221E-002
   2.360000E+002   6.652337E-002
   2.370000E+002   6.648631E-002
   2.380000E+002   6.644106E-002
   2.390000E+002   6.638763E-002
   2.400000E+002   6.632607E-002
   2.410000E+002   6.625638E-002
   2.420000E+002   6.617862E-002
   2.430000E+002   6.609279E-002
   2.440000E+002   6.599893E-002
   2.450000E+002   6.589706E-002
   2.460000E+002   6.578721E-002
   2.470000E+002   6.566941E-002
   2.480000E+002   6.554369E-002
   2.490000E+002   6.541007E-002
   2.500000E+002   6.526858E-002
   2.510000E+002   6.511925E-002
   2.520000E+002   6.496219E-002
   2.530000E+002   6.479748E-002
   2.540000E+002   6.462522E-002
   2.550000E+002   6.444551E-002
   2.560000E+002   6.425845E-002
   2.570000E+002   6.406413E-002
   2.580000E+002   6.386267E-002
   2.590000E+002   6.365415E-002
   2.600000E+002   6.343867E-002
   2.610000E+002   6.321633E-002
   2.620000E+002   6.298723E-002
   2.630000E+002   6.275148E-002
   2.640000E+002   6.250916E-002
   2.650000E+002   6.226037E-002
   2.660000E+002   6.200522E-002
   2.670000E+002   6.174380E-002
   2.680000E+002   6.147622E-002
   2.690000E+002   6.120256E-002
   2.700000E+002   6.092293E-002
   2.710000E+002   6.063742E-002
   2.720000E+002   6.034615E-002
   2.730000E+002   6.004919E-002
   2.740000E+002   5.974666E-002
   2.750000E+002   5.943865E-002
   2.760000E+002   5.912526E-002
   2.770000E+002   5.880667E-002
   2.780000E+002   5.848302E-002
   2.790000E+002   5.815450E-002
   2.800000E+002   5.782126E-002
   2.810000E+002   5.748348E-002
   2.820000E+002   5.714132E-002
   2.830000E+002   5.679495E-002
   2.840000E+002   5.644453E-002
   2.850000E+002   5.609024E-002
   2.860000E+002   5.573224E-002
   2.870000E+002   5.537069E-002
   2.880000E+002   5.500577E-002
   2.890000E+002   5.463764E-002
   2.900000E+002   5.426646E-002
   2.910000E+002   5.389242E-002
   2.920000E+002   5.351566E-002
   2.930000E+002   5.313637E-002
   2.940000E+002   5.275470E-002
   2.950000E+002   5.237082E-002
   2.960000E+002   5.198491E-002
   2.970000E+002   5.159712E-002
   2.980000E+002   5.120763E-002
   2.990000E+002   5.081660E-002
   3.000000E+002   5.042420E-002
   3.010000E+002   5.003059E-002
   3.020000E+002   4.963591E-002
   3.030000E+002   4.924028E-002
   3.040000E+002   4.884385E-002
   3.050000E+002   4.844674E-002
   3.060000E+002   4.804908E-002
   3.070000E+002   4.765101E-002
   3.080000E+002   4.725265E-002
   3.090000E+002   4.685413E-002
   3.100000E+002   4.645560E-002
   3.110000E+002   4.605717E-002
   3.120000E+002   4.565899E-002
   3.130000E+002   4.526117E-002
   3.140000E+002   4.486386E-002
   3.150000E+002   4.446719E-002
   3.160000E+002   4.407127E-002
   3.170000E+002   4.367626E-002
   3.180000E+002   4.328227E-002
   3.190000E+002   4.288945E-002
   3.200000E+002   4.249791E-002
   3.210000E+002   4.210779E-002
   3.220000E+002   4.171923E-002
   3.230000E+002   4.133235E-002
   3.240000E+002   4.094729E-002
   3.250000E+002   4.056418E-002
   3.260000E+002   4.018314E-002
   3.270000E+002   3.980431E-002
   3.280000E+002   3.942782E-002
   3.290000E+002   3.905381E-002
   3.300000E+002   3.868240E-002
   3.310000E+002   3.831372E-002
   3.320000E+002   3.794791E-002
   3.330000E+002   3.758509E-002
   3.340000E+002   3.722541E-002
   3.350000E+002   3.686898E-002
   3.360000E+002   3.651595E-002
   3.370000E+002   3.616643E-002
   3.380000E+002   3.582057E-002
   3.390000E+002   3.547850E-002
   3.400000E+002   3.514034E-002
   3.410000E+002   3.480622E-002
   3.420000E+002   3.447629E-002
   3.430000E+002   3.415067E-002
   3.440000E+002   3.382948E-002
   3.450000E+002   3.351287E-002
   3.460000E+002   3.320097E-002
   3.470000E+002   3.289389E-002
   3.480000E+002   3.259179E-002
   3.490000E+002   3.229478E-002
   3.500000E+002   3.200300E-002
   3.510000E+002   3.171656E-002
   3.520000E+002   3.143549E-002
   3.530000E+002   3.115981E-002
   3.540000E+002   3.088952E-002
   3.550000E+002   3.062464E-002
   3.560000E+002   3.036519E-002
   3.570000E+002   3.011116E-002
   3.580000E+002   2.986259E-002
   3.590000E+002   2.961947E-002
   3.600000E+002   2.938182E-002
   3.610000E+002   2.914965E-002
   3.620000E+002   2.892298E-002
   3.630000E+002   2.870181E-002
   3.640000E+002   2.848617E-002
   3.650000E+002   2.827606E-002
   3.660000E+002   2.807149E-002
   3.670000E+002   2.787247E-002
   3.680000E+002   2.767903E-002
   3.690000E+002   2.749116E-002
   3.700000E+002   2.730889E-002
   3.710000E+002   2.713222E-002
   3.720000E+002   2.696117E-002
   3.730000E+002   2.679575E-002
   3.740000E+002   2.663597E-002
   3.750000E+002   2.648185E-002
   3.760000E+002   2.633339E-002
   3.770000E+002   2.619061E-002
   3.780000E+002   2.605352E-002
   3.790000E+002   2.592214E-002
   3.800000E+002   2.579647E-002
   3.810000E+002   2.567653E-002
   3.820000E+002   2.556233E-002
   3.830000E+002   2.545388E-002
   3.840000E+002   2.535119E-002
   3.850000E+002   2.525428E-002
   3.860000E+002   2.516316E-002
   3.870000E+002   2.507784E-002
   3.880000E+002   2.499834E-002
   3.890000E+002   2.492466E-002
   3.900000E+002   2.485682E-002
   3.910000E+002   2.479483E-002
   3.920000E+002   2.473870E-002
   3.930000E+002   2.468845E-002
   3.940000E+002   2.464408E-002
   3.950000E+002   2.460561E-002
   3.960000E+002   2.457306E-002
   3.970000E+002   2.454642E-002
   3.980000E+002   2.452573E-002
   3.990000E+002   2.451098E-002
   4.000000E+002   2.450219E-002
   4.010000E+002   2.449936E-002
   4.020000E+002   2.450240E-002
   4.030000E+002   2.451121E-002
   4.040000E+002   2.452569E-002
   4.050000E+002   2.454574E-002
   4.060000E+002   2.457126E-002
   4.070000E+002   2.460214E-002
   4.080000E+002   2.463830E-002
   4.090000E+002   2.467961E-002
   4.100000E+002   2.472600E-002
   4.110000E+002   2.477735E-002
   4.120000E+002   2.483356E-002
   4.130000E+002   2.489453E-002
   4.140000E+002   2.496017E-002
   4.150000E+002   2.503037E-002
   4.160000E+002   2.510502E-002
   4.170000E+002   2.518404E-002
   4.180000E+002   2.526732E-002
   4.190000E+002   2.535475E-002
   4.200000E+002   2.544624E-002
   4.210000E+002   2.554168E-002
   4.220000E+002   2.564098E-002
   4.230000E+002   2.574404E-002
   4.240000E+002   2.585074E-002
   4.250000E+002   2.596100E-002
   4.260000E+002   2.607471E-002
   4.270000E+002   2.619177E-002
   4.280000E+002   2.631209E-002
   4.290000E+002   2.643555E-002
   4.300000E+002   2.656206E-002
   4.310000E+002   2.669151E-002
   4.320000E+002   2.682381E-002
   4.330000E+002   2.695886E-002
   4.340000E+002   2.709655E-002
   4.350000E+002   2.723679E-002
   4.360000E+002   2.737947E-002
   4.370000E+002   2.752449E-002
   4.380000E+002   2.767175E-002
   4.390000E+002   2.782116E-002
   4.400000E+002   2.797260E-002
   4.410000E+002   2.812598E-002
   4.420000E+002   2.828120E-002
   4.430000E+002   2.843816E-002
   4.440000E+002   2.859675E-002
   4.450000E+002   2.875688E-002
   4.460000E+002   2.891844E-002
   4.470000E+002   2.908134E-002
   4.480000E+002   2.924547E-002
   4.490000E+002   2.941073E-002
   4.500000E+002   2.957702E-002
   4.510000E+002   2.974425E-002
   4.520000E+002   2.991231E-002
   4.530000E+002   3.008112E-002
   4.540000E+002   3.025059E-002
   4.550000E+002   3.042062E-002
   4.560000E+002   3.059113E-002
   4.570000E+002   3.076202E-002
   4.580000E+002   3.093321E-002
   4.590000E+002   3.110459E-002
   4.600000E+002   3.127609E-002
   4.610000E+002   3.144761E-002
   4.620000E+002   3.161905E-002
   4.630000E+002   3.179033E-002
   4.640000E+002   3.196135E-002
   4.650000E+002   3.213203E-002
   4.660000E+002   3.230227E-002
   4.670000E+002   3.247199E-002
   4.680000E+002   3.264108E-002
   4.690000E+002   3.280947E-002
   4.700000E+002   3.297705E-002
   4.710000E+002   3.314374E-002
   4.720000E+002   3.330945E-002
   4.730000E+002   3.347409E-002
   4.740000E+002   3.363756E-002
   4.750000E+002   3.379977E-002
   4.760000E+002   3.396063E-002
   4.770000E+002   3.412005E-002
   4.780000E+002   3.427795E-002
   4.790000E+002   3.443422E-002
   4.800000E+002   3.458878E-002
   4.810000E+002   3.474154E-002
   4.820000E+002   3.489240E-002
   4.830000E+002   3.504128E-002
   4.840000E+002   3.518807E-002
   4.850000E+002   3.533270E-002
   4.860000E+002   3.547508E-002
   4.870000E+002   3.561510E-002
   4.880000E+002   3.575268E-002
   4.890000E+002   3.588772E-002
   4.900000E+002   3.602015E-002
   4.910000E+002   3.614985E-002
   4.920000E+002   3.627676E-002
   4.930000E+002   3.640076E-002
   4.940000E+002   3.652178E-002
   4.950000E+002   3.663972E-002
   4.960000E+002   3.675448E-002
   4.970000E+002   3.686599E-002
   4.980000E+002   3.697414E-002
   4.990000E+002   3.707885E-002
   5.000000E+002   3.718002E-002
   5.010000E+002   3.727758E-002
   5.020000E+002   3.737152E-002
   5.030000E+002   3.746185E-002
   5.040000E+002   3.754856E-002
   5.050000E+002   3.763167E-002
   5.060000E+002   3.771117E-002
   5.070000E+002   3.778707E-002
   5.080000E+002   3.785938E-002
   5.090000E+002   3.792811E-002
   5.100000E+002   3.799324E-002
   5.110000E+002   3.805480E-002
   5.120000E+002   3.811279E-002
   5.130000E+002   3.816720E-002
   5.140000E+002   3.821805E-002
   5.150000E+002   3.826534E-002
   5.160000E+002   3.830907E-002
   5.170000E+002   3.834925E-002
   5.180000E+002   3.838589E-002
   5.190000E+002   3.841898E-002
   5.200000E+002   3.844854E-002
   5.210000E+002   3.847456E-002
   5.220000E+002   3.849706E-002
   5.230000E+002   3.851603E-002
   5.240000E+002   3.853149E-002
   5.250000E+002   3.854343E-002
   5.260000E+002   3.855186E-002
   5.270000E+002   3.855679E-002
   5.280000E+002   3.855822E-002
   5.290000E+002   3.855616E-002
   5.300000E+002   3.855060E-002
   5.310000E+002   3.854156E-002
   5.320000E+002   3.852904E-002
   5.330000E+002   3.851304E-002
   5.340000E+002   3.849357E-002
   5.350000E+002   3.847063E-002
   5.360000E+002   3.844424E-002
   5.370000E+002   3.841438E-002
   5.380000E+002   3.838107E-002
   5.390000E+002   3.834432E-002
   5.400000E+002   3.830412E-002
   5.410000E+002   3.826048E-002
   5.420000E+002   3.821341E-002
   5.430000E+002   3.816291E-002
   5.440000E+002   3.810899E-002
   5.450000E+002   3.805164E-002
   5.460000E+002   3.799089E-002
   5.470000E+002   3.792672E-002
   5.480000E+002   3.785914E-002
   5.490000E+002   3.778817E-002
   5.500000E+002   3.771379E-002
   5.510000E+002   3.763604E-002
   5.520000E+002   3.755498E-002
   5.530000E+002   3.747069E-002
   5.540000E+002   3.738324E-002
   5.550000E+002   3.729273E-002
   5.560000E+002   3.719922E-002
   5.570000E+002   3.710280E-002
   5.580000E+002   3.700355E-002
   5.590000E+002   3.690156E-002
   5.600000E+002   3.679689E-002
   5.610000E+002   3.668963E-002
   5.620000E+002   3.657986E-002
   5.630000E+002   3.646766E-002
   5.640000E+002   3.635312E-002
   5.650000E+002   3.623630E-002
   5.660000E+002   3.611729E-002
   5.670000E+002   3.599618E-002
   5.680000E+002   3.587303E-002
   5.690000E+002   3.574794E-002
   5.700000E+002   3.562098E-002
   5.710000E+002   3.549222E-002
   5.720000E+002   3.536176E-002
   5.730000E+002   3.522968E-002
   5.740000E+002   3.509604E-002
   5.750000E+002   3.496094E-002
   5.760000E+002   3.482445E-002
   5.770000E+002   3.468665E-002
   5.780000E+002   3.454762E-002
   5.790000E+002   3.440744E-002
   5.800000E+002   3.426620E-002
   5.810000E+002   3.412397E-002
   5.820000E+002   3.398084E-002
   5.830000E+002   3.383687E-002
   5.840000E+002   3.369217E-002
   5.850000E+002   3.354679E-002
   5.860000E+002   3.340083E-002
   5.870000E+002   3.325436E-002
   5.880000E+002   3.310746E-002
   5.890000E+002   3.296022E-002
   5.900000E+002   3.281272E-002
   5.910000E+002   3.266502E-002
   5.920000E+002   3.251723E-002
   5.930000E+002   3.236940E-002
   5.940000E+002   3.222164E-002
   5.950000E+002   3.207400E-002
   5.960000E+002   3.192658E-002
   5.970000E+002   3.177946E-002
   5.980000E+002   3.163271E-002
   5.990000E+002   3.148642E-002
   6.000000E+002   3.134066E-002
   6.010000E+002   3.119552E-002
   6.020000E+002   3.105105E-002
   6.030000E+002   3.090730E-002
   6.040000E+002   3.076434E-002
   6.050000E+002   3.062223E-002
   6.060000E+002   3.048100E-002
   6.070000E+002   3.034074E-002
   6.080000E+002   3.020148E-002
   6.090000E+002   3.006329E-002
   6.100000E+002   2.992622E-002
   6.110000E+002   2.979034E-002
   6.120000E+002   2.965568E-002
   6.130000E+002   2.952232E-002
   6.140000E+002   2.939031E-002
   6.150000E+002   2.925970E-002
   6.160000E+002   2.913055E-002
   6.170000E+002   2.900292E-002
   6.180000E+002   2.887686E-002
   6.190000E+002   2.875244E-002
   6.200000E+002   2.862969E-002
   6.210000E+002   2.850869E-002
   6.220000E+002   2.838949E-002
   6.230000E+002   2.827215E-002
   6.240000E+002   2.815672E-002
   6.250000E+002   2.804325E-002
   6.260000E+002   2.793181E-002
   6.270000E+002   2.782245E-002
   6.280000E+002   2.771522E-002
   6.290000E+002   2.761019E-002
   6.300000E+002   2.750741E-002
   6.310000E+002   2.740693E-002
   6.320000E+002   2.730881E-002
   6.330000E+002   2.721312E-002
   6.340000E+002   2.711990E-002
   6.350000E+002   2.702921E-002
   6.360000E+002   2.694110E-002
   6.370000E+002   2.685564E-002
   6.380000E+002   2.677288E-002
   6.390000E+002   2.669288E-002
   6.400000E+002   2.661569E-002
   6.410000E+002   2.654137E-002
   6.420000E+002   2.646997E-002
   6.430000E+002   2.640156E-002
   6.440000E+002   2.633618E-002
   6.450000E+002   2.627390E-002
   6.460000E+002   2.621477E-002
   6.470000E+002   2.615884E-002
   6.480000E+002   2.610618E-002
   6.490000E+002   2.605684E-002
   6.500000E+002   2.601088E-002
   6.510000E+002   2.596833E-002
   6.520000E+002   2.592920E-002
   6.530000E+002   2.589346E-002
   6.540000E+002   2.586111E-002
   6.550000E+002   2.583211E-002
   6.560000E+002   2.580645E-002
   6.570000E+002   2.578411E-002
   6.580000E+002   2.576507E-002
   6.590000E+002   2.574933E-002
   6.600000E+002   2.573684E-002
   6.610000E+002   2.572761E-002
   6.620000E+002   2.572161E-002
   6.630000E+002   2.571881E-002
   6.640000E+002   2.571922E-002
   6.650000E+002   2.572279E-002
   6.660000E+002   2.572952E-002
   6.670000E+002   2.573940E-002
   6.680000E+002   2.575239E-002
   6.690000E+002   2.576848E-002
   6.700000E+002   2.578765E-002
   6.710000E+002   2.580989E-002
   6.720000E+002   2.583518E-002
   6.730000E+002   2.586349E-002
   6.740000E+002   2.589481E-002
   6.750000E+002   2.592912E-002
   6.760000E+002   2.596641E-002
   6.770000E+002   2.600665E-002
   6.780000E+002   2.604983E-002
   6.790000E+002   2.609592E-002
   6.800000E+002   2.614491E-002
   6.810000E+002   2.619678E-002
   6.820000E+002   2.625152E-002
   6.830000E+002   2.630910E-002
   6.840000E+002   2.636950E-002
   6.850000E+002   2.643271E-002
   6.860000E+002   2.649871E-002
   6.870000E+002   2.656748E-002
   6.880000E+002   2.663900E-002
   6.890000E+002   2.671326E-002
   6.900000E+002   2.679023E-002
   6.910000E+002   2.686989E-002
   6.920000E+002   2.695224E-002
   6.930000E+002   2.703724E-002
   6.940000E+002   2.712489E-002
   6.950000E+002   2.721516E-002
   6.960000E+002   2.730804E-002
   6.970000E+002   2.740350E-002
   6.980000E+002   2.750153E-002
   6.990000E+002   2.760210E-002
   7.000000E+002   2.770521E-002
   7.010000E+002   2.781082E-002
   7.020000E+002   2.791886E-002
   7.030000E+002   2.802924E-002
   7.040000E+002   2.814189E-002
   7.050000E+002   2.825670E-002
   7.060000E+002   2.837360E-002
   7.070000E+002   2.849251E-002
   7.080000E+002   2.861333E-002
   7.090000E+002   2.873599E-002
   7.100000E+002   2.886040E-002
   7.110000E+002   2.898647E-002
   7.120000E+002   2.911412E-002
   7.130000E+002   2.924327E-002
   7.140000E+002   2.937383E-002
   7.150000E+002   2.950571E-002
   7.160000E+002   2.963883E-002
   7.170000E+002   2.977311E-002
   7.180000E+002   2.990846E-002
   7.190000E+002   3.004479E-002
   7.200000E+002   3.018202E-002
   7.210000E+002   3.032007E-002
   7.220000E+002   3.045885E-002
   7.230000E+002   3.059828E-002
   7.240000E+002   3.073827E-002
   7.250000E+002   3.087874E-002
   7.260000E+002   3.101959E-002
   7.270000E+002   3.116076E-002
   7.280000E+002   3.130214E-002
   7.290000E+002   3.144367E-002
   7.300000E+002   3.158524E-002
   7.310000E+002   3.172679E-002
   7.320000E+002   3.186821E-002
   7.330000E+002   3.200944E-002
   7.340000E+002   3.215037E-002
   7.350000E+002   3.229094E-002
   7.360000E+002   3.243105E-002
   7.370000E+002   3.257061E-002
   7.380000E+002   3.270956E-002
   7.390000E+002   3.284779E-002
   7.400000E+002   3.298522E-002
   7.410000E+002   3.312177E-002
   7.420000E+002   3.325736E-002
   7.430000E+002   3.339190E-002
   7.440000E+002   3.352530E-002
   7.450000E+002   3.365748E-002
   7.460000E+002   3.378836E-002
   7.470000E+002   3.391784E-002
   7.480000E+002   3.404585E-002
   7.490000E+002   3.417231E-002
   7.500000E+002   3.429711E-002
   7.510000E+002   3.442020E-002
   7.520000E+002   3.454153E-002
   7.530000E+002   3.466107E-002
   7.540000E+002   3.477880E-002
   7.550000E+002   3.489467E-002
   7.560000E+002   3.500868E-002
   7.570000E+002   3.512077E-002
   7.580000E+002   3.523093E-002
   7.590000E+002   3.533913E-002
   7.600000E+002   3.544533E-002
   7.610000E+002   3.554951E-002
   7.620000E+002   3.565164E-002
   7.630000E+002   3.575168E-002
   7.640000E+002   3.584962E-002
   7.650000E+002   3.594541E-002
   7.660000E+002   3.603903E-002
   7.670000E+002   3.613046E-002
   7.680000E+002   3.621965E-002
   7.690000E+002   3.630659E-002
   7.700000E+002   3.639124E-002
   7.710000E+002   3.647358E-002
   7.720000E+002   3.655356E-002
   7.730000E+002   3.663117E-002
   7.740000E+002   3.670638E-002
   7.750000E+002   3.677915E-002
   7.760000E+002   3.684946E-002
   7.770000E+002   3.691728E-002
   7.780000E+002   3.698257E-002
   7.790000E+002   3.704531E-002
   7.800000E+002   3.710547E-002
   7.810000E+002   3.716302E-002
   7.820000E+002   3.721793E-002
   7.830000E+002   3.727017E-002
   7.840000E+002   3.731971E-002
   7.850000E+002   3.736652E-002
   7.860000E+002   3.741058E-002
   7.870000E+002   3.745184E-002
   7.880000E+002   3.749030E-002
   7.890000E+002   3.752590E-002
   7.900000E+002   3.755863E-002
   7.910000E+002   3.758846E-002
   7.920000E+002   3.761535E-002
   7.930000E+002   3.763928E-002
   7.940000E+002   3.766022E-002
   7.950000E+002   3.767813E-002
   7.960000E+002   3.769300E-002
   7.970000E+002   3.770478E-002
   7.980000E+002   3.771345E-002
   7.990000E+002   3.771898E-002
   8.000000E+002   3.772135E-002
   8.010000E+002   3.772052E-002
   8.020000E+002   3.771651E-002
   8.030000E+002   3.770934E-002
   8.040000E+002   3.769901E-002
   8.050000E+002   3.768555E-002
   8.060000E+002   3.766897E-002
   8.070000E+002   3.764929E-002
   8.080000E+002   3.762653E-002
   8.090000E+002   3.760069E-002
   8.100000E+002   3.757180E-002
   8.110000E+002   3.753987E-002
   8.120000E+002   3.750492E-002
   8.130000E+002   3.746696E-002
   8.140000E+002   3.742601E-002
   8.150000E+002   3.738209E-002
   8.160000E+002   3.733520E-002
   8.170000E+002   3.728538E-002
   8.180000E+002   3.723263E-002
   8.190000E+002   3.717697E-002
   8.200000E+002   3.711842E-002
   8.210000E+002   3.705698E-002
   8.220000E+002   3.699269E-002
   8.230000E+002   3.692555E-002
   8.240000E+002   3.685557E-002
   8.250000E+002   3.678279E-002
   8.260000E+002   3.670720E-002
   8.270000E+002   3.662883E-002
   8.280000E+002   3.654770E-002
   8.290000E+002   3.646382E-002
   8.300000E+002   3.637720E-002
   8.310000E+002   3.628786E-002
   8.320000E+002   3.619582E-002
   8.330000E+002   3.610110E-002
   8.340000E+002   3.600370E-002
   8.350000E+002   3.590365E-002
   8.360000E+002   3.580096E-002
   8.370000E+002   3.569565E-002
   8.380000E+002   3.558773E-002
   8.390000E+002   3.547723E-002
   8.400000E+002   3.536414E-002
   8.410000E+002   3.524850E-002
   8.420000E+002   3.513032E-002
   8.430000E+002   3.500961E-002
   8.440000E+002   3.488639E-002
   8.450000E+002   3.476068E-002
   8.460000E+002   3.463248E-002
   8.470000E+002   3.450183E-002
   8.480000E+002   3.436873E-002
   8.490000E+002   3.423320E-002
   8.500000E+002   3.409525E-002
   8.510000E+002   3.395491E-002
   8.520000E+002   3.381225E-002
   8.530000E+002   3.366731E-002
   8.540000E+002   3.352019E-002
   8.550000E+002   3.337093E-002
   8.560000E+002   3.321961E-002
   8.570000E+002   3.306630E-002
   8.580000E+002   3.291106E-002
   8.590000E+002   3.275396E-002
   8.600000E+002   3.259507E-002
   8.610000E+002   3.243445E-002
   8.620000E+002   3.227218E-002
   8.630000E+002   3.210831E-002
   8.640000E+002   3.194292E-002
   8.650000E+002   3.177608E-002
   8.660000E+002   3.160785E-002
   8.670000E+002   3.143830E-002
   8.680000E+002   3.126749E-002
   8.690000E+002   3.109550E-002
   8.700000E+002   3.092239E-002
   8.710000E+002   3.074823E-002
   8.720000E+002   3.057308E-002
   8.730000E+002   3.039702E-002
   8.740000E+002   3.022010E-002
   8.750000E+002   3.004241E-002
   8.760000E+002   2.986400E-002
   8.770000E+002   2.968494E-002
   8.780000E+002   2.950531E-002
   8.790000E+002   2.932516E-002
   8.800000E+002   2.914456E-002
   8.810000E+002   2.896359E-002
   8.820000E+002   2.878230E-002
   8.830000E+002   2.860078E-002
   8.840000E+002   2.841907E-002
   8.850000E+002   2.823726E-002
   8.860000E+002   2.805541E-002
   8.870000E+002   2.787358E-002
   8.880000E+002   2.769185E-002
   8.890000E+002   2.751027E-002
   8.900000E+002   2.732893E-002
   8.910000E+002   2.714788E-002
   8.920000E+002   2.696719E-002
   8.930000E+002   2.678694E-002
   8.940000E+002   2.660718E-002
   8.950000E+002   2.642798E-002
   8.960000E+002   2.624942E-002
   8.970000E+002   2.607156E-002
   8.980000E+002   2.589446E-002
   8.990000E+002   2.571820E-002
   9.000000E+002   2.554284E-002
   9.010000E+002   2.536844E-002
   9.020000E+002   2.519505E-002
   9.030000E+002   2.502270E-002
   9.040000E+002   2.485142E-002
   9.050000E+002   2.468126E-002
   9.060000E+002   2.451224E-002
   9.070000E+002   2.434441E-002
   9.080000E+002   2.417779E-002
   9.090000E+002   2.401243E-002
   9.100000E+002   2.384836E-002
   9.110000E+002   2.368562E-002
   9.120000E+002   2.352423E-002
   9.130000E+002   2.336424E-002
   9.140000E+002   2.320569E-002
   9.150000E+002   2.304860E-002
   9.160000E+002   2.289302E-002
   9.170000E+002   2.273898E-002
   9.180000E+002   2.258651E-002
   9.190000E+002   2.243565E-002
   9.200000E+002   2.228644E-002
   9.210000E+002   2.213891E-002
   9.220000E+002   2.199310E-002
   9.230000E+002   2.184905E-002
   9.240000E+002   2.170678E-002
   9.250000E+002   2.156634E-002
   9.260000E+002   2.142775E-002
   9.270000E+002   2.129107E-002
   9.280000E+002   2.115631E-002
   9.290000E+002   2.102353E-002
   9.300000E+002   2.089275E-002
   9.310000E+002   2.076400E-002
   9.320000E+002   2.063733E-002
   9.330000E+002   2.051277E-002
   9.340000E+002   2.039036E-002
   9.350000E+002   2.027013E-002
   9.360000E+002   2.015211E-002
   9.370000E+002   2.003635E-002
   9.380000E+002   1.992288E-002
   9.390000E+002   1.981173E-002
   9.400000E+002   1.970294E-002
   9.410000E+002   1.959655E-002
   9.420000E+002   1.949259E-002
   9.430000E+002   1.939109E-002
   9.440000E+002   1.929210E-002
   9.450000E+002   1.919565E-002
   9.460000E+002   1.910177E-002
   9.470000E+002   1.901050E-002
   9.480000E+002   1.892187E-002
   9.490000E+002   1.883593E-002
   9.500000E+002   1.875270E-002
   9.510000E+002   1.867222E-002
   9.520000E+002   1.859447E-002
   9.530000E+002   1.851943E-002
   9.540000E+002   1.844709E-002
   9.550000E+002   1.837743E-002
   9.560000E+002   1.831043E-002
   9.570000E+002   1.824607E-002
   9.580000E+002   1.818434E-002
   9.590000E+002   1.812521E-002
   9.600000E+002   1.806866E-002
   9.610000E+002   1.801469E-002
   9.620000E+002   1.796326E-002
   9.630000E+002   1.791436E-002
   9.640000E+002   1.786798E-002
   9.650000E+002   1.782409E-002
   9.660000E+002   1.778267E-002
   9.670000E+002   1.774372E-002
   9.680000E+002   1.770720E-002
   9.690000E+002   1.767310E-002
   9.700000E+002   1.764140E-002
   9.710000E+002   1.761208E-002
   9.720000E+002   1.758513E-002
   9.730000E+002   1.756053E-002
   9.740000E+002   1.753825E-002
   9.750000E+002   1.751828E-002
   9.760000E+002   1.750061E-002
   9.770000E+002   1.748520E-002
   9.780000E+002   1.747205E-002
   9.790000E+002   1.746114E-002
   9.800000E+002   1.745244E-002
   9.810000E+002   1.744594E-002
   9.820000E+002   1.744162E-002
   9.830000E+002   1.743946E-002
   9.840000E+002   1.743945E-002
   9.850000E+002   1.744156E-002
   9.860000E+002   1.744578E-002
   9.870000E+002   1.745208E-002
   9.880000E+002   1.746045E-002
   9.890000E+002   1.747088E-002
   9.900000E+002   1.748333E-002
   9.910000E+002   1.749781E-002
   9.920000E+002   1.751427E-002
   9.930000E+002   1.753271E-002
   9.940000E+002   1.755312E-002
   9.950000E+002   1.757546E-002
   9.960000E+002   1.759972E-002
   9.970000E+002   1.762589E-002
   9.980000E+002   1.765394E-002
   9.990000E+002   1.768386E-002
   1.000000E+003   1.771562E-002
   1.001000E+003   1.774921E-002
   1.002000E+003   1.778458E-002
   1.003000E+003   1.782169E-002
   1.004000E+003   1.786048E-002
   1.005000E+003   1.790092E-002
   1.006000E+003   1.794294E-002
   1.007000E+003   1.798652E-002
   1.008000E+003   1.803159E-002
   1.009000E+003   1.807811E-002
   1.010000E+003   1.812603E-002
   1.011000E+003   1.817531E-002
   1.012000E+003   1.822590E-002
   1.013000E+003   1.827775E-002
   1.014000E+003   1.833081E-002
   1.015000E+003   1.838504E-002
   1.016000E+003   1.844039E-002
   1.017000E+003   1.849681E-002
   1.018000E+003   1.855426E-002
   1.019000E+003   1.861268E-002
   1.020000E+003   1.867203E-002
   1.021000E+003   1.873227E-002
   1.022000E+003   1.879334E-002
   1.023000E+003   1.885520E-002
   1.024000E+003   1.891780E-002
   1.025000E+003   1.898109E-002
   1.026000E+003   1.904503E-002
   1.027000E+003   1.910957E-002
   1.028000E+003   1.917465E-002
   1.029000E+003   1.924025E-002
   1.030000E+003   1.930629E-002
   1.031000E+003   1.937275E-002
   1.032000E+003   1.943957E-002
   1.033000E+003   1.950671E-002
   1.034000E+003   1.957411E-002
   1.035000E+003   1.964173E-002
   1.036000E+003   1.970952E-002
   1.037000E+003   1.977744E-002
   1.038000E+003   1.984544E-002
   1.039000E+003   1.991347E-002
   1.040000E+003   1.998148E-002
   1.041000E+003   2.004942E-002
   1.042000E+003   2.011726E-002
   1.043000E+003   2.018493E-002
   1.044000E+003   2.025240E-002
   1.045000E+003   2.031962E-002
   1.046000E+003   2.038654E-002
   1.047000E+003   2.045310E-002
   1.048000E+003   2.051927E-002
   1.049000E+003   2.058500E-002
   1.050000E+003   2.065024E-002
   1.051000E+003   2.071494E-002
   1.052000E+003   2.077908E-002
   1.053000E+003   2.084262E-002
   1.054000E+003   2.090554E-002
   1.055000E+003   2.096781E-002
   1.056000E+003   2.102939E-002
   1.057000E+003   2.109026E-002
   1.058000E+003   2.115039E-002
   1.059000E+003   2.120975E-002
   1.060000E+003   2.126831E-002
   1.061000E+003   2.132605E-002
   1.062000E+003   2.138293E-002
   1.063000E+003   2.143892E-002
   1.064000E+003   2.149400E-002
   1.065000E+003   2.154814E-002
   1.066000E+003   2.160131E-002
   1.067000E+003   2.165347E-002
   1.068000E+003   2.170461E-002
   1.069000E+003   2.175469E-002
   1.070000E+003   2.180368E-002
   1.071000E+003   2.185155E-002
   1.072000E+003   2.189828E-002
   1.073000E+003   2.194383E-002
   1.074000E+003   2.198818E-002
   1.075000E+003   2.203129E-002
   1.076000E+003   2.207315E-002
   1.077000E+003   2.211371E-002
   1.078000E+003   2.215296E-002
   1.079000E+003   2.219085E-002
   1.080000E+003   2.222737E-002
   1.081000E+003   2.226249E-002
   1.082000E+003   2.229617E-002
   1.083000E+003   2.232838E-002
   1.084000E+003   2.235910E-002
   1.085000E+003   2.238830E-002
   1.086000E+003   2.241595E-002
   1.087000E+003   2.244202E-002
   1.088000E+003   2.246648E-002
   1.089000E+003   2.248930E-002
   1.090000E+003   2.251045E-002
   1.091000E+003   2.252991E-002
   1.092000E+003   2.254765E-002
   1.093000E+003   2.256363E-002
   1.094000E+003   2.257783E-002
   1.095000E+003   2.259021E-002
   1.096000E+003   2.260076E-002
   1.097000E+003   2.260944E-002
   1.098000E+003   2.261622E-002
   1.099000E+003   2.262107E-002
   1.100000E+003   2.262396E-002
   1.101000E+003   2.262488E-002
   1.102000E+003   2.262383E-002
   1.103000E+003   2.262084E-002
   1.104000E+003   2.261593E-002
   1.105000E+003   2.260911E-002
   1.106000E+003   2.260042E-002
   1.107000E+003   2.258986E-002
   1.108000E+003   2.257747E-002
   1.109000E+003   2.256325E-002
   1.110000E+003   2.254724E-002
   1.111000E+003   2.252945E-002
   1.112000E+003   2.250990E-002
   1.113000E+003   2.248862E-002
   1.114000E+003   2.246563E-002
   1.115000E+003   2.244094E-002
   1.116000E+003   2.241458E-002
   1.117000E+003   2.238656E-002
   1.118000E+003   2.235691E-002
   1.119000E+003   2.232566E-002
   1.120000E+003   2.229281E-002
   1.121000E+003   2.225840E-002
   1.122000E+003   2.222244E-002
   1.123000E+003   2.218495E-002
   1.124000E+003   2.214595E-002
   1.125000E+003   2.210547E-002
   1.126000E+003   2.206352E-002
   1.127000E+003   2.202013E-002
   1.128000E+003   2.197532E-002
   1.129000E+003   2.192910E-002
   1.130000E+003   2.188151E-002
   1.131000E+003   2.183255E-002
   1.132000E+003   2.178225E-002
   1.133000E+003   2.173064E-002
   1.134000E+003   2.167772E-002
   1.135000E+003   2.162353E-002
   1.136000E+003   2.156808E-002
   1.137000E+003   2.151140E-002
   1.138000E+003   2.145350E-002
   1.139000E+003   2.139441E-002
   1.140000E+003   2.133414E-002
   1.141000E+003   2.127272E-002
   1.142000E+003   2.121018E-002
   1.143000E+003   2.114652E-002
   1.144000E+003   2.108177E-002
   1.145000E+003   2.101595E-002
   1.146000E+003   2.094908E-002
   1.147000E+003   2.088119E-002
   1.148000E+003   2.081228E-002
   1.149000E+003   2.074240E-002
   1.150000E+003   2.067155E-002
   1.151000E+003   2.059975E-002
   1.152000E+003   2.052703E-002
   1.153000E+003   2.045340E-002
   1.154000E+003   2.037888E-002
   1.155000E+003   2.030350E-002
   1.156000E+003   2.022727E-002
   1.157000E+003   2.015020E-002
   1.158000E+003   2.007233E-002
   1.159000E+003   1.999366E-002
   1.160000E+003   1.991421E-002
   1.161000E+003   1.983402E-002
   1.162000E+003   1.975308E-002
   1.163000E+003   1.967143E-002
   1.164000E+003   1.958908E-002
   1.165000E+003   1.950604E-002
   1.166000E+003   1.942235E-002
   1.167000E+003   1.933802E-002
   1.168000E+003   1.925306E-002
   1.169000E+003   1.916750E-002
   1.170000E+003   1.908135E-002
   1.171000E+003   1.899464E-002
   1.172000E+003   1.890738E-002
   1.173000E+003   1.881959E-002
   1.174000E+003   1.873129E-002
   1.175000E+003   1.864250E-002
   1.176000E+003   1.855324E-002
   1.177000E+003   1.846352E-002
   1.178000E+003   1.837337E-002
   1.179000E+003   1.828281E-002
   1.180000E+003   1.819185E-002
   1.181000E+003   1.810051E-002
   1.182000E+003   1.800881E-002
   1.183000E+003   1.791677E-002
   1.184000E+003   1.782441E-002
   1.185000E+003   1.773175E-002
   1.186000E+003   1.763881E-002
   1.187000E+003   1.754560E-002
   1.188000E+003   1.745215E-002
   1.189000E+003   1.735846E-002
   1.190000E+003   1.726458E-002
   1.191000E+003   1.717050E-002
   1.192000E+003   1.707625E-002
   1.193000E+003   1.698185E-002
   1.194000E+003   1.688732E-002
   1.195000E+003   1.679268E-002
   1.196000E+003   1.669794E-002
   1.197000E+003   1.660313E-002
   1.198000E+003   1.650826E-002
   1.199000E+003   1.641335E-002
   1.200000E+003   1.631842E-002
