   1.000000E+000   1.829364E-002
   2.000000E+000   2.291161E-002
   3.000000E+000   2.752957E-002
   4.000000E+000   2.774972E-002
   5.000000E+000   2.730819E-002
   6.000000E+000   2.714005E-002
   7.000000E+000   2.696230E-002
   8.000000E+000   2.677633E-002
   9.000000E+000   2.663726E-002
   1.000000E+001   2.653062E-002
   1.100000E+001   2.643042E-002
   1.200000E+001   2.633410E-002
   1.300000E+001   2.624390E-002
   1.400000E+001   2.615803E-002
   1.500000E+001   2.607368E-002
   1.600000E+001   2.598846E-002
   1.700000E+001   2.590169E-002
   1.800000E+001   2.581311E-002
   1.900000E+001   2.572244E-002
   2.000000E+001   2.562943E-002
   2.100000E+001   2.553388E-002
   2.200000E+001   2.543588E-002
   2.300000E+001   2.533556E-002
   2.400000E+001   2.523309E-002
   2.500000E+001   2.512861E-002
   2.600000E+001   2.502227E-002
   2.700000E+001   2.491422E-002
   2.800000E+001   2.480460E-002
   2.900000E+001   2.469357E-002
   3.000000E+001   2.458128E-002
   3.100000E+001   2.446788E-002
   3.200000E+001   2.435359E-002
   3.300000E+001   2.423862E-002
   3.400000E+001   2.412320E-002
   3.500000E+001   2.400755E-002
   3.600000E+001   2.389189E-002
   3.700000E+001   2.377643E-002
   3.800000E+001   2.366141E-002
   3.900000E+001   2.354704E-002
   4.000000E+001   2.343354E-002
   4.100000E+001   2.332114E-002
   4.200000E+001   2.321004E-002
   4.300000E+001   2.310044E-002
   4.400000E+001   2.299256E-002
   4.500000E+001   2.288661E-002
   4.600000E+001   2.278279E-002
   4.700000E+001   2.268130E-002
   4.800000E+001   2.258237E-002
   4.900000E+001   2.248619E-002
   5.000000E+001   2.239298E-002
   5.100000E+001   2.230292E-002
   5.200000E+001   2.221621E-002
   5.300000E+001   2.213299E-002
   5.400000E+001   2.205344E-002
   5.500000E+001   2.197772E-002
   5.600000E+001   2.190600E-002
   5.700000E+001   2.183844E-002
   5.800000E+001   2.177521E-002
   5.900000E+001   2.171648E-002
   6.000000E+001   2.166240E-002
   6.100000E+001   2.161313E-002
   6.200000E+001   2.156882E-002
   6.300000E+001   2.152959E-002
   6.400000E+001   2.149557E-002
   6.500000E+001   2.146687E-002
   6.600000E+001   2.144364E-002
   6.700000E+001   2.142600E-002
   6.800000E+001   2.141408E-002
   6.900000E+001   2.140800E-002
   7.000000E+001   2.140789E-002
   7.100000E+001   2.141387E-002
   7.200000E+001   2.142604E-002
   7.300000E+001   2.144446E-002
   7.400000E+001   2.146922E-002
   7.500000E+001   2.150039E-002
   7.600000E+001   2.153807E-002
   7.700000E+001   2.158232E-002
   7.800000E+001   2.163322E-002
   7.900000E+001   2.169086E-002
   8.000000E+001   2.175532E-002
   8.100000E+001   2.182666E-002
   8.200000E+001   2.190493E-002
   8.300000E+001   2.199014E-002
   8.400000E+001   2.208233E-002
   8.500000E+001   2.218152E-002
   8.600000E+001   2.228774E-002
   8.700000E+001   2.240102E-002
   8.800000E+001   2.252139E-002
   8.900000E+001   2.264886E-002
   9.000000E+001   2.278348E-002
   9.100000E+001   2.292526E-002
   9.200000E+001   2.307418E-002
   9.300000E+001   2.323025E-002
   9.400000E+001   2.339344E-002
   9.500000E+001   2.356374E-002
   9.600000E+001   2.374113E-002
   9.700000E+001   2.392561E-002
   9.800000E+001   2.411715E-002
   9.900000E+001   2.431574E-002
   1.000000E+002   2.452138E-002
   1.010000E+002   2.473402E-002
   1.020000E+002   2.495361E-002
   1.030000E+002   2.518006E-002
   1.040000E+002   2.541329E-002
   1.050000E+002   2.565322E-002
   1.060000E+002   2.589977E-002
   1.070000E+002   2.615286E-002
   1.080000E+002   2.641240E-002
   1.090000E+002   2.667832E-002
   1.100000E+002   2.695053E-002
   1.110000E+002   2.722895E-002
   1.120000E+002   2.751351E-002
   1.130000E+002   2.780411E-002
   1.140000E+002   2.810068E-002
   1.150000E+002   2.840315E-002
   1.160000E+002   2.871142E-002
   1.170000E+002   2.902541E-002
   1.180000E+002   2.934505E-002
   1.190000E+002   2.967025E-002
   1.200000E+002   3.000094E-002
   1.210000E+002   3.033701E-002
   1.220000E+002   3.067833E-002
   1.230000E+002   3.102475E-002
   1.240000E+002   3.137612E-002
   1.250000E+002   3.173228E-002
   1.260000E+002   3.209309E-002
   1.270000E+002   3.245838E-002
   1.280000E+002   3.282801E-002
   1.290000E+002   3.320183E-002
   1.300000E+002   3.357969E-002
   1.310000E+002   3.396143E-002
   1.320000E+002   3.434690E-002
   1.330000E+002   3.473595E-002
   1.340000E+002   3.512843E-002
   1.350000E+002   3.552419E-002
   1.360000E+002   3.592307E-002
   1.370000E+002   3.632492E-002
   1.380000E+002   3.672960E-002
   1.390000E+002   3.713695E-002
   1.400000E+002   3.754681E-002
   1.410000E+002   3.795904E-002
   1.420000E+002   3.837344E-002
   1.430000E+002   3.878984E-002
   1.440000E+002   3.920805E-002
   1.450000E+002   3.962787E-002
   1.460000E+002   4.004913E-002
   1.470000E+002   4.047164E-002
   1.480000E+002   4.089521E-002
   1.490000E+002   4.131966E-002
   1.500000E+002   4.174479E-002
   1.510000E+002   4.217043E-002
   1.520000E+002   4.259638E-002
   1.530000E+002   4.302246E-002
   1.540000E+002   4.344848E-002
   1.550000E+002   4.387426E-002
   1.560000E+002   4.429961E-002
   1.570000E+002   4.472434E-002
   1.580000E+002   4.514827E-002
   1.590000E+002   4.557122E-002
   1.600000E+002   4.599298E-002
   1.610000E+002   4.641339E-002
   1.620000E+002   4.683228E-002
   1.630000E+002   4.724950E-002
   1.640000E+002   4.766488E-002
   1.650000E+002   4.807828E-002
   1.660000E+002   4.848954E-002
   1.670000E+002   4.889851E-002
   1.680000E+002   4.930502E-002
   1.690000E+002   4.970892E-002
   1.700000E+002   5.011006E-002
   1.710000E+002   5.050827E-002
   1.720000E+002   5.090341E-002
   1.730000E+002   5.129532E-002
   1.740000E+002   5.168384E-002
   1.750000E+002   5.206882E-002
   1.760000E+002   5.245009E-002
   1.770000E+002   5.282752E-002
   1.780000E+002   5.320093E-002
   1.790000E+002   5.357017E-002
   1.800000E+002   5.393509E-002
   1.810000E+002   5.429553E-002
   1.820000E+002   5.465136E-002
   1.830000E+002   5.500242E-002
   1.840000E+002   5.534858E-002
   1.850000E+002   5.568970E-002
   1.860000E+002   5.602564E-002
   1.870000E+002   5.635625E-002
   1.880000E+002   5.668139E-002
   1.890000E+002   5.700093E-002
   1.900000E+002   5.731471E-002
   1.910000E+002   5.762261E-002
   1.920000E+002   5.792448E-002
   1.930000E+002   5.822017E-002
   1.940000E+002   5.850955E-002
   1.950000E+002   5.879248E-002
   1.960000E+002   5.906881E-002
   1.970000E+002   5.933841E-002
   1.980000E+002   5.960113E-002
   1.990000E+002   5.985683E-002
   2.000000E+002   6.010537E-002
   2.010000E+002   6.034662E-002
   2.020000E+002   6.058053E-002
   2.030000E+002   6.080705E-002
   2.040000E+002   6.102613E-002
   2.050000E+002   6.123774E-002
   2.060000E+002   6.144181E-002
   2.070000E+002   6.163832E-002
   2.080000E+002   6.182721E-002
   2.090000E+002   6.200843E-002
   2.100000E+002   6.218195E-002
   2.110000E+002   6.234772E-002
   2.120000E+002   6.250570E-002
   2.130000E+002   6.265583E-002
   2.140000E+002   6.279807E-002
   2.150000E+002   6.293238E-002
   2.160000E+002   6.305872E-002
   2.170000E+002   6.317703E-002
   2.180000E+002   6.328728E-002
   2.190000E+002   6.338941E-002
   2.200000E+002   6.348339E-002
   2.210000E+002   6.356917E-002
   2.220000E+002   6.364669E-002
   2.230000E+002   6.371593E-002
   2.240000E+002   6.377683E-002
   2.250000E+002   6.382934E-002
   2.260000E+002   6.387344E-002
   2.270000E+002   6.390915E-002
   2.280000E+002   6.393651E-002
   2.290000E+002   6.395556E-002
   2.300000E+002   6.396634E-002
   2.310000E+002   6.396888E-002
   2.320000E+002   6.396323E-002
   2.330000E+002   6.394942E-002
   2.340000E+002   6.392749E-002
   2.350000E+002   6.389748E-002
   2.360000E+002   6.385943E-002
   2.370000E+002   6.381338E-002
   2.380000E+002   6.375936E-002
   2.390000E+002   6.369742E-002
   2.400000E+002   6.362759E-002
   2.410000E+002   6.354991E-002
   2.420000E+002   6.346443E-002
   2.430000E+002   6.337117E-002
   2.440000E+002   6.327018E-002
   2.450000E+002   6.316150E-002
   2.460000E+002   6.304517E-002
   2.470000E+002   6.292121E-002
   2.480000E+002   6.278968E-002
   2.490000E+002   6.265061E-002
   2.500000E+002   6.250405E-002
   2.510000E+002   6.235003E-002
   2.520000E+002   6.218867E-002
   2.530000E+002   6.202007E-002
   2.540000E+002   6.184435E-002
   2.550000E+002   6.166164E-002
   2.560000E+002   6.147203E-002
   2.570000E+002   6.127565E-002
   2.580000E+002   6.107261E-002
   2.590000E+002   6.086303E-002
   2.600000E+002   6.064702E-002
   2.610000E+002   6.042469E-002
   2.620000E+002   6.019615E-002
   2.630000E+002   5.996154E-002
   2.640000E+002   5.972095E-002
   2.650000E+002   5.947450E-002
   2.660000E+002   5.922231E-002
   2.670000E+002   5.896449E-002
   2.680000E+002   5.870116E-002
   2.690000E+002   5.843243E-002
   2.700000E+002   5.815841E-002
   2.710000E+002   5.787923E-002
   2.720000E+002   5.759499E-002
   2.730000E+002   5.730580E-002
   2.740000E+002   5.701179E-002
   2.750000E+002   5.671307E-002
   2.760000E+002   5.640976E-002
   2.770000E+002   5.610201E-002
   2.780000E+002   5.578998E-002
   2.790000E+002   5.547382E-002
   2.800000E+002   5.515369E-002
   2.810000E+002   5.482974E-002
   2.820000E+002   5.450215E-002
   2.830000E+002   5.417105E-002
   2.840000E+002   5.383661E-002
   2.850000E+002   5.349898E-002
   2.860000E+002   5.315833E-002
   2.870000E+002   5.281480E-002
   2.880000E+002   5.246856E-002
   2.890000E+002   5.211977E-002
   2.900000E+002   5.176857E-002
   2.910000E+002   5.141513E-002
   2.920000E+002   5.105960E-002
   2.930000E+002   5.070214E-002
   2.940000E+002   5.034291E-002
   2.950000E+002   4.998206E-002
   2.960000E+002   4.961975E-002
   2.970000E+002   4.925614E-002
   2.980000E+002   4.889139E-002
   2.990000E+002   4.852564E-002
   3.000000E+002   4.815907E-002
   3.010000E+002   4.779181E-002
   3.020000E+002   4.742401E-002
   3.030000E+002   4.705580E-002
   3.040000E+002   4.668730E-002
   3.050000E+002   4.631865E-002
   3.060000E+002   4.594997E-002
   3.070000E+002   4.558140E-002
   3.080000E+002   4.521307E-002
   3.090000E+002   4.484510E-002
   3.100000E+002   4.447763E-002
   3.110000E+002   4.411079E-002
   3.120000E+002   4.374471E-002
   3.130000E+002   4.337951E-002
   3.140000E+002   4.301534E-002
   3.150000E+002   4.265231E-002
   3.160000E+002   4.229056E-002
   3.170000E+002   4.193022E-002
   3.180000E+002   4.157141E-002
   3.190000E+002   4.121428E-002
   3.200000E+002   4.085895E-002
   3.210000E+002   4.050554E-002
   3.220000E+002   4.015420E-002
   3.230000E+002   3.980505E-002
   3.240000E+002   3.945822E-002
   3.250000E+002   3.911384E-002
   3.260000E+002   3.877204E-002
   3.270000E+002   3.843295E-002
   3.280000E+002   3.809670E-002
   3.290000E+002   3.776343E-002
   3.300000E+002   3.743325E-002
   3.310000E+002   3.710631E-002
   3.320000E+002   3.678273E-002
   3.330000E+002   3.646265E-002
   3.340000E+002   3.614618E-002
   3.350000E+002   3.583348E-002
   3.360000E+002   3.552465E-002
   3.370000E+002   3.521984E-002
   3.380000E+002   3.491917E-002
   3.390000E+002   3.462278E-002
   3.400000E+002   3.433079E-002
   3.410000E+002   3.404333E-002
   3.420000E+002   3.376054E-002
   3.430000E+002   3.348255E-002
   3.440000E+002   3.320948E-002
   3.450000E+002   3.294147E-002
   3.460000E+002   3.267864E-002
   3.470000E+002   3.242113E-002
   3.480000E+002   3.216906E-002
   3.490000E+002   3.192257E-002
   3.500000E+002   3.168179E-002
   3.510000E+002   3.144683E-002
   3.520000E+002   3.121769E-002
   3.530000E+002   3.099438E-002
   3.540000E+002   3.077688E-002
   3.550000E+002   3.056520E-002
   3.560000E+002   3.035932E-002
   3.570000E+002   3.015923E-002
   3.580000E+002   2.996494E-002
   3.590000E+002   2.977643E-002
   3.600000E+002   2.959370E-002
   3.610000E+002   2.941674E-002
   3.620000E+002   2.924555E-002
   3.630000E+002   2.908011E-002
   3.640000E+002   2.892042E-002
   3.650000E+002   2.876648E-002
   3.660000E+002   2.861828E-002
   3.670000E+002   2.847580E-002
   3.680000E+002   2.833905E-002
   3.690000E+002   2.820802E-002
   3.700000E+002   2.808270E-002
   3.710000E+002   2.796309E-002
   3.720000E+002   2.784917E-002
   3.730000E+002   2.774095E-002
   3.740000E+002   2.763841E-002
   3.750000E+002   2.754155E-002
   3.760000E+002   2.745036E-002
   3.770000E+002   2.736483E-002
   3.780000E+002   2.728496E-002
   3.790000E+002   2.721075E-002
   3.800000E+002   2.714218E-002
   3.810000E+002   2.707925E-002
   3.820000E+002   2.702195E-002
   3.830000E+002   2.697027E-002
   3.840000E+002   2.692422E-002
   3.850000E+002   2.688377E-002
   3.860000E+002   2.684893E-002
   3.870000E+002   2.681969E-002
   3.880000E+002   2.679605E-002
   3.890000E+002   2.677799E-002
   3.900000E+002   2.676550E-002
   3.910000E+002   2.675859E-002
   3.920000E+002   2.675725E-002
   3.930000E+002   2.676146E-002
   3.940000E+002   2.677123E-002
   3.950000E+002   2.678654E-002
   3.960000E+002   2.680739E-002
   3.970000E+002   2.683378E-002
   3.980000E+002   2.686569E-002
   3.990000E+002   2.690312E-002
   4.000000E+002   2.694606E-002
   4.010000E+002   2.699449E-002
   4.020000E+002   2.704831E-002
   4.030000E+002   2.710742E-002
   4.040000E+002   2.717168E-002
   4.050000E+002   2.724100E-002
   4.060000E+002   2.731526E-002
   4.070000E+002   2.739435E-002
   4.080000E+002   2.747814E-002
   4.090000E+002   2.756653E-002
   4.100000E+002   2.765941E-002
   4.110000E+002   2.775666E-002
   4.120000E+002   2.785817E-002
   4.130000E+002   2.796382E-002
   4.140000E+002   2.807350E-002
   4.150000E+002   2.818710E-002
   4.160000E+002   2.830450E-002
   4.170000E+002   2.842559E-002
   4.180000E+002   2.855026E-002
   4.190000E+002   2.867839E-002
   4.200000E+002   2.880987E-002
   4.210000E+002   2.894459E-002
   4.220000E+002   2.908242E-002
   4.230000E+002   2.922327E-002
   4.240000E+002   2.936702E-002
   4.250000E+002   2.951354E-002
   4.260000E+002   2.966273E-002
   4.270000E+002   2.981448E-002
   4.280000E+002   2.996867E-002
   4.290000E+002   3.012519E-002
   4.300000E+002   3.028392E-002
   4.310000E+002   3.044476E-002
   4.320000E+002   3.060758E-002
   4.330000E+002   3.077227E-002
   4.340000E+002   3.093872E-002
   4.350000E+002   3.110683E-002
   4.360000E+002   3.127646E-002
   4.370000E+002   3.144752E-002
   4.380000E+002   3.161988E-002
   4.390000E+002   3.179343E-002
   4.400000E+002   3.196806E-002
   4.410000E+002   3.214366E-002
   4.420000E+002   3.232011E-002
   4.430000E+002   3.249730E-002
   4.440000E+002   3.267512E-002
   4.450000E+002   3.285345E-002
   4.460000E+002   3.303217E-002
   4.470000E+002   3.321118E-002
   4.480000E+002   3.339036E-002
   4.490000E+002   3.356960E-002
   4.500000E+002   3.374878E-002
   4.510000E+002   3.392780E-002
   4.520000E+002   3.410658E-002
   4.530000E+002   3.428502E-002
   4.540000E+002   3.446307E-002
   4.550000E+002   3.464063E-002
   4.560000E+002   3.481762E-002
   4.570000E+002   3.499398E-002
   4.580000E+002   3.516963E-002
   4.590000E+002   3.534447E-002
   4.600000E+002   3.551845E-002
   4.610000E+002   3.569147E-002
   4.620000E+002   3.586346E-002
   4.630000E+002   3.603434E-002
   4.640000E+002   3.620403E-002
   4.650000E+002   3.637246E-002
   4.660000E+002   3.653954E-002
   4.670000E+002   3.670521E-002
   4.680000E+002   3.686937E-002
   4.690000E+002   3.703195E-002
   4.700000E+002   3.719288E-002
   4.710000E+002   3.735207E-002
   4.720000E+002   3.750944E-002
   4.730000E+002   3.766493E-002
   4.740000E+002   3.781844E-002
   4.750000E+002   3.796991E-002
   4.760000E+002   3.811925E-002
   4.770000E+002   3.826639E-002
   4.780000E+002   3.841124E-002
   4.790000E+002   3.855373E-002
   4.800000E+002   3.869377E-002
   4.810000E+002   3.883130E-002
   4.820000E+002   3.896624E-002
   4.830000E+002   3.909850E-002
   4.840000E+002   3.922800E-002
   4.850000E+002   3.935468E-002
   4.860000E+002   3.947844E-002
   4.870000E+002   3.959922E-002
   4.880000E+002   3.971693E-002
   4.890000E+002   3.983149E-002
   4.900000E+002   3.994283E-002
   4.910000E+002   4.005087E-002
   4.920000E+002   4.015554E-002
   4.930000E+002   4.025674E-002
   4.940000E+002   4.035440E-002
   4.950000E+002   4.044846E-002
   4.960000E+002   4.053881E-002
   4.970000E+002   4.062540E-002
   4.980000E+002   4.070814E-002
   4.990000E+002   4.078695E-002
   5.000000E+002   4.086175E-002
   5.010000E+002   4.093249E-002
   5.020000E+002   4.099916E-002
   5.030000E+002   4.106178E-002
   5.040000E+002   4.112038E-002
   5.050000E+002   4.117497E-002
   5.060000E+002   4.122556E-002
   5.070000E+002   4.127219E-002
   5.080000E+002   4.131486E-002
   5.090000E+002   4.135360E-002
   5.100000E+002   4.138842E-002
   5.110000E+002   4.141934E-002
   5.120000E+002   4.144639E-002
   5.130000E+002   4.146958E-002
   5.140000E+002   4.148893E-002
   5.150000E+002   4.150446E-002
   5.160000E+002   4.151619E-002
   5.170000E+002   4.152414E-002
   5.180000E+002   4.152832E-002
   5.190000E+002   4.152875E-002
   5.200000E+002   4.152546E-002
   5.210000E+002   4.151846E-002
   5.220000E+002   4.150777E-002
   5.230000E+002   4.149341E-002
   5.240000E+002   4.147540E-002
   5.250000E+002   4.145375E-002
   5.260000E+002   4.142849E-002
   5.270000E+002   4.139964E-002
   5.280000E+002   4.136721E-002
   5.290000E+002   4.133122E-002
   5.300000E+002   4.129169E-002
   5.310000E+002   4.124865E-002
   5.320000E+002   4.120210E-002
   5.330000E+002   4.115207E-002
   5.340000E+002   4.109858E-002
   5.350000E+002   4.104164E-002
   5.360000E+002   4.098128E-002
   5.370000E+002   4.091751E-002
   5.380000E+002   4.085035E-002
   5.390000E+002   4.077983E-002
   5.400000E+002   4.070595E-002
   5.410000E+002   4.062874E-002
   5.420000E+002   4.054822E-002
   5.430000E+002   4.046440E-002
   5.440000E+002   4.037731E-002
   5.450000E+002   4.028696E-002
   5.460000E+002   4.019338E-002
   5.470000E+002   4.009658E-002
   5.480000E+002   3.999657E-002
   5.490000E+002   3.989339E-002
   5.500000E+002   3.978704E-002
   5.510000E+002   3.967756E-002
   5.520000E+002   3.956503E-002
   5.530000E+002   3.944953E-002
   5.540000E+002   3.933115E-002
   5.550000E+002   3.920997E-002
   5.560000E+002   3.908610E-002
   5.570000E+002   3.895961E-002
   5.580000E+002   3.883059E-002
   5.590000E+002   3.869913E-002
   5.600000E+002   3.856532E-002
   5.610000E+002   3.842925E-002
   5.620000E+002   3.829100E-002
   5.630000E+002   3.815067E-002
   5.640000E+002   3.800834E-002
   5.650000E+002   3.786409E-002
   5.660000E+002   3.771802E-002
   5.670000E+002   3.757022E-002
   5.680000E+002   3.742077E-002
   5.690000E+002   3.726976E-002
   5.700000E+002   3.711728E-002
   5.710000E+002   3.696342E-002
   5.720000E+002   3.680826E-002
   5.730000E+002   3.665189E-002
   5.740000E+002   3.649441E-002
   5.750000E+002   3.633589E-002
   5.760000E+002   3.617643E-002
   5.770000E+002   3.601612E-002
   5.780000E+002   3.585504E-002
   5.790000E+002   3.569328E-002
   5.800000E+002   3.553093E-002
   5.810000E+002   3.536807E-002
   5.820000E+002   3.520480E-002
   5.830000E+002   3.504121E-002
   5.840000E+002   3.487737E-002
   5.850000E+002   3.471339E-002
   5.860000E+002   3.454934E-002
   5.870000E+002   3.438532E-002
   5.880000E+002   3.422141E-002
   5.890000E+002   3.405770E-002
   5.900000E+002   3.389428E-002
   5.910000E+002   3.373124E-002
   5.920000E+002   3.356866E-002
   5.930000E+002   3.340664E-002
   5.940000E+002   3.324526E-002
   5.950000E+002   3.308461E-002
   5.960000E+002   3.292477E-002
   5.970000E+002   3.276584E-002
   5.980000E+002   3.260790E-002
   5.990000E+002   3.245105E-002
   6.000000E+002   3.229536E-002
   6.010000E+002   3.214093E-002
   6.020000E+002   3.198780E-002
   6.030000E+002   3.183603E-002
   6.040000E+002   3.168567E-002
   6.050000E+002   3.153676E-002
   6.060000E+002   3.138936E-002
   6.070000E+002   3.124352E-002
   6.080000E+002   3.109928E-002
   6.090000E+002   3.095670E-002
   6.100000E+002   3.081583E-002
   6.110000E+002   3.067672E-002
   6.120000E+002   3.053941E-002
   6.130000E+002   3.040396E-002
   6.140000E+002   3.027041E-002
   6.150000E+002   3.013882E-002
   6.160000E+002   3.000923E-002
   6.170000E+002   2.988171E-002
   6.180000E+002   2.975628E-002
   6.190000E+002   2.963302E-002
   6.200000E+002   2.951196E-002
   6.210000E+002   2.939315E-002
   6.220000E+002   2.927665E-002
   6.230000E+002   2.916251E-002
   6.240000E+002   2.905077E-002
   6.250000E+002   2.894149E-002
   6.260000E+002   2.883471E-002
   6.270000E+002   2.873049E-002
   6.280000E+002   2.862887E-002
   6.290000E+002   2.852991E-002
   6.300000E+002   2.843365E-002
   6.310000E+002   2.834015E-002
   6.320000E+002   2.824945E-002
   6.330000E+002   2.816160E-002
   6.340000E+002   2.807666E-002
   6.350000E+002   2.799468E-002
   6.360000E+002   2.791570E-002
   6.370000E+002   2.783977E-002
   6.380000E+002   2.776695E-002
   6.390000E+002   2.769728E-002
   6.400000E+002   2.763082E-002
   6.410000E+002   2.756761E-002
   6.420000E+002   2.750770E-002
   6.430000E+002   2.745115E-002
   6.440000E+002   2.739800E-002
   6.450000E+002   2.734831E-002
   6.460000E+002   2.730211E-002
   6.470000E+002   2.725948E-002
   6.480000E+002   2.722044E-002
   6.490000E+002   2.718506E-002
   6.500000E+002   2.715338E-002
   6.510000E+002   2.712544E-002
   6.520000E+002   2.710122E-002
   6.530000E+002   2.708067E-002
   6.540000E+002   2.706377E-002
   6.550000E+002   2.705047E-002
   6.560000E+002   2.704074E-002
   6.570000E+002   2.703454E-002
   6.580000E+002   2.703184E-002
   6.590000E+002   2.703259E-002
   6.600000E+002   2.703676E-002
   6.610000E+002   2.704432E-002
   6.620000E+002   2.705522E-002
   6.630000E+002   2.706944E-002
   6.640000E+002   2.708692E-002
   6.650000E+002   2.710764E-002
   6.660000E+002   2.713156E-002
   6.670000E+002   2.715864E-002
   6.680000E+002   2.718884E-002
   6.690000E+002   2.722213E-002
   6.700000E+002   2.725848E-002
   6.710000E+002   2.729783E-002
   6.720000E+002   2.734016E-002
   6.730000E+002   2.738543E-002
   6.740000E+002   2.743361E-002
   6.750000E+002   2.748465E-002
   6.760000E+002   2.753852E-002
   6.770000E+002   2.759518E-002
   6.780000E+002   2.765459E-002
   6.790000E+002   2.771672E-002
   6.800000E+002   2.778154E-002
   6.810000E+002   2.784900E-002
   6.820000E+002   2.791906E-002
   6.830000E+002   2.799169E-002
   6.840000E+002   2.806686E-002
   6.850000E+002   2.814452E-002
   6.860000E+002   2.822464E-002
   6.870000E+002   2.830719E-002
   6.880000E+002   2.839211E-002
   6.890000E+002   2.847939E-002
   6.900000E+002   2.856898E-002
   6.910000E+002   2.866084E-002
   6.920000E+002   2.875494E-002
   6.930000E+002   2.885123E-002
   6.940000E+002   2.894969E-002
   6.950000E+002   2.905028E-002
   6.960000E+002   2.915296E-002
   6.970000E+002   2.925769E-002
   6.980000E+002   2.936443E-002
   6.990000E+002   2.947315E-002
   7.000000E+002   2.958381E-002
   7.010000E+002   2.969638E-002
   7.020000E+002   2.981077E-002
   7.030000E+002   2.992691E-002
   7.040000E+002   3.004474E-002
   7.050000E+002   3.016417E-002
   7.060000E+002   3.028513E-002
   7.070000E+002   3.040755E-002
   7.080000E+002   3.053135E-002
   7.090000E+002   3.065645E-002
   7.100000E+002   3.078279E-002
   7.110000E+002   3.091028E-002
   7.120000E+002   3.103886E-002
   7.130000E+002   3.116844E-002
   7.140000E+002   3.129896E-002
   7.150000E+002   3.143034E-002
   7.160000E+002   3.156250E-002
   7.170000E+002   3.169537E-002
   7.180000E+002   3.182887E-002
   7.190000E+002   3.196293E-002
   7.200000E+002   3.209748E-002
   7.210000E+002   3.223244E-002
   7.220000E+002   3.236773E-002
   7.230000E+002   3.250328E-002
   7.240000E+002   3.263902E-002
   7.250000E+002   3.277487E-002
   7.260000E+002   3.291076E-002
   7.270000E+002   3.304661E-002
   7.280000E+002   3.318235E-002
   7.290000E+002   3.331790E-002
   7.300000E+002   3.345318E-002
   7.310000E+002   3.358813E-002
   7.320000E+002   3.372267E-002
   7.330000E+002   3.385672E-002
   7.340000E+002   3.399021E-002
   7.350000E+002   3.412307E-002
   7.360000E+002   3.425521E-002
   7.370000E+002   3.438657E-002
   7.380000E+002   3.451707E-002
   7.390000E+002   3.464664E-002
   7.400000E+002   3.477519E-002
   7.410000E+002   3.490266E-002
   7.420000E+002   3.502898E-002
   7.430000E+002   3.515406E-002
   7.440000E+002   3.527783E-002
   7.450000E+002   3.540022E-002
   7.460000E+002   3.552115E-002
   7.470000E+002   3.564055E-002
   7.480000E+002   3.575834E-002
   7.490000E+002   3.587445E-002
   7.500000E+002   3.598880E-002
   7.510000E+002   3.610133E-002
   7.520000E+002   3.621200E-002
   7.530000E+002   3.632075E-002
   7.540000E+002   3.642756E-002
   7.550000E+002   3.653240E-002
   7.560000E+002   3.663522E-002
   7.570000E+002   3.673598E-002
   7.580000E+002   3.683465E-002
   7.590000E+002   3.693120E-002
   7.600000E+002   3.702558E-002
   7.610000E+002   3.711775E-002
   7.620000E+002   3.720769E-002
   7.630000E+002   3.729535E-002
   7.640000E+002   3.738070E-002
   7.650000E+002   3.746370E-002
   7.660000E+002   3.754431E-002
   7.670000E+002   3.762249E-002
   7.680000E+002   3.769821E-002
   7.690000E+002   3.777143E-002
   7.700000E+002   3.784212E-002
   7.710000E+002   3.791023E-002
   7.720000E+002   3.797574E-002
   7.730000E+002   3.803859E-002
   7.740000E+002   3.809876E-002
   7.750000E+002   3.815621E-002
   7.760000E+002   3.821089E-002
   7.770000E+002   3.826279E-002
   7.780000E+002   3.831184E-002
   7.790000E+002   3.835803E-002
   7.800000E+002   3.840131E-002
   7.810000E+002   3.844165E-002
   7.820000E+002   3.847900E-002
   7.830000E+002   3.851334E-002
   7.840000E+002   3.854462E-002
   7.850000E+002   3.857280E-002
   7.860000E+002   3.859786E-002
   7.870000E+002   3.861974E-002
   7.880000E+002   3.863843E-002
   7.890000E+002   3.865387E-002
   7.900000E+002   3.866603E-002
   7.910000E+002   3.867488E-002
   7.920000E+002   3.868037E-002
   7.930000E+002   3.868247E-002
   7.940000E+002   3.868115E-002
   7.950000E+002   3.867636E-002
   7.960000E+002   3.866807E-002
   7.970000E+002   3.865624E-002
   7.980000E+002   3.864083E-002
   7.990000E+002   3.862182E-002
   8.000000E+002   3.859915E-002
   8.010000E+002   3.857281E-002
   8.020000E+002   3.854282E-002
   8.030000E+002   3.850922E-002
   8.040000E+002   3.847206E-002
   8.050000E+002   3.843137E-002
   8.060000E+002   3.838720E-002
   8.070000E+002   3.833958E-002
   8.080000E+002   3.828856E-002
   8.090000E+002   3.823418E-002
   8.100000E+002   3.817647E-002
   8.110000E+002   3.811548E-002
   8.120000E+002   3.805124E-002
   8.130000E+002   3.798381E-002
   8.140000E+002   3.791321E-002
   8.150000E+002   3.783949E-002
   8.160000E+002   3.776269E-002
   8.170000E+002   3.768285E-002
   8.180000E+002   3.760001E-002
   8.190000E+002   3.751421E-002
   8.200000E+002   3.742550E-002
   8.210000E+002   3.733390E-002
   8.220000E+002   3.723946E-002
   8.230000E+002   3.714223E-002
   8.240000E+002   3.704224E-002
   8.250000E+002   3.693954E-002
   8.260000E+002   3.683415E-002
   8.270000E+002   3.672613E-002
   8.280000E+002   3.661552E-002
   8.290000E+002   3.650235E-002
   8.300000E+002   3.638666E-002
   8.310000E+002   3.626850E-002
   8.320000E+002   3.614791E-002
   8.330000E+002   3.602492E-002
   8.340000E+002   3.589959E-002
   8.350000E+002   3.577193E-002
   8.360000E+002   3.564201E-002
   8.370000E+002   3.550985E-002
   8.380000E+002   3.537551E-002
   8.390000E+002   3.523901E-002
   8.400000E+002   3.510040E-002
   8.410000E+002   3.495972E-002
   8.420000E+002   3.481701E-002
   8.430000E+002   3.467232E-002
   8.440000E+002   3.452567E-002
   8.450000E+002   3.437712E-002
   8.460000E+002   3.422669E-002
   8.470000E+002   3.407445E-002
   8.480000E+002   3.392041E-002
   8.490000E+002   3.376463E-002
   8.500000E+002   3.360714E-002
   8.510000E+002   3.344799E-002
   8.520000E+002   3.328723E-002
   8.530000E+002   3.312494E-002
   8.540000E+002   3.296117E-002
   8.550000E+002   3.279598E-002
   8.560000E+002   3.262944E-002
   8.570000E+002   3.246161E-002
   8.580000E+002   3.229255E-002
   8.590000E+002   3.212233E-002
   8.600000E+002   3.195101E-002
   8.610000E+002   3.177865E-002
   8.620000E+002   3.160531E-002
   8.630000E+002   3.143106E-002
   8.640000E+002   3.125595E-002
   8.650000E+002   3.108006E-002
   8.660000E+002   3.090344E-002
   8.670000E+002   3.072616E-002
   8.680000E+002   3.054828E-002
   8.690000E+002   3.036986E-002
   8.700000E+002   3.019096E-002
   8.710000E+002   3.001165E-002
   8.720000E+002   2.983199E-002
   8.730000E+002   2.965205E-002
   8.740000E+002   2.947188E-002
   8.750000E+002   2.929155E-002
   8.760000E+002   2.911111E-002
   8.770000E+002   2.893064E-002
   8.780000E+002   2.875020E-002
   8.790000E+002   2.856985E-002
   8.800000E+002   2.838964E-002
   8.810000E+002   2.820965E-002
   8.820000E+002   2.802994E-002
   8.830000E+002   2.785056E-002
   8.840000E+002   2.767159E-002
   8.850000E+002   2.749308E-002
   8.860000E+002   2.731510E-002
   8.870000E+002   2.713771E-002
   8.880000E+002   2.696097E-002
   8.890000E+002   2.678495E-002
   8.900000E+002   2.660970E-002
   8.910000E+002   2.643529E-002
   8.920000E+002   2.626179E-002
   8.930000E+002   2.608925E-002
   8.940000E+002   2.591774E-002
   8.950000E+002   2.574732E-002
   8.960000E+002   2.557805E-002
   8.970000E+002   2.541000E-002
   8.980000E+002   2.524323E-002
   8.990000E+002   2.507780E-002
   9.000000E+002   2.491378E-002
   9.010000E+002   2.475121E-002
   9.020000E+002   2.459014E-002
   9.030000E+002   2.443060E-002
   9.040000E+002   2.427260E-002
   9.050000E+002   2.411617E-002
   9.060000E+002   2.396136E-002
   9.070000E+002   2.380817E-002
   9.080000E+002   2.365664E-002
   9.090000E+002   2.350680E-002
   9.100000E+002   2.335868E-002
   9.110000E+002   2.321229E-002
   9.120000E+002   2.306768E-002
   9.130000E+002   2.292486E-002
   9.140000E+002   2.278387E-002
   9.150000E+002   2.264473E-002
   9.160000E+002   2.250746E-002
   9.170000E+002   2.237211E-002
   9.180000E+002   2.223869E-002
   9.190000E+002   2.210723E-002
   9.200000E+002   2.197776E-002
   9.210000E+002   2.185031E-002
   9.220000E+002   2.172490E-002
   9.230000E+002   2.160157E-002
   9.240000E+002   2.148033E-002
   9.250000E+002   2.136122E-002
   9.260000E+002   2.124427E-002
   9.270000E+002   2.112949E-002
   9.280000E+002   2.101693E-002
   9.290000E+002   2.090660E-002
   9.300000E+002   2.079854E-002
   9.310000E+002   2.069277E-002
   9.320000E+002   2.058932E-002
   9.330000E+002   2.048822E-002
   9.340000E+002   2.038949E-002
   9.350000E+002   2.029317E-002
   9.360000E+002   2.019927E-002
   9.370000E+002   2.010783E-002
   9.380000E+002   2.001888E-002
   9.390000E+002   1.993244E-002
   9.400000E+002   1.984854E-002
   9.410000E+002   1.976720E-002
   9.420000E+002   1.968846E-002
   9.430000E+002   1.961235E-002
   9.440000E+002   1.953888E-002
   9.450000E+002   1.946809E-002
   9.460000E+002   1.940000E-002
   9.470000E+002   1.933465E-002
   9.480000E+002   1.927205E-002
   9.490000E+002   1.921225E-002
   9.500000E+002   1.915526E-002
   9.510000E+002   1.910110E-002
   9.520000E+002   1.904975E-002
   9.530000E+002   1.900119E-002
   9.540000E+002   1.895538E-002
   9.550000E+002   1.891229E-002
   9.560000E+002   1.887189E-002
   9.570000E+002   1.883415E-002
   9.580000E+002   1.879904E-002
   9.590000E+002   1.876654E-002
   9.600000E+002   1.873661E-002
   9.610000E+002   1.870921E-002
   9.620000E+002   1.868433E-002
   9.630000E+002   1.866193E-002
   9.640000E+002   1.864198E-002
   9.650000E+002   1.862445E-002
   9.660000E+002   1.860931E-002
   9.670000E+002   1.859653E-002
   9.680000E+002   1.858608E-002
   9.690000E+002   1.857793E-002
   9.700000E+002   1.857205E-002
   9.710000E+002   1.856841E-002
   9.720000E+002   1.856698E-002
   9.730000E+002   1.856773E-002
   9.740000E+002   1.857063E-002
   9.750000E+002   1.857564E-002
   9.760000E+002   1.858275E-002
   9.770000E+002   1.859191E-002
   9.780000E+002   1.860310E-002
   9.790000E+002   1.861629E-002
   9.800000E+002   1.863145E-002
   9.810000E+002   1.864855E-002
   9.820000E+002   1.866755E-002
   9.830000E+002   1.868844E-002
   9.840000E+002   1.871117E-002
   9.850000E+002   1.873571E-002
   9.860000E+002   1.876205E-002
   9.870000E+002   1.879014E-002
   9.880000E+002   1.881996E-002
   9.890000E+002   1.885148E-002
   9.900000E+002   1.888466E-002
   9.910000E+002   1.891948E-002
   9.920000E+002   1.895591E-002
   9.930000E+002   1.899391E-002
   9.940000E+002   1.903346E-002
   9.950000E+002   1.907453E-002
   9.960000E+002   1.911708E-002
   9.970000E+002   1.916109E-002
   9.980000E+002   1.920652E-002
   9.990000E+002   1.925335E-002
   1.000000E+003   1.930155E-002
   1.001000E+003   1.935107E-002
   1.002000E+003   1.940189E-002
   1.003000E+003   1.945394E-002
   1.004000E+003   1.950718E-002
   1.005000E+003   1.956156E-002
   1.006000E+003   1.961704E-002
   1.007000E+003   1.967357E-002
   1.008000E+003   1.973109E-002
   1.009000E+003   1.978956E-002
   1.010000E+003   1.984893E-002
   1.011000E+003   1.990915E-002
   1.012000E+003   1.997018E-002
   1.013000E+003   2.003196E-002
   1.014000E+003   2.009446E-002
   1.015000E+003   2.015761E-002
   1.016000E+003   2.022137E-002
   1.017000E+003   2.028569E-002
   1.018000E+003   2.035053E-002
   1.019000E+003   2.041583E-002
   1.020000E+003   2.048156E-002
   1.021000E+003   2.054765E-002
   1.022000E+003   2.061406E-002
   1.023000E+003   2.068075E-002
   1.024000E+003   2.074766E-002
   1.025000E+003   2.081474E-002
   1.026000E+003   2.088196E-002
   1.027000E+003   2.094925E-002
   1.028000E+003   2.101658E-002
   1.029000E+003   2.108389E-002
   1.030000E+003   2.115113E-002
   1.031000E+003   2.121826E-002
   1.032000E+003   2.128523E-002
   1.033000E+003   2.135199E-002
   1.034000E+003   2.141849E-002
   1.035000E+003   2.148469E-002
   1.036000E+003   2.155053E-002
   1.037000E+003   2.161596E-002
   1.038000E+003   2.168095E-002
   1.039000E+003   2.174543E-002
   1.040000E+003   2.180937E-002
   1.041000E+003   2.187271E-002
   1.042000E+003   2.193541E-002
   1.043000E+003   2.199741E-002
   1.044000E+003   2.205868E-002
   1.045000E+003   2.211915E-002
   1.046000E+003   2.217879E-002
   1.047000E+003   2.223754E-002
   1.048000E+003   2.229535E-002
   1.049000E+003   2.235219E-002
   1.050000E+003   2.240799E-002
   1.051000E+003   2.246272E-002
   1.052000E+003   2.251635E-002
   1.053000E+003   2.256886E-002
   1.054000E+003   2.262024E-002
   1.055000E+003   2.267047E-002
   1.056000E+003   2.271953E-002
   1.057000E+003   2.276739E-002
   1.058000E+003   2.281405E-002
   1.059000E+003   2.285949E-002
   1.060000E+003   2.290367E-002
   1.061000E+003   2.294660E-002
   1.062000E+003   2.298824E-002
   1.063000E+003   2.302859E-002
   1.064000E+003   2.306761E-002
   1.065000E+003   2.310530E-002
   1.066000E+003   2.314164E-002
   1.067000E+003   2.317660E-002
   1.068000E+003   2.321017E-002
   1.069000E+003   2.324233E-002
   1.070000E+003   2.327306E-002
   1.071000E+003   2.330234E-002
   1.072000E+003   2.333016E-002
   1.073000E+003   2.335650E-002
   1.074000E+003   2.338133E-002
   1.075000E+003   2.340464E-002
   1.076000E+003   2.342641E-002
   1.077000E+003   2.344663E-002
   1.078000E+003   2.346527E-002
   1.079000E+003   2.348232E-002
   1.080000E+003   2.349775E-002
   1.081000E+003   2.351155E-002
   1.082000E+003   2.352371E-002
   1.083000E+003   2.353419E-002
   1.084000E+003   2.354299E-002
   1.085000E+003   2.355009E-002
   1.086000E+003   2.355546E-002
   1.087000E+003   2.355909E-002
   1.088000E+003   2.356097E-002
   1.089000E+003   2.356106E-002
   1.090000E+003   2.355936E-002
   1.091000E+003   2.355584E-002
   1.092000E+003   2.355049E-002
   1.093000E+003   2.354329E-002
   1.094000E+003   2.353422E-002
   1.095000E+003   2.352326E-002
   1.096000E+003   2.351040E-002
   1.097000E+003   2.349561E-002
   1.098000E+003   2.347887E-002
   1.099000E+003   2.346017E-002
   1.100000E+003   2.343950E-002
   1.101000E+003   2.341683E-002
   1.102000E+003   2.339220E-002
   1.103000E+003   2.336562E-002
   1.104000E+003   2.333715E-002
   1.105000E+003   2.330679E-002
   1.106000E+003   2.327460E-002
   1.107000E+003   2.324059E-002
   1.108000E+003   2.320479E-002
   1.109000E+003   2.316725E-002
   1.110000E+003   2.312799E-002
   1.111000E+003   2.308703E-002
   1.112000E+003   2.304442E-002
   1.113000E+003   2.300017E-002
   1.114000E+003   2.295434E-002
   1.115000E+003   2.290693E-002
   1.116000E+003   2.285799E-002
   1.117000E+003   2.280754E-002
   1.118000E+003   2.275563E-002
   1.119000E+003   2.270226E-002
   1.120000E+003   2.264749E-002
   1.121000E+003   2.259133E-002
   1.122000E+003   2.253383E-002
   1.123000E+003   2.247501E-002
   1.124000E+003   2.241489E-002
   1.125000E+003   2.235352E-002
   1.126000E+003   2.229092E-002
   1.127000E+003   2.222713E-002
   1.128000E+003   2.216217E-002
   1.129000E+003   2.209608E-002
   1.130000E+003   2.202889E-002
   1.131000E+003   2.196062E-002
   1.132000E+003   2.189131E-002
   1.133000E+003   2.182099E-002
   1.134000E+003   2.174969E-002
   1.135000E+003   2.167745E-002
   1.136000E+003   2.160428E-002
   1.137000E+003   2.153023E-002
   1.138000E+003   2.145532E-002
   1.139000E+003   2.137959E-002
   1.140000E+003   2.130306E-002
   1.141000E+003   2.122577E-002
   1.142000E+003   2.114774E-002
   1.143000E+003   2.106902E-002
   1.144000E+003   2.098962E-002
   1.145000E+003   2.090958E-002
   1.146000E+003   2.082894E-002
   1.147000E+003   2.074771E-002
   1.148000E+003   2.066594E-002
   1.149000E+003   2.058365E-002
   1.150000E+003   2.050088E-002
   1.151000E+003   2.041765E-002
   1.152000E+003   2.033397E-002
   1.153000E+003   2.024986E-002
   1.154000E+003   2.016532E-002
   1.155000E+003   2.008036E-002
   1.156000E+003   1.999499E-002
   1.157000E+003   1.990922E-002
   1.158000E+003   1.982306E-002
   1.159000E+003   1.973652E-002
   1.160000E+003   1.964960E-002
   1.161000E+003   1.956232E-002
   1.162000E+003   1.947469E-002
   1.163000E+003   1.938671E-002
   1.164000E+003   1.929840E-002
   1.165000E+003   1.920975E-002
   1.166000E+003   1.912079E-002
   1.167000E+003   1.903152E-002
   1.168000E+003   1.894195E-002
   1.169000E+003   1.885209E-002
   1.170000E+003   1.876195E-002
   1.171000E+003   1.867153E-002
   1.172000E+003   1.858085E-002
   1.173000E+003   1.848991E-002
   1.174000E+003   1.839873E-002
   1.175000E+003   1.830732E-002
   1.176000E+003   1.821567E-002
   1.177000E+003   1.812381E-002
   1.178000E+003   1.803174E-002
   1.179000E+003   1.793947E-002
   1.180000E+003   1.784701E-002
   1.181000E+003   1.775436E-002
   1.182000E+003   1.766155E-002
   1.183000E+003   1.756856E-002
   1.184000E+003   1.747543E-002
   1.185000E+003   1.738215E-002
   1.186000E+003   1.728873E-002
   1.187000E+003   1.719519E-002
   1.188000E+003   1.710152E-002
   1.189000E+003   1.700775E-002
   1.190000E+003   1.691388E-002
   1.191000E+003   1.681992E-002
   1.192000E+003   1.672587E-002
   1.193000E+003   1.663175E-002
   1.194000E+003   1.653757E-002
   1.195000E+003   1.644334E-002
   1.196000E+003   1.634906E-002
   1.197000E+003   1.625474E-002
   1.198000E+003   1.616039E-002
   1.199000E+003   1.606603E-002
   1.200000E+003   1.597166E-002
