   1.000000E+000  -6.600752E+002
   2.000000E+000   3.428466E+001
   3.000000E+000   7.286445E+002
   4.000000E+000   1.157764E+002
   5.000000E+000  -2.080546E+001
   6.000000E+000   2.482193E+002
   7.000000E+000   3.415737E+002
   8.000000E+000   4.375952E+002
   9.000000E+000   7.272335E+002
   1.000000E+001   6.922733E+002
   1.100000E+001   1.567931E+002
   1.200000E+001   1.023213E+003
   1.300000E+001   4.898828E+003
   1.400000E+001   1.013210E+004
   1.500000E+001   1.425679E+004
   1.600000E+001   1.537867E+004
   1.700000E+001   1.389153E+004
   1.800000E+001   1.076120E+004
   1.900000E+001   6.953511E+003
   2.000000E+001   3.434270E+003
   2.100000E+001   9.836137E+002
   2.200000E+001  -3.610744E+002
   2.300000E+001  -7.480982E+002
   2.400000E+001  -3.257618E+002
   2.500000E+001   7.576307E+002
   2.600000E+001   2.353775E+003
   2.700000E+001   4.314367E+003
   2.800000E+001   6.491104E+003
   2.900000E+001   8.735679E+003
   3.000000E+001   1.089979E+004
   3.100000E+001   1.286824E+004
   3.200000E+001   1.465828E+004
   3.300000E+001   1.632024E+004
   3.400000E+001   1.790449E+004
   3.500000E+001   1.946137E+004
   3.600000E+001   2.104123E+004
   3.700000E+001   2.269442E+004
   3.800000E+001   2.447129E+004
   3.900000E+001   2.642220E+004
   4.000000E+001   2.859748E+004
   4.100000E+001   3.103934E+004
   4.200000E+001   3.375733E+004
   4.300000E+001   3.675285E+004
   4.400000E+001   4.002730E+004
   4.500000E+001   4.358208E+004
   4.600000E+001   4.741858E+004
   4.700000E+001   5.153820E+004
   4.800000E+001   5.594235E+004
   4.900000E+001   6.063243E+004
   5.000000E+001   6.560982E+004
   5.100000E+001   7.087803E+004
   5.200000E+001   7.644897E+004
   5.300000E+001   8.233662E+004
   5.400000E+001   8.855499E+004
   5.500000E+001   9.511809E+004
   5.600000E+001   1.020399E+005
   5.700000E+001   1.093344E+005
   5.800000E+001   1.170157E+005
   5.900000E+001   1.250976E+005
   6.000000E+001   1.335943E+005
   6.100000E+001   1.425172E+005
   6.200000E+001   1.518676E+005
   6.300000E+001   1.616444E+005
   6.400000E+001   1.718464E+005
   6.500000E+001   1.824725E+005
   6.600000E+001   1.935214E+005
   6.700000E+001   2.049920E+005
   6.800000E+001   2.168831E+005
   6.900000E+001   2.291935E+005
   7.000000E+001   2.419222E+005
   7.100000E+001   2.550634E+005
   7.200000E+001   2.685934E+005
   7.300000E+001   2.824843E+005
   7.400000E+001   2.967078E+005
   7.500000E+001   3.112358E+005
   7.600000E+001   3.260403E+005
   7.700000E+001   3.410931E+005
   7.800000E+001   3.563661E+005
   7.900000E+001   3.718311E+005
   8.000000E+001   3.874601E+005
   8.100000E+001   4.032195E+005
   8.200000E+001   4.190539E+005
   8.300000E+001   4.349023E+005
   8.400000E+001   4.507040E+005
   8.500000E+001   4.663979E+005
   8.600000E+001   4.819233E+005
   8.700000E+001   4.972193E+005
   8.800000E+001   5.122249E+005
   8.900000E+001   5.268794E+005
   9.000000E+001   5.411217E+005
   9.100000E+001   5.548845E+005
   9.200000E+001   5.680737E+005
   9.300000E+001   5.805886E+005
   9.400000E+001   5.923286E+005
   9.500000E+001   6.031930E+005
   9.600000E+001   6.130812E+005
   9.700000E+001   6.218926E+005
   9.800000E+001   6.295265E+005
   9.900000E+001   6.358821E+005
   1.000000E+002   6.408590E+005
   1.010000E+002   6.443705E+005
   1.020000E+002   6.463863E+005
   1.030000E+002   6.468902E+005
   1.040000E+002   6.458660E+005
   1.050000E+002   6.432976E+005
   1.060000E+002   6.391686E+005
   1.070000E+002   6.334630E+005
   1.080000E+002   6.261645E+005
   1.090000E+002   6.172569E+005
   1.100000E+002   6.067239E+005
   1.110000E+002   5.945495E+005
   1.120000E+002   5.807173E+005
   1.130000E+002   5.652113E+005
   1.140000E+002   5.480151E+005
   1.150000E+002   5.291126E+005
   1.160000E+002   5.084875E+005
   1.170000E+002   4.861238E+005
   1.180000E+002   4.620050E+005
   1.190000E+002   4.361152E+005
   1.200000E+002   4.084380E+005
   1.210000E+002   3.790260E+005
   1.220000E+002   3.482067E+005
   1.230000E+002   3.163763E+005
   1.240000E+002   2.839311E+005
   1.250000E+002   2.512673E+005
   1.260000E+002   2.187811E+005
   1.270000E+002   1.868688E+005
   1.280000E+002   1.559267E+005
   1.290000E+002   1.263509E+005
   1.300000E+002   9.853765E+004
   1.310000E+002   7.288328E+004
   1.320000E+002   4.978399E+004
   1.330000E+002   2.963600E+004
   1.340000E+002   1.283557E+004
   1.350000E+002  -2.210682E+002
   1.360000E+002  -9.137681E+003
   1.370000E+002  -1.351803E+004
   1.380000E+002  -1.296587E+004
   1.390000E+002  -7.084967E+003
   1.400000E+002   4.520918E+003
   1.410000E+002   2.213190E+004
   1.420000E+002   4.556364E+004
   1.430000E+002   7.451564E+004
   1.440000E+002   1.086874E+005
   1.450000E+002   1.477786E+005
   1.460000E+002   1.914885E+005
   1.470000E+002   2.395168E+005
   1.480000E+002   2.915631E+005
   1.490000E+002   3.473267E+005
   1.500000E+002   4.065073E+005
   1.510000E+002   4.688044E+005
   1.520000E+002   5.339174E+005
   1.530000E+002   6.015460E+005
   1.540000E+002   6.713896E+005
   1.550000E+002   7.431478E+005
   1.560000E+002   8.165201E+005
   1.570000E+002   8.912060E+005
   1.580000E+002   9.669051E+005
   1.590000E+002   1.043317E+006
   1.600000E+002   1.120141E+006
   1.610000E+002   1.197024E+006
   1.620000E+002   1.273406E+006
   1.630000E+002   1.348674E+006
   1.640000E+002   1.422214E+006
   1.650000E+002   1.493413E+006
   1.660000E+002   1.561659E+006
   1.670000E+002   1.626338E+006
   1.680000E+002   1.686836E+006
   1.690000E+002   1.742542E+006
   1.700000E+002   1.792841E+006
   1.710000E+002   1.837121E+006
   1.720000E+002   1.874769E+006
   1.730000E+002   1.905171E+006
   1.740000E+002   1.927715E+006
   1.750000E+002   1.941787E+006
   1.760000E+002   1.946773E+006
   1.770000E+002   1.942063E+006
   1.780000E+002   1.927041E+006
   1.790000E+002   1.901094E+006
   1.800000E+002   1.863611E+006
   1.810000E+002   1.814261E+006
   1.820000E+002   1.753847E+006
   1.830000E+002   1.683457E+006
   1.840000E+002   1.604178E+006
   1.850000E+002   1.517097E+006
   1.860000E+002   1.423301E+006
   1.870000E+002   1.323877E+006
   1.880000E+002   1.219912E+006
   1.890000E+002   1.112493E+006
   1.900000E+002   1.002708E+006
   1.910000E+002   8.916424E+005
   1.920000E+002   7.803845E+005
   1.930000E+002   6.700209E+005
   1.940000E+002   5.616388E+005
   1.950000E+002   4.563253E+005
   1.960000E+002   3.551674E+005
   1.970000E+002   2.592521E+005
   1.980000E+002   1.696666E+005
   1.990000E+002   8.749778E+004
   2.000000E+002   1.383286E+004
   2.010000E+002  -5.050332E+004
   2.020000E+002  -1.057346E+005
   2.030000E+002  -1.523469E+005
   2.040000E+002  -1.908263E+005
   2.050000E+002  -2.216587E+005
   2.060000E+002  -2.453302E+005
   2.070000E+002  -2.623267E+005
   2.080000E+002  -2.731342E+005
   2.090000E+002  -2.782387E+005
   2.100000E+002  -2.781262E+005
   2.110000E+002  -2.732826E+005
   2.120000E+002  -2.641940E+005
   2.130000E+002  -2.513464E+005
   2.140000E+002  -2.352257E+005
   2.150000E+002  -2.163179E+005
   2.160000E+002  -1.951090E+005
   2.170000E+002  -1.720851E+005
   2.180000E+002  -1.477320E+005
   2.190000E+002  -1.225358E+005
   2.200000E+002  -9.698249E+004
   2.210000E+002  -7.155802E+004
   2.220000E+002  -4.674839E+004
   2.230000E+002  -2.303960E+004
   2.240000E+002  -9.176297E+002
   2.250000E+002   1.913153E+004
   2.260000E+002   3.672562E+004
   2.270000E+002   5.189721E+004
   2.280000E+002   6.478261E+004
   2.290000E+002   7.551812E+004
   2.300000E+002   8.424006E+004
   2.310000E+002   9.108471E+004
   2.320000E+002   9.618840E+004
   2.330000E+002   9.968741E+004
   2.340000E+002   1.017181E+005
   2.350000E+002   1.024167E+005
   2.360000E+002   1.019195E+005
   2.370000E+002   1.003629E+005
   2.380000E+002   9.788309E+004
   2.390000E+002   9.461647E+004
   2.400000E+002   9.069931E+004
   2.410000E+002   8.626792E+004
   2.420000E+002   8.145858E+004
   2.430000E+002   7.640762E+004
   2.440000E+002   7.125134E+004
   2.450000E+002   6.612603E+004
   2.460000E+002   6.116800E+004
   2.470000E+002   5.651356E+004
   2.480000E+002   5.229901E+004
   2.490000E+002   4.866065E+004
   2.500000E+002   4.573479E+004
   2.510000E+002   4.368487E+004
   2.520000E+002   4.278289E+004
   2.530000E+002   4.332800E+004
   2.540000E+002   4.561933E+004
   2.550000E+002   4.995603E+004
   2.560000E+002   5.663724E+004
   2.570000E+002   6.596209E+004
   2.580000E+002   7.822974E+004
   2.590000E+002   9.373932E+004
   2.600000E+002   1.127900E+005
   2.610000E+002   1.356808E+005
   2.620000E+002   1.627110E+005
   2.630000E+002   1.941798E+005
   2.640000E+002   2.303861E+005
   2.650000E+002   2.716292E+005
   2.660000E+002   3.182083E+005
   2.670000E+002   3.704224E+005
   2.680000E+002   4.285707E+005
   2.690000E+002   4.929524E+005
   2.700000E+002   5.638665E+005
   2.710000E+002   6.416123E+005
   2.720000E+002   7.264888E+005
   2.730000E+002   8.187953E+005
   2.740000E+002   9.188308E+005
   2.750000E+002   1.026894E+006
   2.760000E+002   1.143100E+006
   2.770000E+002   1.266816E+006
   2.780000E+002   1.397227E+006
   2.790000E+002   1.533518E+006
   2.800000E+002   1.674871E+006
   2.810000E+002   1.820471E+006
   2.820000E+002   1.969502E+006
   2.830000E+002   2.121147E+006
   2.840000E+002   2.274591E+006
   2.850000E+002   2.429017E+006
   2.860000E+002   2.583610E+006
   2.870000E+002   2.737552E+006
   2.880000E+002   2.890028E+006
   2.890000E+002   3.040223E+006
   2.900000E+002   3.187319E+006
   2.910000E+002   3.330500E+006
   2.920000E+002   3.468952E+006
   2.930000E+002   3.601856E+006
   2.940000E+002   3.728398E+006
   2.950000E+002   3.847761E+006
   2.960000E+002   3.959130E+006
   2.970000E+002   4.061687E+006
   2.980000E+002   4.154617E+006
   2.990000E+002   4.237104E+006
   3.000000E+002   4.308331E+006
   3.010000E+002   4.367693E+006
   3.020000E+002   4.415418E+006
   3.030000E+002   4.451947E+006
   3.040000E+002   4.477718E+006
   3.050000E+002   4.493172E+006
   3.060000E+002   4.498747E+006
   3.070000E+002   4.494884E+006
   3.080000E+002   4.482021E+006
   3.090000E+002   4.460598E+006
   3.100000E+002   4.431054E+006
   3.110000E+002   4.393830E+006
   3.120000E+002   4.349363E+006
   3.130000E+002   4.298094E+006
   3.140000E+002   4.240463E+006
   3.150000E+002   4.176908E+006
   3.160000E+002   4.107868E+006
   3.170000E+002   4.033785E+006
   3.180000E+002   3.955096E+006
   3.190000E+002   3.872241E+006
   3.200000E+002   3.785660E+006
   3.210000E+002   3.695793E+006
   3.220000E+002   3.603077E+006
   3.230000E+002   3.507954E+006
   3.240000E+002   3.410863E+006
   3.250000E+002   3.312242E+006
   3.260000E+002   3.212531E+006
   3.270000E+002   3.112170E+006
   3.280000E+002   3.011598E+006
   3.290000E+002   2.911255E+006
   3.300000E+002   2.811580E+006
   3.310000E+002   2.713012E+006
   3.320000E+002   2.615991E+006
   3.330000E+002   2.520957E+006
   3.340000E+002   2.428348E+006
   3.350000E+002   2.338604E+006
   3.360000E+002   2.252165E+006
   3.370000E+002   2.169470E+006
   3.380000E+002   2.090958E+006
   3.390000E+002   2.017070E+006
   3.400000E+002   1.948243E+006
   3.410000E+002   1.884918E+006
   3.420000E+002   1.827535E+006
   3.430000E+002   1.776532E+006
   3.440000E+002   1.732349E+006
   3.450000E+002   1.695425E+006
   3.460000E+002   1.666201E+006
   3.470000E+002   1.645114E+006
   3.480000E+002   1.632606E+006
   3.490000E+002   1.629115E+006
   3.500000E+002   1.635080E+006
   3.510000E+002   1.650825E+006
   3.520000E+002   1.676209E+006
   3.530000E+002   1.710974E+006
   3.540000E+002   1.754863E+006
   3.550000E+002   1.807619E+006
   3.560000E+002   1.868985E+006
   3.570000E+002   1.938702E+006
   3.580000E+002   2.016514E+006
   3.590000E+002   2.102164E+006
   3.600000E+002   2.195393E+006
   3.610000E+002   2.295945E+006
   3.620000E+002   2.403563E+006
   3.630000E+002   2.517988E+006
   3.640000E+002   2.638965E+006
   3.650000E+002   2.766234E+006
   3.660000E+002   2.899540E+006
   3.670000E+002   3.038624E+006
   3.680000E+002   3.183230E+006
   3.690000E+002   3.333100E+006
   3.700000E+002   3.487976E+006
   3.710000E+002   3.647602E+006
   3.720000E+002   3.811719E+006
   3.730000E+002   3.980072E+006
   3.740000E+002   4.152402E+006
   3.750000E+002   4.328451E+006
   3.760000E+002   4.507964E+006
   3.770000E+002   4.690682E+006
   3.780000E+002   4.876348E+006
   3.790000E+002   5.064704E+006
   3.800000E+002   5.255494E+006
   3.810000E+002   5.448460E+006
   3.820000E+002   5.643345E+006
   3.830000E+002   5.839891E+006
   3.840000E+002   6.037840E+006
   3.850000E+002   6.236937E+006
   3.860000E+002   6.436923E+006
   3.870000E+002   6.637541E+006
   3.880000E+002   6.838534E+006
   3.890000E+002   7.039644E+006
   3.900000E+002   7.240614E+006
   3.910000E+002   7.441186E+006
   3.920000E+002   7.641104E+006
   3.930000E+002   7.840110E+006
   3.940000E+002   8.037947E+006
   3.950000E+002   8.234357E+006
   3.960000E+002   8.429083E+006
   3.970000E+002   8.621867E+006
   3.980000E+002   8.812453E+006
   3.990000E+002   9.000583E+006
   4.000000E+002   9.186000E+006
   4.010000E+002   9.368464E+006
   4.020000E+002   9.547812E+006
   4.030000E+002   9.723897E+006
   4.040000E+002   9.896573E+006
   4.050000E+002   1.006569E+007
   4.060000E+002   1.023112E+007
   4.070000E+002   1.039269E+007
   4.080000E+002   1.055027E+007
   4.090000E+002   1.070371E+007
   4.100000E+002   1.085287E+007
   4.110000E+002   1.099759E+007
   4.120000E+002   1.113774E+007
   4.130000E+002   1.127316E+007
   4.140000E+002   1.140372E+007
   4.150000E+002   1.152926E+007
   4.160000E+002   1.164964E+007
   4.170000E+002   1.176471E+007
   4.180000E+002   1.187432E+007
   4.190000E+002   1.197834E+007
   4.200000E+002   1.207661E+007
   4.210000E+002   1.216900E+007
   4.220000E+002   1.225534E+007
   4.230000E+002   1.233550E+007
   4.240000E+002   1.240933E+007
   4.250000E+002   1.247668E+007
   4.260000E+002   1.253741E+007
   4.270000E+002   1.259137E+007
   4.280000E+002   1.263842E+007
   4.290000E+002   1.267841E+007
   4.300000E+002   1.271119E+007
   4.310000E+002   1.273663E+007
   4.320000E+002   1.275456E+007
   4.330000E+002   1.276485E+007
   4.340000E+002   1.276734E+007
   4.350000E+002   1.276191E+007
   4.360000E+002   1.274838E+007
   4.370000E+002   1.272663E+007
   4.380000E+002   1.269651E+007
   4.390000E+002   1.265787E+007
   4.400000E+002   1.261055E+007
   4.410000E+002   1.255443E+007
   4.420000E+002   1.248935E+007
   4.430000E+002   1.241516E+007
   4.440000E+002   1.233172E+007
   4.450000E+002   1.223889E+007
   4.460000E+002   1.213651E+007
   4.470000E+002   1.202444E+007
   4.480000E+002   1.190254E+007
   4.490000E+002   1.177066E+007
   4.500000E+002   1.162864E+007
   4.510000E+002   1.147648E+007
   4.520000E+002   1.131463E+007
   4.530000E+002   1.114367E+007
   4.540000E+002   1.096419E+007
   4.550000E+002   1.077678E+007
   4.560000E+002   1.058200E+007
   4.570000E+002   1.038046E+007
   4.580000E+002   1.017273E+007
   4.590000E+002   9.959395E+006
   4.600000E+002   9.741042E+006
   4.610000E+002   9.518252E+006
   4.620000E+002   9.291610E+006
   4.630000E+002   9.061699E+006
   4.640000E+002   8.829104E+006
   4.650000E+002   8.594407E+006
   4.660000E+002   8.358193E+006
   4.670000E+002   8.121045E+006
   4.680000E+002   7.883547E+006
   4.690000E+002   7.646283E+006
   4.700000E+002   7.409836E+006
   4.710000E+002   7.174791E+006
   4.720000E+002   6.941730E+006
   4.730000E+002   6.711238E+006
   4.740000E+002   6.483898E+006
   4.750000E+002   6.260294E+006
   4.760000E+002   6.041010E+006
   4.770000E+002   5.826630E+006
   4.780000E+002   5.617736E+006
   4.790000E+002   5.414914E+006
   4.800000E+002   5.218746E+006
   4.810000E+002   5.029817E+006
   4.820000E+002   4.848709E+006
   4.830000E+002   4.676007E+006
   4.840000E+002   4.512295E+006
   4.850000E+002   4.358156E+006
   4.860000E+002   4.214174E+006
   4.870000E+002   4.080933E+006
   4.880000E+002   3.959016E+006
   4.890000E+002   3.849007E+006
   4.900000E+002   3.751490E+006
   4.910000E+002   3.667048E+006
   4.920000E+002   3.596265E+006
   4.930000E+002   3.539726E+006
   4.940000E+002   3.498013E+006
   4.950000E+002   3.471711E+006
   4.960000E+002   3.461402E+006
   4.970000E+002   3.467672E+006
   4.980000E+002   3.491103E+006
   4.990000E+002   3.532279E+006
   5.000000E+002   3.591785E+006
   5.010000E+002   3.669968E+006
   5.020000E+002   3.766236E+006
   5.030000E+002   3.879763E+006
   5.040000E+002   4.009721E+006
   5.050000E+002   4.155284E+006
   5.060000E+002   4.315624E+006
   5.070000E+002   4.489915E+006
   5.080000E+002   4.677328E+006
   5.090000E+002   4.877037E+006
   5.100000E+002   5.088215E+006
   5.110000E+002   5.310036E+006
   5.120000E+002   5.541670E+006
   5.130000E+002   5.782293E+006
   5.140000E+002   6.031076E+006
   5.150000E+002   6.287192E+006
   5.160000E+002   6.549815E+006
   5.170000E+002   6.818118E+006
   5.180000E+002   7.091272E+006
   5.190000E+002   7.368452E+006
   5.200000E+002   7.648829E+006
   5.210000E+002   7.931578E+006
   5.220000E+002   8.215870E+006
   5.230000E+002   8.500880E+006
   5.240000E+002   8.785779E+006
   5.250000E+002   9.069740E+006
   5.260000E+002   9.351937E+006
   5.270000E+002   9.631543E+006
   5.280000E+002   9.907730E+006
   5.290000E+002   1.017967E+007
   5.300000E+002   1.044654E+007
   5.310000E+002   1.070751E+007
   5.320000E+002   1.096175E+007
   5.330000E+002   1.120844E+007
   5.340000E+002   1.144674E+007
   5.350000E+002   1.167584E+007
   5.360000E+002   1.189490E+007
   5.370000E+002   1.210310E+007
   5.380000E+002   1.229961E+007
   5.390000E+002   1.248361E+007
   5.400000E+002   1.265426E+007
   5.410000E+002   1.281074E+007
   5.420000E+002   1.295222E+007
   5.430000E+002   1.307788E+007
   5.440000E+002   1.318688E+007
   5.450000E+002   1.327841E+007
   5.460000E+002   1.335163E+007
   5.470000E+002   1.340571E+007
   5.480000E+002   1.343984E+007
   5.490000E+002   1.345318E+007
   5.500000E+002   1.344490E+007
   5.510000E+002   1.341445E+007
   5.520000E+002   1.336230E+007
   5.530000E+002   1.328922E+007
   5.540000E+002   1.319596E+007
   5.550000E+002   1.308326E+007
   5.560000E+002   1.295188E+007
   5.570000E+002   1.280258E+007
   5.580000E+002   1.263610E+007
   5.590000E+002   1.245320E+007
   5.600000E+002   1.225462E+007
   5.610000E+002   1.204113E+007
   5.620000E+002   1.181348E+007
   5.630000E+002   1.157241E+007
   5.640000E+002   1.131868E+007
   5.650000E+002   1.105305E+007
   5.660000E+002   1.077625E+007
   5.670000E+002   1.048906E+007
   5.680000E+002   1.019221E+007
   5.690000E+002   9.886468E+006
   5.700000E+002   9.572577E+006
   5.710000E+002   9.251292E+006
   5.720000E+002   8.923366E+006
   5.730000E+002   8.589551E+006
   5.740000E+002   8.250599E+006
   5.750000E+002   7.907263E+006
   5.760000E+002   7.560295E+006
   5.770000E+002   7.210448E+006
   5.780000E+002   6.858474E+006
   5.790000E+002   6.505125E+006
   5.800000E+002   6.151154E+006
   5.810000E+002   5.797313E+006
   5.820000E+002   5.444355E+006
   5.830000E+002   5.093032E+006
   5.840000E+002   4.744096E+006
   5.850000E+002   4.398300E+006
   5.860000E+002   4.056396E+006
   5.870000E+002   3.719136E+006
   5.880000E+002   3.387274E+006
   5.890000E+002   3.061561E+006
   5.900000E+002   2.742749E+006
   5.910000E+002   2.431592E+006
   5.920000E+002   2.128841E+006
   5.930000E+002   1.835249E+006
   5.940000E+002   1.551568E+006
   5.950000E+002   1.278551E+006
   5.960000E+002   1.016950E+006
   5.970000E+002   7.675180E+005
   5.980000E+002   5.310065E+005
   5.990000E+002   3.081683E+005
   6.000000E+002   9.975575E+004
   6.010000E+002  -9.367397E+004
   6.020000E+002  -2.723446E+005
   6.030000E+002  -4.366749E+005
   6.040000E+002  -5.870840E+005
   6.050000E+002  -7.239906E+005
   6.060000E+002  -8.478139E+005
   6.070000E+002  -9.589725E+005
   6.080000E+002  -1.057886E+006
   6.090000E+002  -1.144972E+006
   6.100000E+002  -1.220650E+006
   6.110000E+002  -1.285340E+006
   6.120000E+002  -1.339460E+006
   6.130000E+002  -1.383429E+006
   6.140000E+002  -1.417665E+006
   6.150000E+002  -1.442589E+006
   6.160000E+002  -1.458618E+006
   6.170000E+002  -1.466171E+006
   6.180000E+002  -1.465669E+006
   6.190000E+002  -1.457529E+006
   6.200000E+002  -1.442170E+006
   6.210000E+002  -1.420011E+006
   6.220000E+002  -1.391472E+006
   6.230000E+002  -1.356971E+006
   6.240000E+002  -1.316927E+006
   6.250000E+002  -1.271759E+006
   6.260000E+002  -1.221886E+006
   6.270000E+002  -1.167727E+006
   6.280000E+002  -1.109700E+006
   6.290000E+002  -1.048225E+006
   6.300000E+002  -9.837212E+005
   6.310000E+002  -9.166065E+005
   6.320000E+002  -8.473003E+005
   6.330000E+002  -7.762214E+005
   6.340000E+002  -7.037887E+005
   6.350000E+002  -6.304213E+005
   6.360000E+002  -5.565379E+005
   6.370000E+002  -4.825576E+005
   6.380000E+002  -4.088993E+005
   6.390000E+002  -3.359818E+005
   6.400000E+002  -2.642240E+005
   6.410000E+002  -1.940450E+005
   6.420000E+002  -1.258636E+005
   6.430000E+002  -6.009879E+004
   6.440000E+002   2.830603E+003
   6.450000E+002   6.250561E+004
   6.460000E+002   1.185073E+005
   6.470000E+002   1.704168E+005
   6.480000E+002   2.178152E+005
   6.490000E+002   2.602835E+005
   6.500000E+002   2.974028E+005
   6.510000E+002   3.289160E+005
   6.520000E+002   3.552131E+005
   6.530000E+002   3.768459E+005
   6.540000E+002   3.943663E+005
   6.550000E+002   4.083259E+005
   6.560000E+002   4.192766E+005
   6.570000E+002   4.277703E+005
   6.580000E+002   4.343586E+005
   6.590000E+002   4.395934E+005
   6.600000E+002   4.440266E+005
   6.610000E+002   4.482098E+005
   6.620000E+002   4.526950E+005
   6.630000E+002   4.580338E+005
   6.640000E+002   4.647782E+005
   6.650000E+002   4.734798E+005
   6.660000E+002   4.846905E+005
   6.670000E+002   4.989622E+005
   6.680000E+002   5.168465E+005
   6.690000E+002   5.388953E+005
   6.700000E+002   5.656605E+005
   6.710000E+002   5.976937E+005
   6.720000E+002   6.355468E+005
   6.730000E+002   6.797716E+005
   6.740000E+002   7.309200E+005
   6.750000E+002   7.895436E+005
   6.760000E+002   8.561943E+005
   6.770000E+002   9.314239E+005
   6.780000E+002   1.015784E+006
   6.790000E+002   1.109827E+006
   6.800000E+002   1.214104E+006
   6.810000E+002   1.329167E+006
   6.820000E+002   1.455568E+006
   6.830000E+002   1.593859E+006
   6.840000E+002   1.744591E+006
   6.850000E+002   1.908317E+006
   6.860000E+002   2.085587E+006
   6.870000E+002   2.276955E+006
   6.880000E+002   2.482971E+006
   6.890000E+002   2.704188E+006
   6.900000E+002   2.941157E+006
   6.910000E+002   3.194430E+006
   6.920000E+002   3.464559E+006
   6.930000E+002   3.752095E+006
   6.940000E+002   4.057592E+006
   6.950000E+002   4.381599E+006
   6.960000E+002   4.724670E+006
   6.970000E+002   5.087355E+006
   6.980000E+002   5.470207E+006
   6.990000E+002   5.873778E+006
   7.000000E+002   6.298618E+006
   7.010000E+002   6.745010E+006
   7.020000E+002   7.212147E+006
   7.030000E+002   7.698955E+006
   7.040000E+002   8.204356E+006
   7.050000E+002   8.727274E+006
   7.060000E+002   9.266634E+006
   7.070000E+002   9.821359E+006
   7.080000E+002   1.039037E+007
   7.090000E+002   1.097260E+007
   7.100000E+002   1.156696E+007
   7.110000E+002   1.217239E+007
   7.120000E+002   1.278780E+007
   7.130000E+002   1.341211E+007
   7.140000E+002   1.404426E+007
   7.150000E+002   1.468317E+007
   7.160000E+002   1.532775E+007
   7.170000E+002   1.597694E+007
   7.180000E+002   1.662966E+007
   7.190000E+002   1.728483E+007
   7.200000E+002   1.794137E+007
   7.210000E+002   1.859821E+007
   7.220000E+002   1.925428E+007
   7.230000E+002   1.990849E+007
   7.240000E+002   2.055977E+007
   7.250000E+002   2.120705E+007
   7.260000E+002   2.184925E+007
   7.270000E+002   2.248528E+007
   7.280000E+002   2.311409E+007
   7.290000E+002   2.373458E+007
   7.300000E+002   2.434569E+007
   7.310000E+002   2.494634E+007
   7.320000E+002   2.553544E+007
   7.330000E+002   2.611194E+007
   7.340000E+002   2.667474E+007
   7.350000E+002   2.722277E+007
   7.360000E+002   2.775497E+007
   7.370000E+002   2.827024E+007
   7.380000E+002   2.876752E+007
   7.390000E+002   2.924572E+007
   7.400000E+002   2.970378E+007
   7.410000E+002   3.014061E+007
   7.420000E+002   3.055515E+007
   7.430000E+002   3.094631E+007
   7.440000E+002   3.131301E+007
   7.450000E+002   3.165419E+007
   7.460000E+002   3.196876E+007
   7.470000E+002   3.225566E+007
   7.480000E+002   3.251379E+007
   7.490000E+002   3.274209E+007
   7.500000E+002   3.293949E+007
   7.510000E+002   3.310520E+007
   7.520000E+002   3.323969E+007
   7.530000E+002   3.334370E+007
   7.540000E+002   3.341801E+007
   7.550000E+002   3.346336E+007
   7.560000E+002   3.348051E+007
   7.570000E+002   3.347022E+007
   7.580000E+002   3.343326E+007
   7.590000E+002   3.337036E+007
   7.600000E+002   3.328231E+007
   7.610000E+002   3.316984E+007
   7.620000E+002   3.303372E+007
   7.630000E+002   3.287471E+007
   7.640000E+002   3.269357E+007
   7.650000E+002   3.249104E+007
   7.660000E+002   3.226790E+007
   7.670000E+002   3.202489E+007
   7.680000E+002   3.176278E+007
   7.690000E+002   3.148233E+007
   7.700000E+002   3.118428E+007
   7.710000E+002   3.086940E+007
   7.720000E+002   3.053845E+007
   7.730000E+002   3.019218E+007
   7.740000E+002   2.983135E+007
   7.750000E+002   2.945672E+007
   7.760000E+002   2.906905E+007
   7.770000E+002   2.866909E+007
   7.780000E+002   2.825761E+007
   7.790000E+002   2.783535E+007
   7.800000E+002   2.740308E+007
   7.810000E+002   2.696156E+007
   7.820000E+002   2.651154E+007
   7.830000E+002   2.605378E+007
   7.840000E+002   2.558904E+007
   7.850000E+002   2.511807E+007
   7.860000E+002   2.464164E+007
   7.870000E+002   2.416050E+007
   7.880000E+002   2.367541E+007
   7.890000E+002   2.318712E+007
   7.900000E+002   2.269640E+007
   7.910000E+002   2.220400E+007
   7.920000E+002   2.171068E+007
   7.930000E+002   2.121720E+007
   7.940000E+002   2.072431E+007
   7.950000E+002   2.023278E+007
   7.960000E+002   1.974336E+007
   7.970000E+002   1.925680E+007
   7.980000E+002   1.877387E+007
   7.990000E+002   1.829532E+007
   8.000000E+002   1.782192E+007
   8.010000E+002   1.735433E+007
   8.020000E+002   1.689294E+007
   8.030000E+002   1.643805E+007
   8.040000E+002   1.598996E+007
   8.050000E+002   1.554895E+007
   8.060000E+002   1.511534E+007
   8.070000E+002   1.468942E+007
   8.080000E+002   1.427148E+007
   8.090000E+002   1.386183E+007
   8.100000E+002   1.346077E+007
   8.110000E+002   1.306859E+007
   8.120000E+002   1.268559E+007
   8.130000E+002   1.231207E+007
   8.140000E+002   1.194834E+007
   8.150000E+002   1.159467E+007
   8.160000E+002   1.125139E+007
   8.170000E+002   1.091878E+007
   8.180000E+002   1.059714E+007
   8.190000E+002   1.028678E+007
   8.200000E+002   9.987979E+006
   8.210000E+002   9.701051E+006
   8.220000E+002   9.426290E+006
   8.230000E+002   9.163995E+006
   8.240000E+002   8.914463E+006
   8.250000E+002   8.677993E+006
   8.260000E+002   8.454885E+006
   8.270000E+002   8.245435E+006
   8.280000E+002   8.049944E+006
   8.290000E+002   7.868709E+006
   8.300000E+002   7.702028E+006
   8.310000E+002   7.550201E+006
   8.320000E+002   7.413525E+006
   8.330000E+002   7.292300E+006
   8.340000E+002   7.186823E+006
   8.350000E+002   7.097393E+006
   8.360000E+002   7.024309E+006
   8.370000E+002   6.967869E+006
   8.380000E+002   6.928372E+006
   8.390000E+002   6.906115E+006
   8.400000E+002   6.901399E+006
   8.410000E+002   6.914520E+006
   8.420000E+002   6.945778E+006
   8.430000E+002   6.995471E+006
   8.440000E+002   7.063897E+006
   8.450000E+002   7.151356E+006
   8.460000E+002   7.258144E+006
   8.470000E+002   7.384562E+006
   8.480000E+002   7.530907E+006
   8.490000E+002   7.697478E+006
   8.500000E+002   7.884574E+006
   8.510000E+002   8.092328E+006
   8.520000E+002   8.320219E+006
   8.530000E+002   8.567560E+006
   8.540000E+002   8.833664E+006
   8.550000E+002   9.117847E+006
   8.560000E+002   9.419420E+006
   8.570000E+002   9.737698E+006
   8.580000E+002   1.007199E+007
   8.590000E+002   1.042162E+007
   8.600000E+002   1.078590E+007
   8.610000E+002   1.116413E+007
   8.620000E+002   1.155564E+007
   8.630000E+002   1.195973E+007
   8.640000E+002   1.237573E+007
   8.650000E+002   1.280294E+007
   8.660000E+002   1.324067E+007
   8.670000E+002   1.368825E+007
   8.680000E+002   1.414498E+007
   8.690000E+002   1.461018E+007
   8.700000E+002   1.508317E+007
   8.710000E+002   1.556325E+007
   8.720000E+002   1.604974E+007
   8.730000E+002   1.654195E+007
   8.740000E+002   1.703920E+007
   8.750000E+002   1.754080E+007
   8.760000E+002   1.804606E+007
   8.770000E+002   1.855431E+007
   8.780000E+002   1.906484E+007
   8.790000E+002   1.957698E+007
   8.800000E+002   2.009004E+007
   8.810000E+002   2.060333E+007
   8.820000E+002   2.111617E+007
   8.830000E+002   2.162786E+007
   8.840000E+002   2.213773E+007
   8.850000E+002   2.264509E+007
   8.860000E+002   2.314925E+007
   8.870000E+002   2.364952E+007
   8.880000E+002   2.414523E+007
   8.890000E+002   2.463567E+007
   8.900000E+002   2.512017E+007
   8.910000E+002   2.559804E+007
   8.920000E+002   2.606859E+007
   8.930000E+002   2.653113E+007
   8.940000E+002   2.698499E+007
   8.950000E+002   2.742947E+007
   8.960000E+002   2.786389E+007
   8.970000E+002   2.828756E+007
   8.980000E+002   2.869980E+007
   8.990000E+002   2.909991E+007
   9.000000E+002   2.948721E+007
   9.010000E+002   2.986120E+007
   9.020000E+002   3.022203E+007
   9.030000E+002   3.057006E+007
   9.040000E+002   3.090562E+007
   9.050000E+002   3.122907E+007
   9.060000E+002   3.154074E+007
   9.070000E+002   3.184099E+007
   9.080000E+002   3.213014E+007
   9.090000E+002   3.240856E+007
   9.100000E+002   3.267658E+007
   9.110000E+002   3.293455E+007
   9.120000E+002   3.318281E+007
   9.130000E+002   3.342171E+007
   9.140000E+002   3.365158E+007
   9.150000E+002   3.387278E+007
   9.160000E+002   3.408565E+007
   9.170000E+002   3.429052E+007
   9.180000E+002   3.448776E+007
   9.190000E+002   3.467770E+007
   9.200000E+002   3.486068E+007
   9.210000E+002   3.503704E+007
   9.220000E+002   3.520715E+007
   9.230000E+002   3.537132E+007
   9.240000E+002   3.552992E+007
   9.250000E+002   3.568329E+007
   9.260000E+002   3.583176E+007
   9.270000E+002   3.597569E+007
   9.280000E+002   3.611542E+007
   9.290000E+002   3.625129E+007
   9.300000E+002   3.638364E+007
   9.310000E+002   3.651282E+007
   9.320000E+002   3.663918E+007
   9.330000E+002   3.676306E+007
   9.340000E+002   3.688480E+007
   9.350000E+002   3.700475E+007
   9.360000E+002   3.712324E+007
   9.370000E+002   3.724064E+007
   9.380000E+002   3.735727E+007
   9.390000E+002   3.747348E+007
   9.400000E+002   3.758963E+007
   9.410000E+002   3.770604E+007
   9.420000E+002   3.782307E+007
   9.430000E+002   3.794106E+007
   9.440000E+002   3.806036E+007
   9.450000E+002   3.818130E+007
   9.460000E+002   3.830423E+007
   9.470000E+002   3.842951E+007
   9.480000E+002   3.855746E+007
   9.490000E+002   3.868844E+007
   9.500000E+002   3.882278E+007
   9.510000E+002   3.896070E+007
   9.520000E+002   3.910178E+007
   9.530000E+002   3.924550E+007
   9.540000E+002   3.939132E+007
   9.550000E+002   3.953869E+007
   9.560000E+002   3.968708E+007
   9.570000E+002   3.983595E+007
   9.580000E+002   3.998475E+007
   9.590000E+002   4.013295E+007
   9.600000E+002   4.028001E+007
   9.610000E+002   4.042540E+007
   9.620000E+002   4.056856E+007
   9.630000E+002   4.070896E+007
   9.640000E+002   4.084607E+007
   9.650000E+002   4.097933E+007
   9.660000E+002   4.110823E+007
   9.670000E+002   4.123220E+007
   9.680000E+002   4.135072E+007
   9.690000E+002   4.146325E+007
   9.700000E+002   4.156924E+007
   9.710000E+002   4.166816E+007
   9.720000E+002   4.175946E+007
   9.730000E+002   4.184261E+007
   9.740000E+002   4.191708E+007
   9.750000E+002   4.198231E+007
   9.760000E+002   4.203777E+007
   9.770000E+002   4.208292E+007
   9.780000E+002   4.211722E+007
   9.790000E+002   4.214014E+007
   9.800000E+002   4.215113E+007
   9.810000E+002   4.214965E+007
   9.820000E+002   4.213516E+007
   9.830000E+002   4.210713E+007
   9.840000E+002   4.206502E+007
   9.850000E+002   4.200828E+007
   9.860000E+002   4.193638E+007
   9.870000E+002   4.184878E+007
   9.880000E+002   4.174493E+007
   9.890000E+002   4.162430E+007
   9.900000E+002   4.148636E+007
   9.910000E+002   4.133055E+007
   9.920000E+002   4.115634E+007
   9.930000E+002   4.096320E+007
   9.940000E+002   4.075057E+007
   9.950000E+002   4.051793E+007
   9.960000E+002   4.026474E+007
   9.970000E+002   3.999044E+007
   9.980000E+002   3.969452E+007
   9.990000E+002   3.937641E+007
   1.000000E+003   3.903560E+007
   1.001000E+003   3.867183E+007
   1.002000E+003   3.828607E+007
   1.003000E+003   3.787958E+007
   1.004000E+003   3.745364E+007
   1.005000E+003   3.700949E+007
   1.006000E+003   3.654840E+007
   1.007000E+003   3.607164E+007
   1.008000E+003   3.558047E+007
   1.009000E+003   3.507615E+007
   1.010000E+003   3.455995E+007
   1.011000E+003   3.403313E+007
   1.012000E+003   3.349695E+007
   1.013000E+003   3.295267E+007
   1.014000E+003   3.240157E+007
   1.015000E+003   3.184489E+007
   1.016000E+003   3.128391E+007
   1.017000E+003   3.071989E+007
   1.018000E+003   3.015409E+007
   1.019000E+003   2.958778E+007
   1.020000E+003   2.902221E+007
   1.021000E+003   2.845866E+007
   1.022000E+003   2.789838E+007
   1.023000E+003   2.734264E+007
   1.024000E+003   2.679270E+007
   1.025000E+003   2.624982E+007
   1.026000E+003   2.571527E+007
   1.027000E+003   2.519031E+007
   1.028000E+003   2.467621E+007
   1.029000E+003   2.417422E+007
   1.030000E+003   2.368561E+007
   1.031000E+003   2.321165E+007
   1.032000E+003   2.275359E+007
   1.033000E+003   2.231270E+007
   1.034000E+003   2.189025E+007
   1.035000E+003   2.148749E+007
   1.036000E+003   2.110570E+007
   1.037000E+003   2.074612E+007
   1.038000E+003   2.041003E+007
   1.039000E+003   2.009870E+007
   1.040000E+003   1.981337E+007
   1.041000E+003   1.955532E+007
   1.042000E+003   1.932581E+007
   1.043000E+003   1.912610E+007
   1.044000E+003   1.895746E+007
   1.045000E+003   1.882114E+007
   1.046000E+003   1.871842E+007
   1.047000E+003   1.865055E+007
   1.048000E+003   1.861880E+007
   1.049000E+003   1.862443E+007
   1.050000E+003   1.866871E+007
   1.051000E+003   1.875248E+007
   1.052000E+003   1.887491E+007
   1.053000E+003   1.903478E+007
   1.054000E+003   1.923083E+007
   1.055000E+003   1.946182E+007
   1.056000E+003   1.972652E+007
   1.057000E+003   2.002368E+007
   1.058000E+003   2.035207E+007
   1.059000E+003   2.071043E+007
   1.060000E+003   2.109755E+007
   1.061000E+003   2.151216E+007
   1.062000E+003   2.195303E+007
   1.063000E+003   2.241892E+007
   1.064000E+003   2.290860E+007
   1.065000E+003   2.342081E+007
   1.066000E+003   2.395432E+007
   1.067000E+003   2.450788E+007
   1.068000E+003   2.508027E+007
   1.069000E+003   2.567023E+007
   1.070000E+003   2.627652E+007
   1.071000E+003   2.689791E+007
   1.072000E+003   2.753315E+007
   1.073000E+003   2.818101E+007
   1.074000E+003   2.884024E+007
   1.075000E+003   2.950960E+007
   1.076000E+003   3.018786E+007
   1.077000E+003   3.087376E+007
   1.078000E+003   3.156607E+007
   1.079000E+003   3.226356E+007
   1.080000E+003   3.296497E+007
   1.081000E+003   3.366907E+007
   1.082000E+003   3.437462E+007
   1.083000E+003   3.508037E+007
   1.084000E+003   3.578509E+007
   1.085000E+003   3.648754E+007
   1.086000E+003   3.718647E+007
   1.087000E+003   3.788064E+007
   1.088000E+003   3.856882E+007
   1.089000E+003   3.924976E+007
   1.090000E+003   3.992222E+007
   1.091000E+003   4.058497E+007
   1.092000E+003   4.123675E+007
   1.093000E+003   4.187634E+007
   1.094000E+003   4.250248E+007
   1.095000E+003   4.311394E+007
   1.096000E+003   4.370948E+007
   1.097000E+003   4.428786E+007
   1.098000E+003   4.484784E+007
   1.099000E+003   4.538817E+007
   1.100000E+003   4.590761E+007
   1.101000E+003   4.640521E+007
   1.102000E+003   4.688113E+007
   1.103000E+003   4.733580E+007
   1.104000E+003   4.776968E+007
   1.105000E+003   4.818319E+007
   1.106000E+003   4.857678E+007
   1.107000E+003   4.895090E+007
   1.108000E+003   4.930598E+007
   1.109000E+003   4.964246E+007
   1.110000E+003   4.996079E+007
   1.111000E+003   5.026141E+007
   1.112000E+003   5.054475E+007
   1.113000E+003   5.081127E+007
   1.114000E+003   5.106140E+007
   1.115000E+003   5.129558E+007
   1.116000E+003   5.151425E+007
   1.117000E+003   5.171785E+007
   1.118000E+003   5.190684E+007
   1.119000E+003   5.208164E+007
   1.120000E+003   5.224270E+007
   1.121000E+003   5.239046E+007
   1.122000E+003   5.252536E+007
   1.123000E+003   5.264784E+007
   1.124000E+003   5.275834E+007
   1.125000E+003   5.285731E+007
   1.126000E+003   5.294519E+007
   1.127000E+003   5.302242E+007
   1.128000E+003   5.308943E+007
   1.129000E+003   5.314667E+007
   1.130000E+003   5.319458E+007
   1.131000E+003   5.323361E+007
   1.132000E+003   5.326419E+007
   1.133000E+003   5.328676E+007
   1.134000E+003   5.330177E+007
   1.135000E+003   5.330966E+007
   1.136000E+003   5.331087E+007
   1.137000E+003   5.330584E+007
   1.138000E+003   5.329500E+007
   1.139000E+003   5.327881E+007
   1.140000E+003   5.325771E+007
   1.141000E+003   5.323213E+007
   1.142000E+003   5.320251E+007
   1.143000E+003   5.316931E+007
   1.144000E+003   5.313295E+007
   1.145000E+003   5.309388E+007
   1.146000E+003   5.305254E+007
   1.147000E+003   5.300937E+007
   1.148000E+003   5.296482E+007
   1.149000E+003   5.291933E+007
   1.150000E+003   5.287333E+007
   1.151000E+003   5.282719E+007
   1.152000E+003   5.278099E+007
   1.153000E+003   5.273474E+007
   1.154000E+003   5.268842E+007
   1.155000E+003   5.264205E+007
   1.156000E+003   5.259562E+007
   1.157000E+003   5.254913E+007
   1.158000E+003   5.250259E+007
   1.159000E+003   5.245600E+007
   1.160000E+003   5.240936E+007
   1.161000E+003   5.236267E+007
   1.162000E+003   5.231593E+007
   1.163000E+003   5.226914E+007
   1.164000E+003   5.222231E+007
   1.165000E+003   5.217543E+007
   1.166000E+003   5.212850E+007
   1.167000E+003   5.208154E+007
   1.168000E+003   5.203453E+007
   1.169000E+003   5.198748E+007
   1.170000E+003   5.194040E+007
   1.171000E+003   5.189327E+007
   1.172000E+003   5.184611E+007
   1.173000E+003   5.179892E+007
   1.174000E+003   5.175169E+007
   1.175000E+003   5.170443E+007
   1.176000E+003   5.165714E+007
   1.177000E+003   5.160982E+007
   1.178000E+003   5.156246E+007
   1.179000E+003   5.151509E+007
   1.180000E+003   5.146768E+007
   1.181000E+003   5.142025E+007
   1.182000E+003   5.137280E+007
   1.183000E+003   5.132532E+007
   1.184000E+003   5.127783E+007
   1.185000E+003   5.123031E+007
   1.186000E+003   5.118277E+007
   1.187000E+003   5.113522E+007
   1.188000E+003   5.108765E+007
   1.189000E+003   5.104007E+007
   1.190000E+003   5.099247E+007
   1.191000E+003   5.094486E+007
   1.192000E+003   5.089723E+007
   1.193000E+003   5.084960E+007
   1.194000E+003   5.080196E+007
   1.195000E+003   5.075431E+007
   1.196000E+003   5.070666E+007
   1.197000E+003   5.065900E+007
   1.198000E+003   5.061134E+007
   1.199000E+003   5.056367E+007
   1.200000E+003   5.051600E+007
