   1.000000E+000   1.551163E-002
   2.000000E+000   1.908714E-002
   3.000000E+000   2.266265E-002
   4.000000E+000   2.259378E-002
   5.000000E+000   2.205127E-002
   6.000000E+000   2.179607E-002
   7.000000E+000   2.155840E-002
   8.000000E+000   2.133332E-002
   9.000000E+000   2.116645E-002
   1.000000E+001   2.104067E-002
   1.100000E+001   2.092911E-002
   1.200000E+001   2.082867E-002
   1.300000E+001   2.074112E-002
   1.400000E+001   2.066399E-002
   1.500000E+001   2.059374E-002
   1.600000E+001   2.052737E-002
   1.700000E+001   2.046390E-002
   1.800000E+001   2.040289E-002
   1.900000E+001   2.034389E-002
   2.000000E+001   2.028645E-002
   2.100000E+001   2.023018E-002
   2.200000E+001   2.017499E-002
   2.300000E+001   2.012082E-002
   2.400000E+001   2.006764E-002
   2.500000E+001   2.001541E-002
   2.600000E+001   1.996408E-002
   2.700000E+001   1.991362E-002
   2.800000E+001   1.986398E-002
   2.900000E+001   1.981513E-002
   3.000000E+001   1.976702E-002
   3.100000E+001   1.971963E-002
   3.200000E+001   1.967304E-002
   3.300000E+001   1.962734E-002
   3.400000E+001   1.958263E-002
   3.500000E+001   1.953899E-002
   3.600000E+001   1.949654E-002
   3.700000E+001   1.945536E-002
   3.800000E+001   1.941554E-002
   3.900000E+001   1.937718E-002
   4.000000E+001   1.934038E-002
   4.100000E+001   1.930523E-002
   4.200000E+001   1.927183E-002
   4.300000E+001   1.924027E-002
   4.400000E+001   1.921065E-002
   4.500000E+001   1.918306E-002
   4.600000E+001   1.915760E-002
   4.700000E+001   1.913437E-002
   4.800000E+001   1.911347E-002
   4.900000E+001   1.909498E-002
   5.000000E+001   1.907901E-002
   5.100000E+001   1.906564E-002
   5.200000E+001   1.905497E-002
   5.300000E+001   1.904706E-002
   5.400000E+001   1.904201E-002
   5.500000E+001   1.903988E-002
   5.600000E+001   1.904077E-002
   5.700000E+001   1.904475E-002
   5.800000E+001   1.905190E-002
   5.900000E+001   1.906230E-002
   6.000000E+001   1.907603E-002
   6.100000E+001   1.909317E-002
   6.200000E+001   1.911378E-002
   6.300000E+001   1.913795E-002
   6.400000E+001   1.916573E-002
   6.500000E+001   1.919719E-002
   6.600000E+001   1.923240E-002
   6.700000E+001   1.927143E-002
   6.800000E+001   1.931434E-002
   6.900000E+001   1.936121E-002
   7.000000E+001   1.941210E-002
   7.100000E+001   1.946708E-002
   7.200000E+001   1.952618E-002
   7.300000E+001   1.958946E-002
   7.400000E+001   1.965696E-002
   7.500000E+001   1.972871E-002
   7.600000E+001   1.980475E-002
   7.700000E+001   1.988514E-002
   7.800000E+001   1.996991E-002
   7.900000E+001   2.005910E-002
   8.000000E+001   2.015276E-002
   8.100000E+001   2.025091E-002
   8.200000E+001   2.035359E-002
   8.300000E+001   2.046082E-002
   8.400000E+001   2.057261E-002
   8.500000E+001   2.068899E-002
   8.600000E+001   2.080997E-002
   8.700000E+001   2.093557E-002
   8.800000E+001   2.106582E-002
   8.900000E+001   2.120073E-002
   9.000000E+001   2.134032E-002
   9.100000E+001   2.148461E-002
   9.200000E+001   2.163360E-002
   9.300000E+001   2.178728E-002
   9.400000E+001   2.194564E-002
   9.500000E+001   2.210868E-002
   9.600000E+001   2.227640E-002
   9.700000E+001   2.244878E-002
   9.800000E+001   2.262583E-002
   9.900000E+001   2.280753E-002
   1.000000E+002   2.299389E-002
   1.010000E+002   2.318488E-002
   1.020000E+002   2.338048E-002
   1.030000E+002   2.358064E-002
   1.040000E+002   2.378531E-002
   1.050000E+002   2.399446E-002
   1.060000E+002   2.420805E-002
   1.070000E+002   2.442602E-002
   1.080000E+002   2.464835E-002
   1.090000E+002   2.487498E-002
   1.100000E+002   2.510587E-002
   1.110000E+002   2.534099E-002
   1.120000E+002   2.558028E-002
   1.130000E+002   2.582371E-002
   1.140000E+002   2.607124E-002
   1.150000E+002   2.632282E-002
   1.160000E+002   2.657840E-002
   1.170000E+002   2.683796E-002
   1.180000E+002   2.710144E-002
   1.190000E+002   2.736880E-002
   1.200000E+002   2.764000E-002
   1.210000E+002   2.791499E-002
   1.220000E+002   2.819369E-002
   1.230000E+002   2.847601E-002
   1.240000E+002   2.876186E-002
   1.250000E+002   2.905116E-002
   1.260000E+002   2.934381E-002
   1.270000E+002   2.963974E-002
   1.280000E+002   2.993884E-002
   1.290000E+002   3.024104E-002
   1.300000E+002   3.054624E-002
   1.310000E+002   3.085435E-002
   1.320000E+002   3.116530E-002
   1.330000E+002   3.147898E-002
   1.340000E+002   3.179531E-002
   1.350000E+002   3.211421E-002
   1.360000E+002   3.243559E-002
   1.370000E+002   3.275935E-002
   1.380000E+002   3.308541E-002
   1.390000E+002   3.341368E-002
   1.400000E+002   3.374407E-002
   1.410000E+002   3.407649E-002
   1.420000E+002   3.441085E-002
   1.430000E+002   3.474702E-002
   1.440000E+002   3.508492E-002
   1.450000E+002   3.542443E-002
   1.460000E+002   3.576544E-002
   1.470000E+002   3.610786E-002
   1.480000E+002   3.645157E-002
   1.490000E+002   3.679647E-002
   1.500000E+002   3.714246E-002
   1.510000E+002   3.748942E-002
   1.520000E+002   3.783726E-002
   1.530000E+002   3.818587E-002
   1.540000E+002   3.853515E-002
   1.550000E+002   3.888497E-002
   1.560000E+002   3.923526E-002
   1.570000E+002   3.958588E-002
   1.580000E+002   3.993675E-002
   1.590000E+002   4.028775E-002
   1.600000E+002   4.063879E-002
   1.610000E+002   4.098974E-002
   1.620000E+002   4.134051E-002
   1.630000E+002   4.169097E-002
   1.640000E+002   4.204101E-002
   1.650000E+002   4.239051E-002
   1.660000E+002   4.273936E-002
   1.670000E+002   4.308744E-002
   1.680000E+002   4.343464E-002
   1.690000E+002   4.378085E-002
   1.700000E+002   4.412594E-002
   1.710000E+002   4.446980E-002
   1.720000E+002   4.481233E-002
   1.730000E+002   4.515339E-002
   1.740000E+002   4.549288E-002
   1.750000E+002   4.583068E-002
   1.760000E+002   4.616668E-002
   1.770000E+002   4.650076E-002
   1.780000E+002   4.683281E-002
   1.790000E+002   4.716271E-002
   1.800000E+002   4.749035E-002
   1.810000E+002   4.781560E-002
   1.820000E+002   4.813838E-002
   1.830000E+002   4.845857E-002
   1.840000E+002   4.877608E-002
   1.850000E+002   4.909081E-002
   1.860000E+002   4.940264E-002
   1.870000E+002   4.971148E-002
   1.880000E+002   5.001724E-002
   1.890000E+002   5.031979E-002
   1.900000E+002   5.061906E-002
   1.910000E+002   5.091492E-002
   1.920000E+002   5.120729E-002
   1.930000E+002   5.149605E-002
   1.940000E+002   5.178111E-002
   1.950000E+002   5.206237E-002
   1.960000E+002   5.233972E-002
   1.970000E+002   5.261306E-002
   1.980000E+002   5.288229E-002
   1.990000E+002   5.314731E-002
   2.000000E+002   5.340801E-002
   2.010000E+002   5.366431E-002
   2.020000E+002   5.391613E-002
   2.030000E+002   5.416343E-002
   2.040000E+002   5.440615E-002
   2.050000E+002   5.464423E-002
   2.060000E+002   5.487762E-002
   2.070000E+002   5.510626E-002
   2.080000E+002   5.533009E-002
   2.090000E+002   5.554907E-002
   2.100000E+002   5.576314E-002
   2.110000E+002   5.597224E-002
   2.120000E+002   5.617632E-002
   2.130000E+002   5.637531E-002
   2.140000E+002   5.656918E-002
   2.150000E+002   5.675785E-002
   2.160000E+002   5.694128E-002
   2.170000E+002   5.711941E-002
   2.180000E+002   5.729219E-002
   2.190000E+002   5.745955E-002
   2.200000E+002   5.762145E-002
   2.210000E+002   5.777783E-002
   2.220000E+002   5.792864E-002
   2.230000E+002   5.807381E-002
   2.240000E+002   5.821330E-002
   2.250000E+002   5.834704E-002
   2.260000E+002   5.847500E-002
   2.270000E+002   5.859713E-002
   2.280000E+002   5.871344E-002
   2.290000E+002   5.882389E-002
   2.300000E+002   5.892846E-002
   2.310000E+002   5.902715E-002
   2.320000E+002   5.911992E-002
   2.330000E+002   5.920676E-002
   2.340000E+002   5.928765E-002
   2.350000E+002   5.936256E-002
   2.360000E+002   5.943149E-002
   2.370000E+002   5.949442E-002
   2.380000E+002   5.955131E-002
   2.390000E+002   5.960216E-002
   2.400000E+002   5.964694E-002
   2.410000E+002   5.968563E-002
   2.420000E+002   5.971822E-002
   2.430000E+002   5.974469E-002
   2.440000E+002   5.976501E-002
   2.450000E+002   5.977917E-002
   2.460000E+002   5.978715E-002
   2.470000E+002   5.978892E-002
   2.480000E+002   5.978448E-002
   2.490000E+002   5.977380E-002
   2.500000E+002   5.975686E-002
   2.510000E+002   5.973365E-002
   2.520000E+002   5.970421E-002
   2.530000E+002   5.966859E-002
   2.540000E+002   5.962683E-002
   2.550000E+002   5.957899E-002
   2.560000E+002   5.952511E-002
   2.570000E+002   5.946524E-002
   2.580000E+002   5.939942E-002
   2.590000E+002   5.932771E-002
   2.600000E+002   5.925015E-002
   2.610000E+002   5.916680E-002
   2.620000E+002   5.907769E-002
   2.630000E+002   5.898288E-002
   2.640000E+002   5.888241E-002
   2.650000E+002   5.877633E-002
   2.660000E+002   5.866470E-002
   2.670000E+002   5.854755E-002
   2.680000E+002   5.842494E-002
   2.690000E+002   5.829691E-002
   2.700000E+002   5.816351E-002
   2.710000E+002   5.802479E-002
   2.720000E+002   5.788080E-002
   2.730000E+002   5.773158E-002
   2.740000E+002   5.757719E-002
   2.750000E+002   5.741767E-002
   2.760000E+002   5.725307E-002
   2.770000E+002   5.708347E-002
   2.780000E+002   5.690895E-002
   2.790000E+002   5.672958E-002
   2.800000E+002   5.654546E-002
   2.810000E+002   5.635665E-002
   2.820000E+002   5.616324E-002
   2.830000E+002   5.596530E-002
   2.840000E+002   5.576293E-002
   2.850000E+002   5.555619E-002
   2.860000E+002   5.534517E-002
   2.870000E+002   5.512995E-002
   2.880000E+002   5.491060E-002
   2.890000E+002   5.468721E-002
   2.900000E+002   5.445985E-002
   2.910000E+002   5.422861E-002
   2.920000E+002   5.399357E-002
   2.930000E+002   5.375481E-002
   2.940000E+002   5.351239E-002
   2.950000E+002   5.326642E-002
   2.960000E+002   5.301696E-002
   2.970000E+002   5.276410E-002
   2.980000E+002   5.250791E-002
   2.990000E+002   5.224847E-002
   3.000000E+002   5.198587E-002
   3.010000E+002   5.172019E-002
   3.020000E+002   5.145153E-002
   3.030000E+002   5.117998E-002
   3.040000E+002   5.090565E-002
   3.050000E+002   5.062864E-002
   3.060000E+002   5.034905E-002
   3.070000E+002   5.006699E-002
   3.080000E+002   4.978254E-002
   3.090000E+002   4.949583E-002
   3.100000E+002   4.920693E-002
   3.110000E+002   4.891597E-002
   3.120000E+002   4.862303E-002
   3.130000E+002   4.832822E-002
   3.140000E+002   4.803164E-002
   3.150000E+002   4.773339E-002
   3.160000E+002   4.743358E-002
   3.170000E+002   4.713230E-002
   3.180000E+002   4.682965E-002
   3.190000E+002   4.652575E-002
   3.200000E+002   4.622067E-002
   3.210000E+002   4.591454E-002
   3.220000E+002   4.560745E-002
   3.230000E+002   4.529950E-002
   3.240000E+002   4.499080E-002
   3.250000E+002   4.468143E-002
   3.260000E+002   4.437152E-002
   3.270000E+002   4.406114E-002
   3.280000E+002   4.375042E-002
   3.290000E+002   4.343944E-002
   3.300000E+002   4.312832E-002
   3.310000E+002   4.281714E-002
   3.320000E+002   4.250602E-002
   3.330000E+002   4.219505E-002
   3.340000E+002   4.188434E-002
   3.350000E+002   4.157398E-002
   3.360000E+002   4.126408E-002
   3.370000E+002   4.095474E-002
   3.380000E+002   4.064606E-002
   3.390000E+002   4.033813E-002
   3.400000E+002   4.003108E-002
   3.410000E+002   3.972498E-002
   3.420000E+002   3.941995E-002
   3.430000E+002   3.911608E-002
   3.440000E+002   3.881348E-002
   3.450000E+002   3.851225E-002
   3.460000E+002   3.821249E-002
   3.470000E+002   3.791430E-002
   3.480000E+002   3.761778E-002
   3.490000E+002   3.732303E-002
   3.500000E+002   3.703016E-002
   3.510000E+002   3.673926E-002
   3.520000E+002   3.645038E-002
   3.530000E+002   3.616360E-002
   3.540000E+002   3.587895E-002
   3.550000E+002   3.559650E-002
   3.560000E+002   3.531631E-002
   3.570000E+002   3.503842E-002
   3.580000E+002   3.476290E-002
   3.590000E+002   3.448980E-002
   3.600000E+002   3.421917E-002
   3.610000E+002   3.395108E-002
   3.620000E+002   3.368556E-002
   3.630000E+002   3.342270E-002
   3.640000E+002   3.316252E-002
   3.650000E+002   3.290511E-002
   3.660000E+002   3.265049E-002
   3.670000E+002   3.239875E-002
   3.680000E+002   3.214992E-002
   3.690000E+002   3.190407E-002
   3.700000E+002   3.166124E-002
   3.710000E+002   3.142151E-002
   3.720000E+002   3.118491E-002
   3.730000E+002   3.095151E-002
   3.740000E+002   3.072137E-002
   3.750000E+002   3.049453E-002
   3.760000E+002   3.027105E-002
   3.770000E+002   3.005099E-002
   3.780000E+002   2.983441E-002
   3.790000E+002   2.962136E-002
   3.800000E+002   2.941189E-002
   3.810000E+002   2.920607E-002
   3.820000E+002   2.900394E-002
   3.830000E+002   2.880556E-002
   3.840000E+002   2.861099E-002
   3.850000E+002   2.842028E-002
   3.860000E+002   2.823350E-002
   3.870000E+002   2.805068E-002
   3.880000E+002   2.787190E-002
   3.890000E+002   2.769720E-002
   3.900000E+002   2.752664E-002
   3.910000E+002   2.736028E-002
   3.920000E+002   2.719817E-002
   3.930000E+002   2.704036E-002
   3.940000E+002   2.688692E-002
   3.950000E+002   2.673790E-002
   3.960000E+002   2.659335E-002
   3.970000E+002   2.645333E-002
   3.980000E+002   2.631790E-002
   3.990000E+002   2.618710E-002
   4.000000E+002   2.606100E-002
   4.010000E+002   2.593964E-002
   4.020000E+002   2.582300E-002
   4.030000E+002   2.571105E-002
   4.040000E+002   2.560376E-002
   4.050000E+002   2.550109E-002
   4.060000E+002   2.540303E-002
   4.070000E+002   2.530953E-002
   4.080000E+002   2.522057E-002
   4.090000E+002   2.513611E-002
   4.100000E+002   2.505613E-002
   4.110000E+002   2.498059E-002
   4.120000E+002   2.490947E-002
   4.130000E+002   2.484273E-002
   4.140000E+002   2.478034E-002
   4.150000E+002   2.472228E-002
   4.160000E+002   2.466850E-002
   4.170000E+002   2.461899E-002
   4.180000E+002   2.457370E-002
   4.190000E+002   2.453262E-002
   4.200000E+002   2.449570E-002
   4.210000E+002   2.446292E-002
   4.220000E+002   2.443424E-002
   4.230000E+002   2.440965E-002
   4.240000E+002   2.438910E-002
   4.250000E+002   2.437256E-002
   4.260000E+002   2.436000E-002
   4.270000E+002   2.435141E-002
   4.280000E+002   2.434673E-002
   4.290000E+002   2.434594E-002
   4.300000E+002   2.434902E-002
   4.310000E+002   2.435593E-002
   4.320000E+002   2.436663E-002
   4.330000E+002   2.438111E-002
   4.340000E+002   2.439932E-002
   4.350000E+002   2.442124E-002
   4.360000E+002   2.444684E-002
   4.370000E+002   2.447609E-002
   4.380000E+002   2.450895E-002
   4.390000E+002   2.454540E-002
   4.400000E+002   2.458540E-002
   4.410000E+002   2.462892E-002
   4.420000E+002   2.467594E-002
   4.430000E+002   2.472642E-002
   4.440000E+002   2.478033E-002
   4.450000E+002   2.483764E-002
   4.460000E+002   2.489833E-002
   4.470000E+002   2.496235E-002
   4.480000E+002   2.502968E-002
   4.490000E+002   2.510029E-002
   4.500000E+002   2.517415E-002
   4.510000E+002   2.525121E-002
   4.520000E+002   2.533142E-002
   4.530000E+002   2.541469E-002
   4.540000E+002   2.550096E-002
   4.550000E+002   2.559014E-002
   4.560000E+002   2.568216E-002
   4.570000E+002   2.577694E-002
   4.580000E+002   2.587441E-002
   4.590000E+002   2.597450E-002
   4.600000E+002   2.607713E-002
   4.610000E+002   2.618221E-002
   4.620000E+002   2.628969E-002
   4.630000E+002   2.639948E-002
   4.640000E+002   2.651150E-002
   4.650000E+002   2.662569E-002
   4.660000E+002   2.674197E-002
   4.670000E+002   2.686025E-002
   4.680000E+002   2.698047E-002
   4.690000E+002   2.710255E-002
   4.700000E+002   2.722641E-002
   4.710000E+002   2.735199E-002
   4.720000E+002   2.747920E-002
   4.730000E+002   2.760796E-002
   4.740000E+002   2.773821E-002
   4.750000E+002   2.786987E-002
   4.760000E+002   2.800286E-002
   4.770000E+002   2.813711E-002
   4.780000E+002   2.827254E-002
   4.790000E+002   2.840908E-002
   4.800000E+002   2.854665E-002
   4.810000E+002   2.868517E-002
   4.820000E+002   2.882457E-002
   4.830000E+002   2.896478E-002
   4.840000E+002   2.910572E-002
   4.850000E+002   2.924732E-002
   4.860000E+002   2.938949E-002
   4.870000E+002   2.953216E-002
   4.880000E+002   2.967527E-002
   4.890000E+002   2.981872E-002
   4.900000E+002   2.996246E-002
   4.910000E+002   3.010639E-002
   4.920000E+002   3.025046E-002
   4.930000E+002   3.039457E-002
   4.940000E+002   3.053866E-002
   4.950000E+002   3.068265E-002
   4.960000E+002   3.082647E-002
   4.970000E+002   3.097003E-002
   4.980000E+002   3.111327E-002
   4.990000E+002   3.125611E-002
   5.000000E+002   3.139848E-002
   5.010000E+002   3.154029E-002
   5.020000E+002   3.168151E-002
   5.030000E+002   3.182207E-002
   5.040000E+002   3.196192E-002
   5.050000E+002   3.210103E-002
   5.060000E+002   3.223932E-002
   5.070000E+002   3.237677E-002
   5.080000E+002   3.251330E-002
   5.090000E+002   3.264888E-002
   5.100000E+002   3.278345E-002
   5.110000E+002   3.291696E-002
   5.120000E+002   3.304937E-002
   5.130000E+002   3.318061E-002
   5.140000E+002   3.331064E-002
   5.150000E+002   3.343941E-002
   5.160000E+002   3.356687E-002
   5.170000E+002   3.369297E-002
   5.180000E+002   3.381765E-002
   5.190000E+002   3.394087E-002
   5.200000E+002   3.406258E-002
   5.210000E+002   3.418272E-002
   5.220000E+002   3.430124E-002
   5.230000E+002   3.441810E-002
   5.240000E+002   3.453324E-002
   5.250000E+002   3.464661E-002
   5.260000E+002   3.475816E-002
   5.270000E+002   3.486784E-002
   5.280000E+002   3.497560E-002
   5.290000E+002   3.508139E-002
   5.300000E+002   3.518516E-002
   5.310000E+002   3.528686E-002
   5.320000E+002   3.538644E-002
   5.330000E+002   3.548384E-002
   5.340000E+002   3.557901E-002
   5.350000E+002   3.567191E-002
   5.360000E+002   3.576249E-002
   5.370000E+002   3.585069E-002
   5.380000E+002   3.593646E-002
   5.390000E+002   3.601975E-002
   5.400000E+002   3.610052E-002
   5.410000E+002   3.617871E-002
   5.420000E+002   3.625426E-002
   5.430000E+002   3.632714E-002
   5.440000E+002   3.639728E-002
   5.450000E+002   3.646464E-002
   5.460000E+002   3.652917E-002
   5.470000E+002   3.659082E-002
   5.480000E+002   3.664953E-002
   5.490000E+002   3.670526E-002
   5.500000E+002   3.675795E-002
   5.510000E+002   3.680757E-002
   5.520000E+002   3.685411E-002
   5.530000E+002   3.689759E-002
   5.540000E+002   3.693802E-002
   5.550000E+002   3.697540E-002
   5.560000E+002   3.700976E-002
   5.570000E+002   3.704110E-002
   5.580000E+002   3.706943E-002
   5.590000E+002   3.709478E-002
   5.600000E+002   3.711713E-002
   5.610000E+002   3.713652E-002
   5.620000E+002   3.715295E-002
   5.630000E+002   3.716642E-002
   5.640000E+002   3.717697E-002
   5.650000E+002   3.718458E-002
   5.660000E+002   3.718928E-002
   5.670000E+002   3.719108E-002
   5.680000E+002   3.718999E-002
   5.690000E+002   3.718602E-002
   5.700000E+002   3.717918E-002
   5.710000E+002   3.716949E-002
   5.720000E+002   3.715695E-002
   5.730000E+002   3.714158E-002
   5.740000E+002   3.712338E-002
   5.750000E+002   3.710238E-002
   5.760000E+002   3.707857E-002
   5.770000E+002   3.705198E-002
   5.780000E+002   3.702261E-002
   5.790000E+002   3.699048E-002
   5.800000E+002   3.695559E-002
   5.810000E+002   3.691796E-002
   5.820000E+002   3.687761E-002
   5.830000E+002   3.683453E-002
   5.840000E+002   3.678875E-002
   5.850000E+002   3.674027E-002
   5.860000E+002   3.668910E-002
   5.870000E+002   3.663527E-002
   5.880000E+002   3.657877E-002
   5.890000E+002   3.651962E-002
   5.900000E+002   3.645784E-002
   5.910000E+002   3.639343E-002
   5.920000E+002   3.632640E-002
   5.930000E+002   3.625677E-002
   5.940000E+002   3.618454E-002
   5.950000E+002   3.610974E-002
   5.960000E+002   3.603237E-002
   5.970000E+002   3.595244E-002
   5.980000E+002   3.586996E-002
   5.990000E+002   3.578495E-002
   6.000000E+002   3.569741E-002
   6.010000E+002   3.560737E-002
   6.020000E+002   3.551487E-002
   6.030000E+002   3.541997E-002
   6.040000E+002   3.532273E-002
   6.050000E+002   3.522319E-002
   6.060000E+002   3.512142E-002
   6.070000E+002   3.501746E-002
   6.080000E+002   3.491137E-002
   6.090000E+002   3.480322E-002
   6.100000E+002   3.469305E-002
   6.110000E+002   3.458091E-002
   6.120000E+002   3.446687E-002
   6.130000E+002   3.435098E-002
   6.140000E+002   3.423329E-002
   6.150000E+002   3.411385E-002
   6.160000E+002   3.399274E-002
   6.170000E+002   3.386998E-002
   6.180000E+002   3.374566E-002
   6.190000E+002   3.361981E-002
   6.200000E+002   3.349249E-002
   6.210000E+002   3.336376E-002
   6.220000E+002   3.323368E-002
   6.230000E+002   3.310229E-002
   6.240000E+002   3.296965E-002
   6.250000E+002   3.283583E-002
   6.260000E+002   3.270086E-002
   6.270000E+002   3.256482E-002
   6.280000E+002   3.242774E-002
   6.290000E+002   3.228970E-002
   6.300000E+002   3.215074E-002
   6.310000E+002   3.201092E-002
   6.320000E+002   3.187029E-002
   6.330000E+002   3.172890E-002
   6.340000E+002   3.158682E-002
   6.350000E+002   3.144410E-002
   6.360000E+002   3.130079E-002
   6.370000E+002   3.115695E-002
   6.380000E+002   3.101264E-002
   6.390000E+002   3.086790E-002
   6.400000E+002   3.072279E-002
   6.410000E+002   3.057737E-002
   6.420000E+002   3.043170E-002
   6.430000E+002   3.028582E-002
   6.440000E+002   3.013980E-002
   6.450000E+002   2.999368E-002
   6.460000E+002   2.984753E-002
   6.470000E+002   2.970139E-002
   6.480000E+002   2.955533E-002
   6.490000E+002   2.940939E-002
   6.500000E+002   2.926364E-002
   6.510000E+002   2.911813E-002
   6.520000E+002   2.897289E-002
   6.530000E+002   2.882798E-002
   6.540000E+002   2.868344E-002
   6.550000E+002   2.853930E-002
   6.560000E+002   2.839562E-002
   6.570000E+002   2.825244E-002
   6.580000E+002   2.810979E-002
   6.590000E+002   2.796772E-002
   6.600000E+002   2.782628E-002
   6.610000E+002   2.768550E-002
   6.620000E+002   2.754544E-002
   6.630000E+002   2.740612E-002
   6.640000E+002   2.726761E-002
   6.650000E+002   2.712993E-002
   6.660000E+002   2.699313E-002
   6.670000E+002   2.685726E-002
   6.680000E+002   2.672235E-002
   6.690000E+002   2.658846E-002
   6.700000E+002   2.645562E-002
   6.710000E+002   2.632387E-002
   6.720000E+002   2.619326E-002
   6.730000E+002   2.606384E-002
   6.740000E+002   2.593564E-002
   6.750000E+002   2.580871E-002
   6.760000E+002   2.568309E-002
   6.770000E+002   2.555882E-002
   6.780000E+002   2.543595E-002
   6.790000E+002   2.531451E-002
   6.800000E+002   2.519456E-002
   6.810000E+002   2.507614E-002
   6.820000E+002   2.495928E-002
   6.830000E+002   2.484404E-002
   6.840000E+002   2.473045E-002
   6.850000E+002   2.461855E-002
   6.860000E+002   2.450840E-002
   6.870000E+002   2.440002E-002
   6.880000E+002   2.429348E-002
   6.890000E+002   2.418880E-002
   6.900000E+002   2.408603E-002
   6.910000E+002   2.398522E-002
   6.920000E+002   2.388640E-002
   6.930000E+002   2.378962E-002
   6.940000E+002   2.369493E-002
   6.950000E+002   2.360236E-002
   6.960000E+002   2.351197E-002
   6.970000E+002   2.342378E-002
   6.980000E+002   2.333785E-002
   6.990000E+002   2.325421E-002
   7.000000E+002   2.317292E-002
   7.010000E+002   2.309400E-002
   7.020000E+002   2.301746E-002
   7.030000E+002   2.294330E-002
   7.040000E+002   2.287151E-002
   7.050000E+002   2.280209E-002
   7.060000E+002   2.273503E-002
   7.070000E+002   2.267034E-002
   7.080000E+002   2.260801E-002
   7.090000E+002   2.254803E-002
   7.100000E+002   2.249041E-002
   7.110000E+002   2.243513E-002
   7.120000E+002   2.238220E-002
   7.130000E+002   2.233161E-002
   7.140000E+002   2.228336E-002
   7.150000E+002   2.223744E-002
   7.160000E+002   2.219385E-002
   7.170000E+002   2.215259E-002
   7.180000E+002   2.211366E-002
   7.190000E+002   2.207705E-002
   7.200000E+002   2.204275E-002
   7.210000E+002   2.201077E-002
   7.220000E+002   2.198110E-002
   7.230000E+002   2.195373E-002
   7.240000E+002   2.192867E-002
   7.250000E+002   2.190591E-002
   7.260000E+002   2.188544E-002
   7.270000E+002   2.186727E-002
   7.280000E+002   2.185139E-002
   7.290000E+002   2.183779E-002
   7.300000E+002   2.182648E-002
   7.310000E+002   2.181744E-002
   7.320000E+002   2.181068E-002
   7.330000E+002   2.180620E-002
   7.340000E+002   2.180398E-002
   7.350000E+002   2.180403E-002
   7.360000E+002   2.180634E-002
   7.370000E+002   2.181090E-002
   7.380000E+002   2.181772E-002
   7.390000E+002   2.182680E-002
   7.400000E+002   2.183812E-002
   7.410000E+002   2.185168E-002
   7.420000E+002   2.186749E-002
   7.430000E+002   2.188553E-002
   7.440000E+002   2.190581E-002
   7.450000E+002   2.192832E-002
   7.460000E+002   2.195305E-002
   7.470000E+002   2.198001E-002
   7.480000E+002   2.200919E-002
   7.490000E+002   2.204059E-002
   7.500000E+002   2.207419E-002
   7.510000E+002   2.211001E-002
   7.520000E+002   2.214799E-002
   7.530000E+002   2.218809E-002
   7.540000E+002   2.223028E-002
   7.550000E+002   2.227452E-002
   7.560000E+002   2.232076E-002
   7.570000E+002   2.236896E-002
   7.580000E+002   2.241908E-002
   7.590000E+002   2.247108E-002
   7.600000E+002   2.252491E-002
   7.610000E+002   2.258054E-002
   7.620000E+002   2.263793E-002
   7.630000E+002   2.269702E-002
   7.640000E+002   2.275779E-002
   7.650000E+002   2.282019E-002
   7.660000E+002   2.288418E-002
   7.670000E+002   2.294971E-002
   7.680000E+002   2.301675E-002
   7.690000E+002   2.308526E-002
   7.700000E+002   2.315518E-002
   7.710000E+002   2.322649E-002
   7.720000E+002   2.329914E-002
   7.730000E+002   2.337308E-002
   7.740000E+002   2.344829E-002
   7.750000E+002   2.352471E-002
   7.760000E+002   2.360230E-002
   7.770000E+002   2.368103E-002
   7.780000E+002   2.376085E-002
   7.790000E+002   2.384171E-002
   7.800000E+002   2.392359E-002
   7.810000E+002   2.400644E-002
   7.820000E+002   2.409021E-002
   7.830000E+002   2.417486E-002
   7.840000E+002   2.426036E-002
   7.850000E+002   2.434666E-002
   7.860000E+002   2.443372E-002
   7.870000E+002   2.452149E-002
   7.880000E+002   2.460995E-002
   7.890000E+002   2.469904E-002
   7.900000E+002   2.478873E-002
   7.910000E+002   2.487897E-002
   7.920000E+002   2.496972E-002
   7.930000E+002   2.506094E-002
   7.940000E+002   2.515259E-002
   7.950000E+002   2.524462E-002
   7.960000E+002   2.533701E-002
   7.970000E+002   2.542970E-002
   7.980000E+002   2.552265E-002
   7.990000E+002   2.561582E-002
   8.000000E+002   2.570918E-002
   8.010000E+002   2.580267E-002
   8.020000E+002   2.589626E-002
   8.030000E+002   2.598991E-002
   8.040000E+002   2.608357E-002
   8.050000E+002   2.617721E-002
   8.060000E+002   2.627079E-002
   8.070000E+002   2.636425E-002
   8.080000E+002   2.645758E-002
   8.090000E+002   2.655071E-002
   8.100000E+002   2.664361E-002
   8.110000E+002   2.673625E-002
   8.120000E+002   2.682857E-002
   8.130000E+002   2.692054E-002
   8.140000E+002   2.701212E-002
   8.150000E+002   2.710327E-002
   8.160000E+002   2.719394E-002
   8.170000E+002   2.728410E-002
   8.180000E+002   2.737370E-002
   8.190000E+002   2.746270E-002
   8.200000E+002   2.755107E-002
   8.210000E+002   2.763876E-002
   8.220000E+002   2.772573E-002
   8.230000E+002   2.781193E-002
   8.240000E+002   2.789734E-002
   8.250000E+002   2.798191E-002
   8.260000E+002   2.806559E-002
   8.270000E+002   2.814835E-002
   8.280000E+002   2.823014E-002
   8.290000E+002   2.831093E-002
   8.300000E+002   2.839067E-002
   8.310000E+002   2.846932E-002
   8.320000E+002   2.854685E-002
   8.330000E+002   2.862320E-002
   8.340000E+002   2.869835E-002
   8.350000E+002   2.877224E-002
   8.360000E+002   2.884484E-002
   8.370000E+002   2.891611E-002
   8.380000E+002   2.898601E-002
   8.390000E+002   2.905449E-002
   8.400000E+002   2.912152E-002
   8.410000E+002   2.918705E-002
   8.420000E+002   2.925104E-002
   8.430000E+002   2.931346E-002
   8.440000E+002   2.937426E-002
   8.450000E+002   2.943339E-002
   8.460000E+002   2.949083E-002
   8.470000E+002   2.954653E-002
   8.480000E+002   2.960044E-002
   8.490000E+002   2.965253E-002
   8.500000E+002   2.970275E-002
   8.510000E+002   2.975108E-002
   8.520000E+002   2.979749E-002
   8.530000E+002   2.984200E-002
   8.540000E+002   2.988459E-002
   8.550000E+002   2.992525E-002
   8.560000E+002   2.996399E-002
   8.570000E+002   3.000080E-002
   8.580000E+002   3.003568E-002
   8.590000E+002   3.006862E-002
   8.600000E+002   3.009962E-002
   8.610000E+002   3.012867E-002
   8.620000E+002   3.015578E-002
   8.630000E+002   3.018093E-002
   8.640000E+002   3.020413E-002
   8.650000E+002   3.022536E-002
   8.660000E+002   3.024463E-002
   8.670000E+002   3.026192E-002
   8.680000E+002   3.027725E-002
   8.690000E+002   3.029059E-002
   8.700000E+002   3.030196E-002
   8.710000E+002   3.031134E-002
   8.720000E+002   3.031873E-002
   8.730000E+002   3.032413E-002
   8.740000E+002   3.032752E-002
   8.750000E+002   3.032892E-002
   8.760000E+002   3.032831E-002
   8.770000E+002   3.032569E-002
   8.780000E+002   3.032106E-002
   8.790000E+002   3.031441E-002
   8.800000E+002   3.030574E-002
   8.810000E+002   3.029504E-002
   8.820000E+002   3.028232E-002
   8.830000E+002   3.026755E-002
   8.840000E+002   3.025076E-002
   8.850000E+002   3.023191E-002
   8.860000E+002   3.021103E-002
   8.870000E+002   3.018809E-002
   8.880000E+002   3.016310E-002
   8.890000E+002   3.013605E-002
   8.900000E+002   3.010694E-002
   8.910000E+002   3.007576E-002
   8.920000E+002   3.004251E-002
   8.930000E+002   3.000719E-002
   8.940000E+002   2.996979E-002
   8.950000E+002   2.993031E-002
   8.960000E+002   2.988874E-002
   8.970000E+002   2.984509E-002
   8.980000E+002   2.979933E-002
   8.990000E+002   2.975148E-002
   9.000000E+002   2.970153E-002
   9.010000E+002   2.964947E-002
   9.020000E+002   2.959534E-002
   9.030000E+002   2.953916E-002
   9.040000E+002   2.948095E-002
   9.050000E+002   2.942076E-002
   9.060000E+002   2.935859E-002
   9.070000E+002   2.929449E-002
   9.080000E+002   2.922848E-002
   9.090000E+002   2.916059E-002
   9.100000E+002   2.909084E-002
   9.110000E+002   2.901927E-002
   9.120000E+002   2.894590E-002
   9.130000E+002   2.887077E-002
   9.140000E+002   2.879389E-002
   9.150000E+002   2.871530E-002
   9.160000E+002   2.863503E-002
   9.170000E+002   2.855310E-002
   9.180000E+002   2.846954E-002
   9.190000E+002   2.838438E-002
   9.200000E+002   2.829765E-002
   9.210000E+002   2.820937E-002
   9.220000E+002   2.811958E-002
   9.230000E+002   2.802831E-002
   9.240000E+002   2.793557E-002
   9.250000E+002   2.784140E-002
   9.260000E+002   2.774583E-002
   9.270000E+002   2.764889E-002
   9.280000E+002   2.755059E-002
   9.290000E+002   2.745098E-002
   9.300000E+002   2.735008E-002
   9.310000E+002   2.724791E-002
   9.320000E+002   2.714452E-002
   9.330000E+002   2.703991E-002
   9.340000E+002   2.693413E-002
   9.350000E+002   2.682719E-002
   9.360000E+002   2.671914E-002
   9.370000E+002   2.660999E-002
   9.380000E+002   2.649978E-002
   9.390000E+002   2.638852E-002
   9.400000E+002   2.627626E-002
   9.410000E+002   2.616302E-002
   9.420000E+002   2.604883E-002
   9.430000E+002   2.593371E-002
   9.440000E+002   2.581769E-002
   9.450000E+002   2.570080E-002
   9.460000E+002   2.558308E-002
   9.470000E+002   2.546454E-002
   9.480000E+002   2.534522E-002
   9.490000E+002   2.522514E-002
   9.500000E+002   2.510433E-002
   9.510000E+002   2.498283E-002
   9.520000E+002   2.486066E-002
   9.530000E+002   2.473786E-002
   9.540000E+002   2.461448E-002
   9.550000E+002   2.449054E-002
   9.560000E+002   2.436609E-002
   9.570000E+002   2.424116E-002
   9.580000E+002   2.411578E-002
   9.590000E+002   2.399000E-002
   9.600000E+002   2.386385E-002
   9.610000E+002   2.373737E-002
   9.620000E+002   2.361059E-002
   9.630000E+002   2.348355E-002
   9.640000E+002   2.335630E-002
   9.650000E+002   2.322885E-002
   9.660000E+002   2.310126E-002
   9.670000E+002   2.297356E-002
   9.680000E+002   2.284578E-002
   9.690000E+002   2.271796E-002
   9.700000E+002   2.259014E-002
   9.710000E+002   2.246236E-002
   9.720000E+002   2.233465E-002
   9.730000E+002   2.220705E-002
   9.740000E+002   2.207959E-002
   9.750000E+002   2.195232E-002
   9.760000E+002   2.182527E-002
   9.770000E+002   2.169847E-002
   9.780000E+002   2.157196E-002
   9.790000E+002   2.144579E-002
   9.800000E+002   2.131998E-002
   9.810000E+002   2.119457E-002
   9.820000E+002   2.106960E-002
   9.830000E+002   2.094511E-002
   9.840000E+002   2.082113E-002
   9.850000E+002   2.069771E-002
   9.860000E+002   2.057487E-002
   9.870000E+002   2.045265E-002
   9.880000E+002   2.033109E-002
   9.890000E+002   2.021023E-002
   9.900000E+002   2.009011E-002
   9.910000E+002   1.997075E-002
   9.920000E+002   1.985221E-002
   9.930000E+002   1.973450E-002
   9.940000E+002   1.961768E-002
   9.950000E+002   1.950177E-002
   9.960000E+002   1.938682E-002
   9.970000E+002   1.927287E-002
   9.980000E+002   1.915993E-002
   9.990000E+002   1.904807E-002
   1.000000E+003   1.893730E-002
   1.001000E+003   1.882767E-002
   1.002000E+003   1.871919E-002
   1.003000E+003   1.861187E-002
   1.004000E+003   1.850573E-002
   1.005000E+003   1.840077E-002
   1.006000E+003   1.829702E-002
   1.007000E+003   1.819447E-002
   1.008000E+003   1.809315E-002
   1.009000E+003   1.799306E-002
   1.010000E+003   1.789422E-002
   1.011000E+003   1.779664E-002
   1.012000E+003   1.770033E-002
   1.013000E+003   1.760531E-002
   1.014000E+003   1.751158E-002
   1.015000E+003   1.741916E-002
   1.016000E+003   1.732806E-002
   1.017000E+003   1.723829E-002
   1.018000E+003   1.714987E-002
   1.019000E+003   1.706281E-002
   1.020000E+003   1.697711E-002
   1.021000E+003   1.689280E-002
   1.022000E+003   1.680988E-002
   1.023000E+003   1.672836E-002
   1.024000E+003   1.664826E-002
   1.025000E+003   1.656960E-002
   1.026000E+003   1.649237E-002
   1.027000E+003   1.641660E-002
   1.028000E+003   1.634229E-002
   1.029000E+003   1.626947E-002
   1.030000E+003   1.619813E-002
   1.031000E+003   1.612830E-002
   1.032000E+003   1.605998E-002
   1.033000E+003   1.599319E-002
   1.034000E+003   1.592794E-002
   1.035000E+003   1.586424E-002
   1.036000E+003   1.580210E-002
   1.037000E+003   1.574154E-002
   1.038000E+003   1.568257E-002
   1.039000E+003   1.562519E-002
   1.040000E+003   1.556943E-002
   1.041000E+003   1.551530E-002
   1.042000E+003   1.546280E-002
   1.043000E+003   1.541194E-002
   1.044000E+003   1.536275E-002
   1.045000E+003   1.531524E-002
   1.046000E+003   1.526940E-002
   1.047000E+003   1.522527E-002
   1.048000E+003   1.518284E-002
   1.049000E+003   1.514214E-002
   1.050000E+003   1.510317E-002
   1.051000E+003   1.506594E-002
   1.052000E+003   1.503044E-002
   1.053000E+003   1.499666E-002
   1.054000E+003   1.496458E-002
   1.055000E+003   1.493419E-002
   1.056000E+003   1.490547E-002
   1.057000E+003   1.487841E-002
   1.058000E+003   1.485299E-002
   1.059000E+003   1.482921E-002
   1.060000E+003   1.480703E-002
   1.061000E+003   1.478646E-002
   1.062000E+003   1.476748E-002
   1.063000E+003   1.475006E-002
   1.064000E+003   1.473421E-002
   1.065000E+003   1.471989E-002
   1.066000E+003   1.470711E-002
   1.067000E+003   1.469583E-002
   1.068000E+003   1.468606E-002
   1.069000E+003   1.467777E-002
   1.070000E+003   1.467095E-002
   1.071000E+003   1.466558E-002
   1.072000E+003   1.466165E-002
   1.073000E+003   1.465915E-002
   1.074000E+003   1.465806E-002
   1.075000E+003   1.465837E-002
   1.076000E+003   1.466006E-002
   1.077000E+003   1.466312E-002
   1.078000E+003   1.466753E-002
   1.079000E+003   1.467328E-002
   1.080000E+003   1.468036E-002
   1.081000E+003   1.468874E-002
   1.082000E+003   1.469842E-002
   1.083000E+003   1.470938E-002
   1.084000E+003   1.472161E-002
   1.085000E+003   1.473509E-002
   1.086000E+003   1.474980E-002
   1.087000E+003   1.476574E-002
   1.088000E+003   1.478288E-002
   1.089000E+003   1.480122E-002
   1.090000E+003   1.482074E-002
   1.091000E+003   1.484142E-002
   1.092000E+003   1.486325E-002
   1.093000E+003   1.488621E-002
   1.094000E+003   1.491030E-002
   1.095000E+003   1.493549E-002
   1.096000E+003   1.496177E-002
   1.097000E+003   1.498914E-002
   1.098000E+003   1.501756E-002
   1.099000E+003   1.504703E-002
   1.100000E+003   1.507753E-002
   1.101000E+003   1.510905E-002
   1.102000E+003   1.514156E-002
   1.103000E+003   1.517501E-002
   1.104000E+003   1.520937E-002
   1.105000E+003   1.524460E-002
   1.106000E+003   1.528068E-002
   1.107000E+003   1.531756E-002
   1.108000E+003   1.535521E-002
   1.109000E+003   1.539359E-002
   1.110000E+003   1.543266E-002
   1.111000E+003   1.547240E-002
   1.112000E+003   1.551276E-002
   1.113000E+003   1.555371E-002
   1.114000E+003   1.559521E-002
   1.115000E+003   1.563723E-002
   1.116000E+003   1.567973E-002
   1.117000E+003   1.572268E-002
   1.118000E+003   1.576604E-002
   1.119000E+003   1.580977E-002
   1.120000E+003   1.585384E-002
   1.121000E+003   1.589821E-002
   1.122000E+003   1.594284E-002
   1.123000E+003   1.598771E-002
   1.124000E+003   1.603277E-002
   1.125000E+003   1.607799E-002
   1.126000E+003   1.612333E-002
   1.127000E+003   1.616876E-002
   1.128000E+003   1.621424E-002
   1.129000E+003   1.625974E-002
   1.130000E+003   1.630522E-002
   1.131000E+003   1.635064E-002
   1.132000E+003   1.639596E-002
   1.133000E+003   1.644116E-002
   1.134000E+003   1.648620E-002
   1.135000E+003   1.653104E-002
   1.136000E+003   1.657564E-002
   1.137000E+003   1.661997E-002
   1.138000E+003   1.666399E-002
   1.139000E+003   1.670767E-002
   1.140000E+003   1.675097E-002
   1.141000E+003   1.679385E-002
   1.142000E+003   1.683629E-002
   1.143000E+003   1.687824E-002
   1.144000E+003   1.691966E-002
   1.145000E+003   1.696053E-002
   1.146000E+003   1.700081E-002
   1.147000E+003   1.704045E-002
   1.148000E+003   1.707943E-002
   1.149000E+003   1.711771E-002
   1.150000E+003   1.715525E-002
   1.151000E+003   1.719203E-002
   1.152000E+003   1.722805E-002
   1.153000E+003   1.726333E-002
   1.154000E+003   1.729788E-002
   1.155000E+003   1.733172E-002
   1.156000E+003   1.736486E-002
   1.157000E+003   1.739732E-002
   1.158000E+003   1.742912E-002
   1.159000E+003   1.746027E-002
   1.160000E+003   1.749079E-002
   1.161000E+003   1.752068E-002
   1.162000E+003   1.754998E-002
   1.163000E+003   1.757868E-002
   1.164000E+003   1.760682E-002
   1.165000E+003   1.763439E-002
   1.166000E+003   1.766143E-002
   1.167000E+003   1.768794E-002
   1.168000E+003   1.771394E-002
   1.169000E+003   1.773945E-002
   1.170000E+003   1.776448E-002
   1.171000E+003   1.778904E-002
   1.172000E+003   1.781315E-002
   1.173000E+003   1.783683E-002
   1.174000E+003   1.786010E-002
   1.175000E+003   1.788296E-002
   1.176000E+003   1.790544E-002
   1.177000E+003   1.792754E-002
   1.178000E+003   1.794929E-002
   1.179000E+003   1.797070E-002
   1.180000E+003   1.799178E-002
   1.181000E+003   1.801256E-002
   1.182000E+003   1.803304E-002
   1.183000E+003   1.805324E-002
   1.184000E+003   1.807318E-002
   1.185000E+003   1.809288E-002
   1.186000E+003   1.811234E-002
   1.187000E+003   1.813158E-002
   1.188000E+003   1.815063E-002
   1.189000E+003   1.816948E-002
   1.190000E+003   1.818817E-002
   1.191000E+003   1.820670E-002
   1.192000E+003   1.822510E-002
   1.193000E+003   1.824337E-002
   1.194000E+003   1.826153E-002
   1.195000E+003   1.827960E-002
   1.196000E+003   1.829759E-002
   1.197000E+003   1.831552E-002
   1.198000E+003   1.833341E-002
   1.199000E+003   1.835126E-002
   1.200000E+003   1.836910E-002
