   1.000000E+000   1.831327E-002
   2.000000E+000   2.293571E-002
   3.000000E+000   2.755815E-002
   4.000000E+000   2.777888E-002
   5.000000E+000   2.733762E-002
   6.000000E+000   2.716957E-002
   7.000000E+000   2.699093E-002
   8.000000E+000   2.680435E-002
   9.000000E+000   2.666612E-002
   1.000000E+001   2.656053E-002
   1.100000E+001   2.646021E-002
   1.200000E+001   2.636313E-002
   1.300000E+001   2.627239E-002
   1.400000E+001   2.618621E-002
   1.500000E+001   2.610162E-002
   1.600000E+001   2.601608E-002
   1.700000E+001   2.592892E-002
   1.800000E+001   2.583992E-002
   1.900000E+001   2.574884E-002
   2.000000E+001   2.565547E-002
   2.100000E+001   2.555965E-002
   2.200000E+001   2.546146E-002
   2.300000E+001   2.536102E-002
   2.400000E+001   2.525848E-002
   2.500000E+001   2.515398E-002
   2.600000E+001   2.504765E-002
   2.700000E+001   2.493962E-002
   2.800000E+001   2.483003E-002
   2.900000E+001   2.471903E-002
   3.000000E+001   2.460674E-002
   3.100000E+001   2.449332E-002
   3.200000E+001   2.437898E-002
   3.300000E+001   2.426394E-002
   3.400000E+001   2.414843E-002
   3.500000E+001   2.403267E-002
   3.600000E+001   2.391688E-002
   3.700000E+001   2.380129E-002
   3.800000E+001   2.368613E-002
   3.900000E+001   2.357162E-002
   4.000000E+001   2.345798E-002
   4.100000E+001   2.334544E-002
   4.200000E+001   2.323419E-002
   4.300000E+001   2.312443E-002
   4.400000E+001   2.301637E-002
   4.500000E+001   2.291020E-002
   4.600000E+001   2.280611E-002
   4.700000E+001   2.270430E-002
   4.800000E+001   2.260498E-002
   4.900000E+001   2.250833E-002
   5.000000E+001   2.241456E-002
   5.100000E+001   2.232387E-002
   5.200000E+001   2.223642E-002
   5.300000E+001   2.215241E-002
   5.400000E+001   2.207201E-002
   5.500000E+001   2.199540E-002
   5.600000E+001   2.192276E-002
   5.700000E+001   2.185427E-002
   5.800000E+001   2.179011E-002
   5.900000E+001   2.173046E-002
   6.000000E+001   2.167549E-002
   6.100000E+001   2.162538E-002
   6.200000E+001   2.158028E-002
   6.300000E+001   2.154031E-002
   6.400000E+001   2.150562E-002
   6.500000E+001   2.147634E-002
   6.600000E+001   2.145262E-002
   6.700000E+001   2.143458E-002
   6.800000E+001   2.142236E-002
   6.900000E+001   2.141610E-002
   7.000000E+001   2.141594E-002
   7.100000E+001   2.142200E-002
   7.200000E+001   2.143433E-002
   7.300000E+001   2.145296E-002
   7.400000E+001   2.147793E-002
   7.500000E+001   2.150927E-002
   7.600000E+001   2.154703E-002
   7.700000E+001   2.159124E-002
   7.800000E+001   2.164192E-002
   7.900000E+001   2.169913E-002
   8.000000E+001   2.176288E-002
   8.100000E+001   2.183324E-002
   8.200000E+001   2.191027E-002
   8.300000E+001   2.199408E-002
   8.400000E+001   2.208476E-002
   8.500000E+001   2.218239E-002
   8.600000E+001   2.228708E-002
   8.700000E+001   2.239890E-002
   8.800000E+001   2.251797E-002
   8.900000E+001   2.264436E-002
   9.000000E+001   2.277817E-002
   9.100000E+001   2.291947E-002
   9.200000E+001   2.306827E-002
   9.300000E+001   2.322454E-002
   9.400000E+001   2.338825E-002
   9.500000E+001   2.355940E-002
   9.600000E+001   2.373796E-002
   9.700000E+001   2.392390E-002
   9.800000E+001   2.411721E-002
   9.900000E+001   2.431786E-002
   1.000000E+002   2.452584E-002
   1.010000E+002   2.474111E-002
   1.020000E+002   2.496354E-002
   1.030000E+002   2.519301E-002
   1.040000E+002   2.542937E-002
   1.050000E+002   2.567249E-002
   1.060000E+002   2.592223E-002
   1.070000E+002   2.617846E-002
   1.080000E+002   2.644104E-002
   1.090000E+002   2.670983E-002
   1.100000E+002   2.698470E-002
   1.110000E+002   2.726551E-002
   1.120000E+002   2.755212E-002
   1.130000E+002   2.784441E-002
   1.140000E+002   2.814222E-002
   1.150000E+002   2.844543E-002
   1.160000E+002   2.875390E-002
   1.170000E+002   2.906749E-002
   1.180000E+002   2.938607E-002
   1.190000E+002   2.970950E-002
   1.200000E+002   3.003764E-002
   1.210000E+002   3.037037E-002
   1.220000E+002   3.070759E-002
   1.230000E+002   3.104923E-002
   1.240000E+002   3.139520E-002
   1.250000E+002   3.174543E-002
   1.260000E+002   3.209982E-002
   1.270000E+002   3.245830E-002
   1.280000E+002   3.282079E-002
   1.290000E+002   3.318720E-002
   1.300000E+002   3.355746E-002
   1.310000E+002   3.393147E-002
   1.320000E+002   3.430917E-002
   1.330000E+002   3.469047E-002
   1.340000E+002   3.507528E-002
   1.350000E+002   3.546353E-002
   1.360000E+002   3.585513E-002
   1.370000E+002   3.625001E-002
   1.380000E+002   3.664808E-002
   1.390000E+002   3.704925E-002
   1.400000E+002   3.745346E-002
   1.410000E+002   3.786058E-002
   1.420000E+002   3.827044E-002
   1.430000E+002   3.868281E-002
   1.440000E+002   3.909748E-002
   1.450000E+002   3.951422E-002
   1.460000E+002   3.993283E-002
   1.470000E+002   4.035309E-002
   1.480000E+002   4.077478E-002
   1.490000E+002   4.119767E-002
   1.500000E+002   4.162157E-002
   1.510000E+002   4.204624E-002
   1.520000E+002   4.247148E-002
   1.530000E+002   4.289707E-002
   1.540000E+002   4.332278E-002
   1.550000E+002   4.374841E-002
   1.560000E+002   4.417374E-002
   1.570000E+002   4.459854E-002
   1.580000E+002   4.502261E-002
   1.590000E+002   4.544572E-002
   1.600000E+002   4.586767E-002
   1.610000E+002   4.628824E-002
   1.620000E+002   4.670727E-002
   1.630000E+002   4.712460E-002
   1.640000E+002   4.754008E-002
   1.650000E+002   4.795357E-002
   1.660000E+002   4.836489E-002
   1.670000E+002   4.877390E-002
   1.680000E+002   4.918044E-002
   1.690000E+002   4.958437E-002
   1.700000E+002   4.998552E-002
   1.710000E+002   5.038374E-002
   1.720000E+002   5.077887E-002
   1.730000E+002   5.117077E-002
   1.740000E+002   5.155928E-002
   1.750000E+002   5.194424E-002
   1.760000E+002   5.232551E-002
   1.770000E+002   5.270291E-002
   1.780000E+002   5.307631E-002
   1.790000E+002   5.344555E-002
   1.800000E+002   5.381047E-002
   1.810000E+002   5.417092E-002
   1.820000E+002   5.452676E-002
   1.830000E+002   5.487786E-002
   1.840000E+002   5.522407E-002
   1.850000E+002   5.556526E-002
   1.860000E+002   5.590130E-002
   1.870000E+002   5.623204E-002
   1.880000E+002   5.655736E-002
   1.890000E+002   5.687710E-002
   1.900000E+002   5.719114E-002
   1.910000E+002   5.749934E-002
   1.920000E+002   5.780155E-002
   1.930000E+002   5.809766E-002
   1.940000E+002   5.838750E-002
   1.950000E+002   5.867096E-002
   1.960000E+002   5.894789E-002
   1.970000E+002   5.921816E-002
   1.980000E+002   5.948162E-002
   1.990000E+002   5.973814E-002
   2.000000E+002   5.998759E-002
   2.010000E+002   6.022984E-002
   2.020000E+002   6.046482E-002
   2.030000E+002   6.069250E-002
   2.040000E+002   6.091280E-002
   2.050000E+002   6.112569E-002
   2.060000E+002   6.133111E-002
   2.070000E+002   6.152902E-002
   2.080000E+002   6.171935E-002
   2.090000E+002   6.190207E-002
   2.100000E+002   6.207711E-002
   2.110000E+002   6.224444E-002
   2.120000E+002   6.240399E-002
   2.130000E+002   6.255572E-002
   2.140000E+002   6.269958E-002
   2.150000E+002   6.283552E-002
   2.160000E+002   6.296348E-002
   2.170000E+002   6.308341E-002
   2.180000E+002   6.319527E-002
   2.190000E+002   6.329900E-002
   2.200000E+002   6.339455E-002
   2.210000E+002   6.348187E-002
   2.220000E+002   6.356092E-002
   2.230000E+002   6.363163E-002
   2.240000E+002   6.369396E-002
   2.250000E+002   6.374786E-002
   2.260000E+002   6.379330E-002
   2.270000E+002   6.383029E-002
   2.280000E+002   6.385889E-002
   2.290000E+002   6.387915E-002
   2.300000E+002   6.389110E-002
   2.310000E+002   6.389479E-002
   2.320000E+002   6.389027E-002
   2.330000E+002   6.387758E-002
   2.340000E+002   6.385676E-002
   2.350000E+002   6.382787E-002
   2.360000E+002   6.379094E-002
   2.370000E+002   6.374602E-002
   2.380000E+002   6.369315E-002
   2.390000E+002   6.363239E-002
   2.400000E+002   6.356376E-002
   2.410000E+002   6.348733E-002
   2.420000E+002   6.340313E-002
   2.430000E+002   6.331121E-002
   2.440000E+002   6.321161E-002
   2.450000E+002   6.310438E-002
   2.460000E+002   6.298957E-002
   2.470000E+002   6.286721E-002
   2.480000E+002   6.273735E-002
   2.490000E+002   6.260004E-002
   2.500000E+002   6.245533E-002
   2.510000E+002   6.230325E-002
   2.520000E+002   6.214392E-002
   2.530000E+002   6.197744E-002
   2.540000E+002   6.180391E-002
   2.550000E+002   6.162342E-002
   2.560000E+002   6.143610E-002
   2.570000E+002   6.124204E-002
   2.580000E+002   6.104135E-002
   2.590000E+002   6.083413E-002
   2.600000E+002   6.062049E-002
   2.610000E+002   6.040052E-002
   2.620000E+002   6.017434E-002
   2.630000E+002   5.994205E-002
   2.640000E+002   5.970375E-002
   2.650000E+002   5.945955E-002
   2.660000E+002   5.920955E-002
   2.670000E+002   5.895386E-002
   2.680000E+002   5.869258E-002
   2.690000E+002   5.842582E-002
   2.700000E+002   5.815367E-002
   2.710000E+002   5.787625E-002
   2.720000E+002   5.759365E-002
   2.730000E+002   5.730599E-002
   2.740000E+002   5.701337E-002
   2.750000E+002   5.671588E-002
   2.760000E+002   5.641366E-002
   2.770000E+002   5.610684E-002
   2.780000E+002   5.579559E-002
   2.790000E+002   5.548008E-002
   2.800000E+002   5.516048E-002
   2.810000E+002   5.483694E-002
   2.820000E+002   5.450963E-002
   2.830000E+002   5.417871E-002
   2.840000E+002   5.384435E-002
   2.850000E+002   5.350671E-002
   2.860000E+002   5.316595E-002
   2.870000E+002   5.282225E-002
   2.880000E+002   5.247576E-002
   2.890000E+002   5.212664E-002
   2.900000E+002   5.177507E-002
   2.910000E+002   5.142120E-002
   2.920000E+002   5.106520E-002
   2.930000E+002   5.070723E-002
   2.940000E+002   5.034746E-002
   2.950000E+002   4.998605E-002
   2.960000E+002   4.962317E-002
   2.970000E+002   4.925897E-002
   2.980000E+002   4.889363E-002
   2.990000E+002   4.852730E-002
   3.000000E+002   4.816015E-002
   3.010000E+002   4.779234E-002
   3.020000E+002   4.742401E-002
   3.030000E+002   4.705527E-002
   3.040000E+002   4.668626E-002
   3.050000E+002   4.631711E-002
   3.060000E+002   4.594794E-002
   3.070000E+002   4.557887E-002
   3.080000E+002   4.521004E-002
   3.090000E+002   4.484158E-002
   3.100000E+002   4.447361E-002
   3.110000E+002   4.410626E-002
   3.120000E+002   4.373965E-002
   3.130000E+002   4.337392E-002
   3.140000E+002   4.300919E-002
   3.150000E+002   4.264559E-002
   3.160000E+002   4.228324E-002
   3.170000E+002   4.192228E-002
   3.180000E+002   4.156283E-002
   3.190000E+002   4.120502E-002
   3.200000E+002   4.084898E-002
   3.210000E+002   4.049483E-002
   3.220000E+002   4.014270E-002
   3.230000E+002   3.979272E-002
   3.240000E+002   3.944501E-002
   3.250000E+002   3.909971E-002
   3.260000E+002   3.875694E-002
   3.270000E+002   3.841682E-002
   3.280000E+002   3.807950E-002
   3.290000E+002   3.774508E-002
   3.300000E+002   3.741371E-002
   3.310000E+002   3.708551E-002
   3.320000E+002   3.676060E-002
   3.330000E+002   3.643911E-002
   3.340000E+002   3.612118E-002
   3.350000E+002   3.580692E-002
   3.360000E+002   3.549647E-002
   3.370000E+002   3.518995E-002
   3.380000E+002   3.488749E-002
   3.390000E+002   3.458922E-002
   3.400000E+002   3.429527E-002
   3.410000E+002   3.400576E-002
   3.420000E+002   3.372082E-002
   3.430000E+002   3.344057E-002
   3.440000E+002   3.316515E-002
   3.450000E+002   3.289469E-002
   3.460000E+002   3.262930E-002
   3.470000E+002   3.236912E-002
   3.480000E+002   3.211428E-002
   3.490000E+002   3.186490E-002
   3.500000E+002   3.162110E-002
   3.510000E+002   3.138301E-002
   3.520000E+002   3.115063E-002
   3.530000E+002   3.092395E-002
   3.540000E+002   3.070298E-002
   3.550000E+002   3.048772E-002
   3.560000E+002   3.027815E-002
   3.570000E+002   3.007427E-002
   3.580000E+002   2.987609E-002
   3.590000E+002   2.968359E-002
   3.600000E+002   2.949677E-002
   3.610000E+002   2.931562E-002
   3.620000E+002   2.914016E-002
   3.630000E+002   2.897036E-002
   3.640000E+002   2.880622E-002
   3.650000E+002   2.864775E-002
   3.660000E+002   2.849494E-002
   3.670000E+002   2.834778E-002
   3.680000E+002   2.820627E-002
   3.690000E+002   2.807040E-002
   3.700000E+002   2.794018E-002
   3.710000E+002   2.781559E-002
   3.720000E+002   2.769664E-002
   3.730000E+002   2.758331E-002
   3.740000E+002   2.747562E-002
   3.750000E+002   2.737354E-002
   3.760000E+002   2.727708E-002
   3.770000E+002   2.718624E-002
   3.780000E+002   2.710100E-002
   3.790000E+002   2.702137E-002
   3.800000E+002   2.694735E-002
   3.810000E+002   2.687892E-002
   3.820000E+002   2.681608E-002
   3.830000E+002   2.675884E-002
   3.840000E+002   2.670718E-002
   3.850000E+002   2.666110E-002
   3.860000E+002   2.662060E-002
   3.870000E+002   2.658567E-002
   3.880000E+002   2.655631E-002
   3.890000E+002   2.653252E-002
   3.900000E+002   2.651429E-002
   3.910000E+002   2.650162E-002
   3.920000E+002   2.649450E-002
   3.930000E+002   2.649294E-002
   3.940000E+002   2.649692E-002
   3.950000E+002   2.650644E-002
   3.960000E+002   2.652149E-002
   3.970000E+002   2.654209E-002
   3.980000E+002   2.656821E-002
   3.990000E+002   2.659986E-002
   4.000000E+002   2.663703E-002
   4.010000E+002   2.667970E-002
   4.020000E+002   2.672778E-002
   4.030000E+002   2.678116E-002
   4.040000E+002   2.683973E-002
   4.050000E+002   2.690338E-002
   4.060000E+002   2.697201E-002
   4.070000E+002   2.704550E-002
   4.080000E+002   2.712374E-002
   4.090000E+002   2.720663E-002
   4.100000E+002   2.729406E-002
   4.110000E+002   2.738591E-002
   4.120000E+002   2.748208E-002
   4.130000E+002   2.758246E-002
   4.140000E+002   2.768695E-002
   4.150000E+002   2.779542E-002
   4.160000E+002   2.790778E-002
   4.170000E+002   2.802391E-002
   4.180000E+002   2.814370E-002
   4.190000E+002   2.826705E-002
   4.200000E+002   2.839385E-002
   4.210000E+002   2.852398E-002
   4.220000E+002   2.865734E-002
   4.230000E+002   2.879382E-002
   4.240000E+002   2.893331E-002
   4.250000E+002   2.907570E-002
   4.260000E+002   2.922089E-002
   4.270000E+002   2.936875E-002
   4.280000E+002   2.951919E-002
   4.290000E+002   2.967210E-002
   4.300000E+002   2.982736E-002
   4.310000E+002   2.998487E-002
   4.320000E+002   3.014451E-002
   4.330000E+002   3.030619E-002
   4.340000E+002   3.046978E-002
   4.350000E+002   3.063519E-002
   4.360000E+002   3.080229E-002
   4.370000E+002   3.097099E-002
   4.380000E+002   3.114117E-002
   4.390000E+002   3.131273E-002
   4.400000E+002   3.148555E-002
   4.410000E+002   3.165953E-002
   4.420000E+002   3.183456E-002
   4.430000E+002   3.201052E-002
   4.440000E+002   3.218731E-002
   4.450000E+002   3.236483E-002
   4.460000E+002   3.254295E-002
   4.470000E+002   3.272158E-002
   4.480000E+002   3.290060E-002
   4.490000E+002   3.307991E-002
   4.500000E+002   3.325939E-002
   4.510000E+002   3.343893E-002
   4.520000E+002   3.361847E-002
   4.530000E+002   3.379789E-002
   4.540000E+002   3.397713E-002
   4.550000E+002   3.415609E-002
   4.560000E+002   3.433470E-002
   4.570000E+002   3.451286E-002
   4.580000E+002   3.469049E-002
   4.590000E+002   3.486751E-002
   4.600000E+002   3.504382E-002
   4.610000E+002   3.521936E-002
   4.620000E+002   3.539402E-002
   4.630000E+002   3.556773E-002
   4.640000E+002   3.574040E-002
   4.650000E+002   3.591195E-002
   4.660000E+002   3.608229E-002
   4.670000E+002   3.625133E-002
   4.680000E+002   3.641900E-002
   4.690000E+002   3.658520E-002
   4.700000E+002   3.674985E-002
   4.710000E+002   3.691286E-002
   4.720000E+002   3.707416E-002
   4.730000E+002   3.723365E-002
   4.740000E+002   3.739126E-002
   4.750000E+002   3.754689E-002
   4.760000E+002   3.770046E-002
   4.770000E+002   3.785188E-002
   4.780000E+002   3.800108E-002
   4.790000E+002   3.814796E-002
   4.800000E+002   3.829244E-002
   4.810000E+002   3.843444E-002
   4.820000E+002   3.857387E-002
   4.830000E+002   3.871064E-002
   4.840000E+002   3.884468E-002
   4.850000E+002   3.897589E-002
   4.860000E+002   3.910419E-002
   4.870000E+002   3.922950E-002
   4.880000E+002   3.935172E-002
   4.890000E+002   3.947079E-002
   4.900000E+002   3.958660E-002
   4.910000E+002   3.969908E-002
   4.920000E+002   3.980814E-002
   4.930000E+002   3.991369E-002
   4.940000E+002   4.001566E-002
   4.950000E+002   4.011395E-002
   4.960000E+002   4.020848E-002
   4.970000E+002   4.029916E-002
   4.980000E+002   4.038592E-002
   4.990000E+002   4.046866E-002
   5.000000E+002   4.054730E-002
   5.010000E+002   4.062178E-002
   5.020000E+002   4.069209E-002
   5.030000E+002   4.075826E-002
   5.040000E+002   4.082031E-002
   5.050000E+002   4.087825E-002
   5.060000E+002   4.093212E-002
   5.070000E+002   4.098193E-002
   5.080000E+002   4.102770E-002
   5.090000E+002   4.106946E-002
   5.100000E+002   4.110722E-002
   5.110000E+002   4.114101E-002
   5.120000E+002   4.117085E-002
   5.130000E+002   4.119676E-002
   5.140000E+002   4.121875E-002
   5.150000E+002   4.123686E-002
   5.160000E+002   4.125109E-002
   5.170000E+002   4.126148E-002
   5.180000E+002   4.126805E-002
   5.190000E+002   4.127081E-002
   5.200000E+002   4.126978E-002
   5.210000E+002   4.126500E-002
   5.220000E+002   4.125647E-002
   5.230000E+002   4.124422E-002
   5.240000E+002   4.122827E-002
   5.250000E+002   4.120865E-002
   5.260000E+002   4.118537E-002
   5.270000E+002   4.115845E-002
   5.280000E+002   4.112791E-002
   5.290000E+002   4.109379E-002
   5.300000E+002   4.105609E-002
   5.310000E+002   4.101483E-002
   5.320000E+002   4.097005E-002
   5.330000E+002   4.092176E-002
   5.340000E+002   4.086998E-002
   5.350000E+002   4.081473E-002
   5.360000E+002   4.075604E-002
   5.370000E+002   4.069392E-002
   5.380000E+002   4.062840E-002
   5.390000E+002   4.055950E-002
   5.400000E+002   4.048723E-002
   5.410000E+002   4.041163E-002
   5.420000E+002   4.033270E-002
   5.430000E+002   4.025048E-002
   5.440000E+002   4.016498E-002
   5.450000E+002   4.007622E-002
   5.460000E+002   3.998423E-002
   5.470000E+002   3.988902E-002
   5.480000E+002   3.979062E-002
   5.490000E+002   3.968905E-002
   5.500000E+002   3.958433E-002
   5.510000E+002   3.947649E-002
   5.520000E+002   3.936561E-002
   5.530000E+002   3.925177E-002
   5.540000E+002   3.913505E-002
   5.550000E+002   3.901555E-002
   5.560000E+002   3.889335E-002
   5.570000E+002   3.876854E-002
   5.580000E+002   3.864119E-002
   5.590000E+002   3.851140E-002
   5.600000E+002   3.837925E-002
   5.610000E+002   3.824483E-002
   5.620000E+002   3.810823E-002
   5.630000E+002   3.796952E-002
   5.640000E+002   3.782880E-002
   5.650000E+002   3.768615E-002
   5.660000E+002   3.754165E-002
   5.670000E+002   3.739540E-002
   5.680000E+002   3.724748E-002
   5.690000E+002   3.709797E-002
   5.700000E+002   3.694696E-002
   5.710000E+002   3.679453E-002
   5.720000E+002   3.664077E-002
   5.730000E+002   3.648577E-002
   5.740000E+002   3.632962E-002
   5.750000E+002   3.617239E-002
   5.760000E+002   3.601417E-002
   5.770000E+002   3.585506E-002
   5.780000E+002   3.569512E-002
   5.790000E+002   3.553446E-002
   5.800000E+002   3.537316E-002
   5.810000E+002   3.521130E-002
   5.820000E+002   3.504897E-002
   5.830000E+002   3.488625E-002
   5.840000E+002   3.472323E-002
   5.850000E+002   3.455999E-002
   5.860000E+002   3.439663E-002
   5.870000E+002   3.423322E-002
   5.880000E+002   3.406985E-002
   5.890000E+002   3.390662E-002
   5.900000E+002   3.374359E-002
   5.910000E+002   3.358087E-002
   5.920000E+002   3.341853E-002
   5.930000E+002   3.325666E-002
   5.940000E+002   3.309535E-002
   5.950000E+002   3.293468E-002
   5.960000E+002   3.277474E-002
   5.970000E+002   3.261562E-002
   5.980000E+002   3.245739E-002
   5.990000E+002   3.230015E-002
   6.000000E+002   3.214398E-002
   6.010000E+002   3.198896E-002
   6.020000E+002   3.183515E-002
   6.030000E+002   3.168259E-002
   6.040000E+002   3.153135E-002
   6.050000E+002   3.138147E-002
   6.060000E+002   3.123301E-002
   6.070000E+002   3.108601E-002
   6.080000E+002   3.094052E-002
   6.090000E+002   3.079660E-002
   6.100000E+002   3.065431E-002
   6.110000E+002   3.051368E-002
   6.120000E+002   3.037477E-002
   6.130000E+002   3.023764E-002
   6.140000E+002   3.010233E-002
   6.150000E+002   2.996889E-002
   6.160000E+002   2.983738E-002
   6.170000E+002   2.970785E-002
   6.180000E+002   2.958035E-002
   6.190000E+002   2.945493E-002
   6.200000E+002   2.933165E-002
   6.210000E+002   2.921054E-002
   6.220000E+002   2.909167E-002
   6.230000E+002   2.897509E-002
   6.240000E+002   2.886085E-002
   6.250000E+002   2.874899E-002
   6.260000E+002   2.863957E-002
   6.270000E+002   2.853265E-002
   6.280000E+002   2.842827E-002
   6.290000E+002   2.832648E-002
   6.300000E+002   2.822734E-002
   6.310000E+002   2.813089E-002
   6.320000E+002   2.803719E-002
   6.330000E+002   2.794629E-002
   6.340000E+002   2.785825E-002
   6.350000E+002   2.777310E-002
   6.360000E+002   2.769091E-002
   6.370000E+002   2.761173E-002
   6.380000E+002   2.753560E-002
   6.390000E+002   2.746257E-002
   6.400000E+002   2.739271E-002
   6.410000E+002   2.732606E-002
   6.420000E+002   2.726266E-002
   6.430000E+002   2.720259E-002
   6.440000E+002   2.714587E-002
   6.450000E+002   2.709257E-002
   6.460000E+002   2.704274E-002
   6.470000E+002   2.699642E-002
   6.480000E+002   2.695368E-002
   6.490000E+002   2.691456E-002
   6.500000E+002   2.687911E-002
   6.510000E+002   2.684736E-002
   6.520000E+002   2.681931E-002
   6.530000E+002   2.679491E-002
   6.540000E+002   2.677412E-002
   6.550000E+002   2.675692E-002
   6.560000E+002   2.674326E-002
   6.570000E+002   2.673311E-002
   6.580000E+002   2.672643E-002
   6.590000E+002   2.672319E-002
   6.600000E+002   2.672335E-002
   6.610000E+002   2.672688E-002
   6.620000E+002   2.673374E-002
   6.630000E+002   2.674390E-002
   6.640000E+002   2.675732E-002
   6.650000E+002   2.677396E-002
   6.660000E+002   2.679378E-002
   6.670000E+002   2.681676E-002
   6.680000E+002   2.684286E-002
   6.690000E+002   2.687204E-002
   6.700000E+002   2.690426E-002
   6.710000E+002   2.693949E-002
   6.720000E+002   2.697770E-002
   6.730000E+002   2.701884E-002
   6.740000E+002   2.706289E-002
   6.750000E+002   2.710981E-002
   6.760000E+002   2.715955E-002
   6.770000E+002   2.721209E-002
   6.780000E+002   2.726739E-002
   6.790000E+002   2.732542E-002
   6.800000E+002   2.738613E-002
   6.810000E+002   2.744950E-002
   6.820000E+002   2.751548E-002
   6.830000E+002   2.758404E-002
   6.840000E+002   2.765515E-002
   6.850000E+002   2.772877E-002
   6.860000E+002   2.780486E-002
   6.870000E+002   2.788339E-002
   6.880000E+002   2.796433E-002
   6.890000E+002   2.804763E-002
   6.900000E+002   2.813326E-002
   6.910000E+002   2.822119E-002
   6.920000E+002   2.831138E-002
   6.930000E+002   2.840379E-002
   6.940000E+002   2.849839E-002
   6.950000E+002   2.859515E-002
   6.960000E+002   2.869402E-002
   6.970000E+002   2.879497E-002
   6.980000E+002   2.889797E-002
   6.990000E+002   2.900298E-002
   7.000000E+002   2.910996E-002
   7.010000E+002   2.921887E-002
   7.020000E+002   2.932965E-002
   7.030000E+002   2.944223E-002
   7.040000E+002   2.955652E-002
   7.050000E+002   2.967246E-002
   7.060000E+002   2.978997E-002
   7.070000E+002   2.990898E-002
   7.080000E+002   3.002942E-002
   7.090000E+002   3.015122E-002
   7.100000E+002   3.027429E-002
   7.110000E+002   3.039857E-002
   7.120000E+002   3.052399E-002
   7.130000E+002   3.065047E-002
   7.140000E+002   3.077793E-002
   7.150000E+002   3.090632E-002
   7.160000E+002   3.103554E-002
   7.170000E+002   3.116553E-002
   7.180000E+002   3.129622E-002
   7.190000E+002   3.142754E-002
   7.200000E+002   3.155940E-002
   7.210000E+002   3.169174E-002
   7.220000E+002   3.182449E-002
   7.230000E+002   3.195756E-002
   7.240000E+002   3.209089E-002
   7.250000E+002   3.222441E-002
   7.260000E+002   3.235804E-002
   7.270000E+002   3.249171E-002
   7.280000E+002   3.262534E-002
   7.290000E+002   3.275886E-002
   7.300000E+002   3.289221E-002
   7.310000E+002   3.302530E-002
   7.320000E+002   3.315806E-002
   7.330000E+002   3.329042E-002
   7.340000E+002   3.342231E-002
   7.350000E+002   3.355365E-002
   7.360000E+002   3.368438E-002
   7.370000E+002   3.381441E-002
   7.380000E+002   3.394367E-002
   7.390000E+002   3.407210E-002
   7.400000E+002   3.419962E-002
   7.410000E+002   3.432615E-002
   7.420000E+002   3.445162E-002
   7.430000E+002   3.457596E-002
   7.440000E+002   3.469910E-002
   7.450000E+002   3.482096E-002
   7.460000E+002   3.494147E-002
   7.470000E+002   3.506056E-002
   7.480000E+002   3.517815E-002
   7.490000E+002   3.529417E-002
   7.500000E+002   3.540855E-002
   7.510000E+002   3.552122E-002
   7.520000E+002   3.563213E-002
   7.530000E+002   3.574125E-002
   7.540000E+002   3.584854E-002
   7.550000E+002   3.595395E-002
   7.560000E+002   3.605745E-002
   7.570000E+002   3.615900E-002
   7.580000E+002   3.625856E-002
   7.590000E+002   3.635610E-002
   7.600000E+002   3.645156E-002
   7.610000E+002   3.654491E-002
   7.620000E+002   3.663612E-002
   7.630000E+002   3.672514E-002
   7.640000E+002   3.681194E-002
   7.650000E+002   3.689647E-002
   7.660000E+002   3.697870E-002
   7.670000E+002   3.705859E-002
   7.680000E+002   3.713609E-002
   7.690000E+002   3.721117E-002
   7.700000E+002   3.728379E-002
   7.710000E+002   3.735391E-002
   7.720000E+002   3.742150E-002
   7.730000E+002   3.748650E-002
   7.740000E+002   3.754889E-002
   7.750000E+002   3.760861E-002
   7.760000E+002   3.766565E-002
   7.770000E+002   3.771995E-002
   7.780000E+002   3.777147E-002
   7.790000E+002   3.782018E-002
   7.800000E+002   3.786604E-002
   7.810000E+002   3.790900E-002
   7.820000E+002   3.794904E-002
   7.830000E+002   3.798610E-002
   7.840000E+002   3.802016E-002
   7.850000E+002   3.805116E-002
   7.860000E+002   3.807908E-002
   7.870000E+002   3.810387E-002
   7.880000E+002   3.812549E-002
   7.890000E+002   3.814391E-002
   7.900000E+002   3.815909E-002
   7.910000E+002   3.817097E-002
   7.920000E+002   3.817954E-002
   7.930000E+002   3.818474E-002
   7.940000E+002   3.818655E-002
   7.950000E+002   3.818491E-002
   7.960000E+002   3.817979E-002
   7.970000E+002   3.817115E-002
   7.980000E+002   3.815895E-002
   7.990000E+002   3.814316E-002
   8.000000E+002   3.812372E-002
   8.010000E+002   3.810063E-002
   8.020000E+002   3.807390E-002
   8.030000E+002   3.804357E-002
   8.040000E+002   3.800968E-002
   8.050000E+002   3.797228E-002
   8.060000E+002   3.793140E-002
   8.070000E+002   3.788709E-002
   8.080000E+002   3.783937E-002
   8.090000E+002   3.778830E-002
   8.100000E+002   3.773391E-002
   8.110000E+002   3.767624E-002
   8.120000E+002   3.761533E-002
   8.130000E+002   3.755123E-002
   8.140000E+002   3.748396E-002
   8.150000E+002   3.741358E-002
   8.160000E+002   3.734012E-002
   8.170000E+002   3.726362E-002
   8.180000E+002   3.718411E-002
   8.190000E+002   3.710165E-002
   8.200000E+002   3.701627E-002
   8.210000E+002   3.692801E-002
   8.220000E+002   3.683690E-002
   8.230000E+002   3.674300E-002
   8.240000E+002   3.664634E-002
   8.250000E+002   3.654695E-002
   8.260000E+002   3.644488E-002
   8.270000E+002   3.634017E-002
   8.280000E+002   3.623286E-002
   8.290000E+002   3.612299E-002
   8.300000E+002   3.601060E-002
   8.310000E+002   3.589572E-002
   8.320000E+002   3.577840E-002
   8.330000E+002   3.565868E-002
   8.340000E+002   3.553659E-002
   8.350000E+002   3.541218E-002
   8.360000E+002   3.528549E-002
   8.370000E+002   3.515656E-002
   8.380000E+002   3.502542E-002
   8.390000E+002   3.489211E-002
   8.400000E+002   3.475669E-002
   8.410000E+002   3.461917E-002
   8.420000E+002   3.447962E-002
   8.430000E+002   3.433806E-002
   8.440000E+002   3.419453E-002
   8.450000E+002   3.404908E-002
   8.460000E+002   3.390174E-002
   8.470000E+002   3.375256E-002
   8.480000E+002   3.360157E-002
   8.490000E+002   3.344881E-002
   8.500000E+002   3.329433E-002
   8.510000E+002   3.313817E-002
   8.520000E+002   3.298038E-002
   8.530000E+002   3.282102E-002
   8.540000E+002   3.266017E-002
   8.550000E+002   3.249787E-002
   8.560000E+002   3.233419E-002
   8.570000E+002   3.216919E-002
   8.580000E+002   3.200294E-002
   8.590000E+002   3.183549E-002
   8.600000E+002   3.166690E-002
   8.610000E+002   3.149724E-002
   8.620000E+002   3.132656E-002
   8.630000E+002   3.115493E-002
   8.640000E+002   3.098241E-002
   8.650000E+002   3.080907E-002
   8.660000E+002   3.063495E-002
   8.670000E+002   3.046013E-002
   8.680000E+002   3.028466E-002
   8.690000E+002   3.010861E-002
   8.700000E+002   2.993203E-002
   8.710000E+002   2.975499E-002
   8.720000E+002   2.957755E-002
   8.730000E+002   2.939977E-002
   8.740000E+002   2.922171E-002
   8.750000E+002   2.904344E-002
   8.760000E+002   2.886501E-002
   8.770000E+002   2.868648E-002
   8.780000E+002   2.850792E-002
   8.790000E+002   2.832939E-002
   8.800000E+002   2.815094E-002
   8.810000E+002   2.797265E-002
   8.820000E+002   2.779457E-002
   8.830000E+002   2.761676E-002
   8.840000E+002   2.743928E-002
   8.850000E+002   2.726220E-002
   8.860000E+002   2.708557E-002
   8.870000E+002   2.690947E-002
   8.880000E+002   2.673394E-002
   8.890000E+002   2.655905E-002
   8.900000E+002   2.638486E-002
   8.910000E+002   2.621143E-002
   8.920000E+002   2.603883E-002
   8.930000E+002   2.586711E-002
   8.940000E+002   2.569633E-002
   8.950000E+002   2.552657E-002
   8.960000E+002   2.535787E-002
   8.970000E+002   2.519030E-002
   8.980000E+002   2.502392E-002
   8.990000E+002   2.485880E-002
   9.000000E+002   2.469499E-002
   9.010000E+002   2.453254E-002
   9.020000E+002   2.437150E-002
   9.030000E+002   2.421189E-002
   9.040000E+002   2.405374E-002
   9.050000E+002   2.389708E-002
   9.060000E+002   2.374193E-002
   9.070000E+002   2.358833E-002
   9.080000E+002   2.343630E-002
   9.090000E+002   2.328587E-002
   9.100000E+002   2.313707E-002
   9.110000E+002   2.298993E-002
   9.120000E+002   2.284448E-002
   9.130000E+002   2.270074E-002
   9.140000E+002   2.255875E-002
   9.150000E+002   2.241853E-002
   9.160000E+002   2.228011E-002
   9.170000E+002   2.214351E-002
   9.180000E+002   2.200878E-002
   9.190000E+002   2.187592E-002
   9.200000E+002   2.174499E-002
   9.210000E+002   2.161599E-002
   9.220000E+002   2.148897E-002
   9.230000E+002   2.136394E-002
   9.240000E+002   2.124094E-002
   9.250000E+002   2.112000E-002
   9.260000E+002   2.100114E-002
   9.270000E+002   2.088439E-002
   9.280000E+002   2.076979E-002
   9.290000E+002   2.065735E-002
   9.300000E+002   2.054712E-002
   9.310000E+002   2.043910E-002
   9.320000E+002   2.033335E-002
   9.330000E+002   2.022987E-002
   9.340000E+002   2.012871E-002
   9.350000E+002   2.002988E-002
   9.360000E+002   1.993343E-002
   9.370000E+002   1.983937E-002
   9.380000E+002   1.974774E-002
   9.390000E+002   1.965855E-002
   9.400000E+002   1.957186E-002
   9.410000E+002   1.948767E-002
   9.420000E+002   1.940601E-002
   9.430000E+002   1.932693E-002
   9.440000E+002   1.925044E-002
   9.450000E+002   1.917658E-002
   9.460000E+002   1.910536E-002
   9.470000E+002   1.903683E-002
   9.480000E+002   1.897101E-002
   9.490000E+002   1.890792E-002
   9.500000E+002   1.884760E-002
   9.510000E+002   1.879006E-002
   9.520000E+002   1.873529E-002
   9.530000E+002   1.868325E-002
   9.540000E+002   1.863393E-002
   9.550000E+002   1.858729E-002
   9.560000E+002   1.854329E-002
   9.570000E+002   1.850193E-002
   9.580000E+002   1.846315E-002
   9.590000E+002   1.842695E-002
   9.600000E+002   1.839329E-002
   9.610000E+002   1.836213E-002
   9.620000E+002   1.833346E-002
   9.630000E+002   1.830724E-002
   9.640000E+002   1.828345E-002
   9.650000E+002   1.826206E-002
   9.660000E+002   1.824304E-002
   9.670000E+002   1.822635E-002
   9.680000E+002   1.821199E-002
   9.690000E+002   1.819990E-002
   9.700000E+002   1.819007E-002
   9.710000E+002   1.818247E-002
   9.720000E+002   1.817707E-002
   9.730000E+002   1.817384E-002
   9.740000E+002   1.817276E-002
   9.750000E+002   1.817378E-002
   9.760000E+002   1.817690E-002
   9.770000E+002   1.818207E-002
   9.780000E+002   1.818928E-002
   9.790000E+002   1.819848E-002
   9.800000E+002   1.820966E-002
   9.810000E+002   1.822278E-002
   9.820000E+002   1.823782E-002
   9.830000E+002   1.825475E-002
   9.840000E+002   1.827354E-002
   9.850000E+002   1.829416E-002
   9.860000E+002   1.831658E-002
   9.870000E+002   1.834078E-002
   9.880000E+002   1.836673E-002
   9.890000E+002   1.839439E-002
   9.900000E+002   1.842375E-002
   9.910000E+002   1.845476E-002
   9.920000E+002   1.848741E-002
   9.930000E+002   1.852167E-002
   9.940000E+002   1.855750E-002
   9.950000E+002   1.859489E-002
   9.960000E+002   1.863379E-002
   9.970000E+002   1.867418E-002
   9.980000E+002   1.871604E-002
   9.990000E+002   1.875934E-002
   1.000000E+003   1.880404E-002
   1.001000E+003   1.885012E-002
   1.002000E+003   1.889753E-002
   1.003000E+003   1.894622E-002
   1.004000E+003   1.899615E-002
   1.005000E+003   1.904727E-002
   1.006000E+003   1.909953E-002
   1.007000E+003   1.915288E-002
   1.008000E+003   1.920728E-002
   1.009000E+003   1.926268E-002
   1.010000E+003   1.931903E-002
   1.011000E+003   1.937628E-002
   1.012000E+003   1.943439E-002
   1.013000E+003   1.949331E-002
   1.014000E+003   1.955299E-002
   1.015000E+003   1.961338E-002
   1.016000E+003   1.967444E-002
   1.017000E+003   1.973611E-002
   1.018000E+003   1.979836E-002
   1.019000E+003   1.986113E-002
   1.020000E+003   1.992437E-002
   1.021000E+003   1.998805E-002
   1.022000E+003   2.005210E-002
   1.023000E+003   2.011649E-002
   1.024000E+003   2.018116E-002
   1.025000E+003   2.024607E-002
   1.026000E+003   2.031117E-002
   1.027000E+003   2.037641E-002
   1.028000E+003   2.044175E-002
   1.029000E+003   2.050713E-002
   1.030000E+003   2.057252E-002
   1.031000E+003   2.063785E-002
   1.032000E+003   2.070310E-002
   1.033000E+003   2.076820E-002
   1.034000E+003   2.083310E-002
   1.035000E+003   2.089778E-002
   1.036000E+003   2.096216E-002
   1.037000E+003   2.102622E-002
   1.038000E+003   2.108989E-002
   1.039000E+003   2.115313E-002
   1.040000E+003   2.121590E-002
   1.041000E+003   2.127815E-002
   1.042000E+003   2.133983E-002
   1.043000E+003   2.140088E-002
   1.044000E+003   2.146128E-002
   1.045000E+003   2.152095E-002
   1.046000E+003   2.157987E-002
   1.047000E+003   2.163798E-002
   1.048000E+003   2.169524E-002
   1.049000E+003   2.175159E-002
   1.050000E+003   2.180698E-002
   1.051000E+003   2.186139E-002
   1.052000E+003   2.191478E-002
   1.053000E+003   2.196713E-002
   1.054000E+003   2.201842E-002
   1.055000E+003   2.206864E-002
   1.056000E+003   2.211777E-002
   1.057000E+003   2.216578E-002
   1.058000E+003   2.221266E-002
   1.059000E+003   2.225838E-002
   1.060000E+003   2.230294E-002
   1.061000E+003   2.234631E-002
   1.062000E+003   2.238847E-002
   1.063000E+003   2.242940E-002
   1.064000E+003   2.246908E-002
   1.065000E+003   2.250749E-002
   1.066000E+003   2.254463E-002
   1.067000E+003   2.258045E-002
   1.068000E+003   2.261496E-002
   1.069000E+003   2.264811E-002
   1.070000E+003   2.267991E-002
   1.071000E+003   2.271033E-002
   1.072000E+003   2.273935E-002
   1.073000E+003   2.276694E-002
   1.074000E+003   2.279310E-002
   1.075000E+003   2.281780E-002
   1.076000E+003   2.284103E-002
   1.077000E+003   2.286276E-002
   1.078000E+003   2.288297E-002
   1.079000E+003   2.290165E-002
   1.080000E+003   2.291878E-002
   1.081000E+003   2.293433E-002
   1.082000E+003   2.294830E-002
   1.083000E+003   2.296065E-002
   1.084000E+003   2.297137E-002
   1.085000E+003   2.298045E-002
   1.086000E+003   2.298785E-002
   1.087000E+003   2.299357E-002
   1.088000E+003   2.299758E-002
   1.089000E+003   2.299987E-002
   1.090000E+003   2.300041E-002
   1.091000E+003   2.299919E-002
   1.092000E+003   2.299619E-002
   1.093000E+003   2.299139E-002
   1.094000E+003   2.298476E-002
   1.095000E+003   2.297630E-002
   1.096000E+003   2.296597E-002
   1.097000E+003   2.295377E-002
   1.098000E+003   2.293967E-002
   1.099000E+003   2.292365E-002
   1.100000E+003   2.290570E-002
   1.101000E+003   2.288580E-002
   1.102000E+003   2.286398E-002
   1.103000E+003   2.284025E-002
   1.104000E+003   2.281466E-002
   1.105000E+003   2.278723E-002
   1.106000E+003   2.275799E-002
   1.107000E+003   2.272697E-002
   1.108000E+003   2.269420E-002
   1.109000E+003   2.265970E-002
   1.110000E+003   2.262351E-002
   1.111000E+003   2.258565E-002
   1.112000E+003   2.254616E-002
   1.113000E+003   2.250506E-002
   1.114000E+003   2.246237E-002
   1.115000E+003   2.241814E-002
   1.116000E+003   2.237239E-002
   1.117000E+003   2.232514E-002
   1.118000E+003   2.227643E-002
   1.119000E+003   2.222629E-002
   1.120000E+003   2.217474E-002
   1.121000E+003   2.212181E-002
   1.122000E+003   2.206754E-002
   1.123000E+003   2.201194E-002
   1.124000E+003   2.195506E-002
   1.125000E+003   2.189691E-002
   1.126000E+003   2.183753E-002
   1.127000E+003   2.177695E-002
   1.128000E+003   2.171519E-002
   1.129000E+003   2.165229E-002
   1.130000E+003   2.158827E-002
   1.131000E+003   2.152316E-002
   1.132000E+003   2.145699E-002
   1.133000E+003   2.138979E-002
   1.134000E+003   2.132159E-002
   1.135000E+003   2.125242E-002
   1.136000E+003   2.118231E-002
   1.137000E+003   2.111128E-002
   1.138000E+003   2.103936E-002
   1.139000E+003   2.096659E-002
   1.140000E+003   2.089299E-002
   1.141000E+003   2.081859E-002
   1.142000E+003   2.074342E-002
   1.143000E+003   2.066750E-002
   1.144000E+003   2.059088E-002
   1.145000E+003   2.051357E-002
   1.146000E+003   2.043561E-002
   1.147000E+003   2.035702E-002
   1.148000E+003   2.027783E-002
   1.149000E+003   2.019808E-002
   1.150000E+003   2.011779E-002
   1.151000E+003   2.003698E-002
   1.152000E+003   1.995567E-002
   1.153000E+003   1.987388E-002
   1.154000E+003   1.979160E-002
   1.155000E+003   1.970885E-002
   1.156000E+003   1.962565E-002
   1.157000E+003   1.954199E-002
   1.158000E+003   1.945790E-002
   1.159000E+003   1.937338E-002
   1.160000E+003   1.928844E-002
   1.161000E+003   1.920309E-002
   1.162000E+003   1.911734E-002
   1.163000E+003   1.903121E-002
   1.164000E+003   1.894470E-002
   1.165000E+003   1.885782E-002
   1.166000E+003   1.877058E-002
   1.167000E+003   1.868300E-002
   1.168000E+003   1.859508E-002
   1.169000E+003   1.850683E-002
   1.170000E+003   1.841827E-002
   1.171000E+003   1.832940E-002
   1.172000E+003   1.824023E-002
   1.173000E+003   1.815078E-002
   1.174000E+003   1.806105E-002
   1.175000E+003   1.797106E-002
   1.176000E+003   1.788081E-002
   1.177000E+003   1.779032E-002
   1.178000E+003   1.769959E-002
   1.179000E+003   1.760864E-002
   1.180000E+003   1.751747E-002
   1.181000E+003   1.742610E-002
   1.182000E+003   1.733454E-002
   1.183000E+003   1.724279E-002
   1.184000E+003   1.715087E-002
   1.185000E+003   1.705878E-002
   1.186000E+003   1.696655E-002
   1.187000E+003   1.687417E-002
   1.188000E+003   1.678165E-002
   1.189000E+003   1.668902E-002
   1.190000E+003   1.659627E-002
   1.191000E+003   1.650342E-002
   1.192000E+003   1.641048E-002
   1.193000E+003   1.631745E-002
   1.194000E+003   1.622436E-002
   1.195000E+003   1.613120E-002
   1.196000E+003   1.603799E-002
   1.197000E+003   1.594474E-002
   1.198000E+003   1.585147E-002
   1.199000E+003   1.575817E-002
   1.200000E+003   1.566486E-002
