    1.500000E+00    1.500000E+00    1.500000E+00    1.500000E+00    1.500000E+00    1.500000E+00
    1.500001E+00    1.500001E+00    1.500001E+00    1.500001E+00    1.500001E+00    1.500001E+00
    1.500002E+00    1.500002E+00    1.500002E+00    1.500002E+00    1.500002E+00    1.500002E+00
    1.500002E+00    1.500002E+00    1.500002E+00    1.500002E+00    1.500002E+00    1.500003E+00
    1.500003E+00    1.500003E+00    1.500003E+00    1.500003E+00    1.500003E+00    1.500003E+00
    1.500004E+00    1.500004E+00    1.500004E+00    1.500004E+00    1.500004E+00    1.500004E+00
    1.500004E+00    1.500004E+00    1.500004E+00    1.500004E+00    1.500005E+00    1.500005E+00
    1.500005E+00    1.500005E+00    1.500005E+00    1.500005E+00    1.500005E+00    1.500006E+00
    1.500006E+00    1.500006E+00    1.500006E+00    1.500006E+00    1.500006E+00    1.500006E+00
    1.500006E+00    1.500006E+00    1.500006E+00    1.500006E+00    1.500006E+00    1.500007E+00
    1.500007E+00    1.500007E+00    1.500007E+00    1.500007E+00    1.500007E+00    1.500007E+00
    1.500007E+00    1.500007E+00    1.500007E+00    1.500007E+00    1.500008E+00    1.500008E+00
    1.500008E+00    1.500008E+00    1.500008E+00    1.500008E+00    1.500008E+00    1.500009E+00
    1.500008E+00    1.500008E+00    1.500008E+00    1.500008E+00    1.500009E+00    1.500009E+00
    1.500009E+00    1.500009E+00    1.500009E+00    1.500009E+00    1.500009E+00    1.500010E+00
    1.500009E+00    1.500009E+00    1.500009E+00    1.500009E+00    1.500010E+00    1.500011E+00
    1.500010E+00    1.500010E+00    1.500010E+00    1.500010E+00    1.500010E+00    1.500011E+00
    1.500010E+00    1.500010E+00    1.500010E+00    1.500011E+00    1.500011E+00    1.500012E+00
    1.500011E+00    1.500011E+00    1.500011E+00    1.500011E+00    1.500011E+00    1.500012E+00
    1.500011E+00    1.500011E+00    1.500012E+00    1.500012E+00    1.500012E+00    1.500013E+00
    1.500012E+00    1.500012E+00    1.500012E+00    1.500012E+00    1.500013E+00    1.500014E+00
    1.500013E+00    1.500013E+00    1.500013E+00    1.500013E+00    1.500013E+00    1.500014E+00
    1.500013E+00    1.500013E+00    1.500013E+00    1.500013E+00    1.500014E+00    1.500015E+00
    1.500014E+00    1.500014E+00    1.500014E+00    1.500014E+00    1.500014E+00    1.500016E+00
    1.500014E+00    1.500014E+00    1.500014E+00    1.500014E+00    1.500015E+00    1.500017E+00
    1.500015E+00    1.500015E+00    1.500015E+00    1.500015E+00    1.500016E+00    1.500017E+00
    1.500015E+00    1.500015E+00    1.500016E+00    1.500016E+00    1.500016E+00    1.500018E+00
    1.500016E+00    1.500016E+00    1.500016E+00    1.500016E+00    1.500017E+00    1.500019E+00
    1.500017E+00    1.500017E+00    1.500017E+00    1.500017E+00    1.500018E+00    1.500020E+00
    1.500017E+00    1.500017E+00    1.500017E+00    1.500018E+00    1.500019E+00    1.500021E+00
    1.500018E+00    1.500018E+00    1.500018E+00    1.500018E+00    1.500019E+00    1.500022E+00
    1.500019E+00    1.500019E+00    1.500019E+00    1.500019E+00    1.500020E+00    1.500023E+00
    1.500020E+00    1.500020E+00    1.500020E+00    1.500020E+00    1.500021E+00    1.500024E+00
    1.500020E+00    1.500020E+00    1.500020E+00    1.500021E+00    1.500022E+00    1.500025E+00
    1.500021E+00    1.500021E+00    1.500021E+00    1.500021E+00    1.500023E+00    1.500026E+00
    1.500022E+00    1.500022E+00    1.500022E+00    1.500022E+00    1.500024E+00    1.500027E+00
    1.500023E+00    1.500023E+00    1.500023E+00    1.500023E+00    1.500025E+00    1.500029E+00
    1.500024E+00    1.500024E+00    1.500024E+00    1.500024E+00    1.500026E+00    1.500030E+00
    1.500025E+00    1.500025E+00    1.500025E+00    1.500025E+00    1.500027E+00    1.500031E+00
    1.500025E+00    1.500025E+00    1.500026E+00    1.500026E+00    1.500028E+00    1.500033E+00
    1.500026E+00    1.500026E+00    1.500027E+00    1.500027E+00    1.500029E+00    1.500034E+00
    1.500027E+00    1.500027E+00    1.500028E+00    1.500028E+00    1.500030E+00    1.500036E+00
    1.500029E+00    1.500029E+00    1.500029E+00    1.500029E+00    1.500031E+00    1.500038E+00
    1.500030E+00    1.500030E+00    1.500030E+00    1.500030E+00    1.500033E+00    1.500040E+00
    1.500031E+00    1.500031E+00    1.500031E+00    1.500031E+00    1.500034E+00    1.500041E+00
    1.500032E+00    1.500032E+00    1.500032E+00    1.500033E+00    1.500035E+00    1.500043E+00
    1.500033E+00    1.500033E+00    1.500033E+00    1.500034E+00    1.500037E+00    1.500045E+00
    1.500034E+00    1.500034E+00    1.500034E+00    1.500035E+00    1.500038E+00    1.500048E+00
    1.500036E+00    1.500036E+00    1.500036E+00    1.500036E+00    1.500040E+00    1.500050E+00
    1.500037E+00    1.500037E+00    1.500037E+00    1.500038E+00    1.500042E+00    1.500052E+00
    1.500038E+00    1.500038E+00    1.500038E+00    1.500039E+00    1.500044E+00    1.500055E+00
    1.500040E+00    1.500040E+00    1.500040E+00    1.500041E+00    1.500045E+00    1.500058E+00
    1.500041E+00    1.500041E+00    1.500041E+00    1.500042E+00    1.500047E+00    1.500061E+00
    1.500043E+00    1.500043E+00    1.500043E+00    1.500044E+00    1.500049E+00    1.500064E+00
    1.500044E+00    1.500044E+00    1.500045E+00    1.500046E+00    1.500051E+00    1.500067E+00
    1.500046E+00    1.500046E+00    1.500046E+00    1.500048E+00    1.500054E+00    1.500070E+00
    1.500048E+00    1.500048E+00    1.500048E+00    1.500049E+00    1.500056E+00    1.500074E+00
    1.500050E+00    1.500050E+00    1.500050E+00    1.500051E+00    1.500058E+00    1.500078E+00
    1.500052E+00    1.500052E+00    1.500052E+00    1.500053E+00    1.500061E+00    1.500082E+00
    1.500053E+00    1.500053E+00    1.500054E+00    1.500055E+00    1.500064E+00    1.500086E+00
    1.500055E+00    1.500055E+00    1.500056E+00    1.500058E+00    1.500066E+00    1.500091E+00
    1.500058E+00    1.500058E+00    1.500058E+00    1.500060E+00    1.500069E+00    1.500095E+00
    1.500060E+00    1.500060E+00    1.500060E+00    1.500062E+00    1.500072E+00    1.500100E+00
    1.500062E+00    1.500062E+00    1.500062E+00    1.500065E+00    1.500076E+00    1.500106E+00
    1.500064E+00    1.500064E+00    1.500065E+00    1.500067E+00    1.500079E+00    1.500111E+00
    1.500067E+00    1.500067E+00    1.500067E+00    1.500070E+00    1.500083E+00    1.500117E+00
    1.500069E+00    1.500069E+00    1.500070E+00    1.500072E+00    1.500086E+00    1.500124E+00
    1.500072E+00    1.500072E+00    1.500072E+00    1.500075E+00    1.500090E+00    1.500131E+00
    1.500074E+00    1.500074E+00    1.500075E+00    1.500078E+00    1.500094E+00    1.500138E+00
    1.500077E+00    1.500077E+00    1.500078E+00    1.500081E+00    1.500099E+00    1.500145E+00
    1.500080E+00    1.500080E+00    1.500081E+00    1.500085E+00    1.500103E+00    1.500154E+00
    1.500083E+00    1.500083E+00    1.500084E+00    1.500088E+00    1.500108E+00    1.500162E+00
    1.500086E+00    1.500086E+00    1.500087E+00    1.500091E+00    1.500113E+00    1.500171E+00
    1.500090E+00    1.500090E+00    1.500090E+00    1.500095E+00    1.500118E+00    1.500181E+00
    1.500093E+00    1.500093E+00    1.500094E+00    1.500099E+00    1.500124E+00    1.500192E+00
    1.500096E+00    1.500096E+00    1.500097E+00    1.500103E+00    1.500130E+00    1.500203E+00
    1.500100E+00    1.500100E+00    1.500101E+00    1.500107E+00    1.500136E+00    1.500214E+00
    1.500104E+00    1.500104E+00    1.500105E+00    1.500111E+00    1.500142E+00    1.500227E+00
    1.500108E+00    1.500108E+00    1.500109E+00    1.500116E+00    1.500149E+00    1.500240E+00
    1.500112E+00    1.500112E+00    1.500113E+00    1.500120E+00    1.500156E+00    1.500254E+00
    1.500116E+00    1.500116E+00    1.500117E+00    1.500125E+00    1.500164E+00    1.500269E+00
    1.500120E+00    1.500120E+00    1.500121E+00    1.500130E+00    1.500172E+00    1.500286E+00
    1.500125E+00    1.500125E+00    1.500126E+00    1.500135E+00    1.500180E+00    1.500303E+00
    1.500129E+00    1.500129E+00    1.500131E+00    1.500141E+00    1.500189E+00    1.500321E+00
    1.500134E+00    1.500134E+00    1.500136E+00    1.500147E+00    1.500199E+00    1.500341E+00
    1.500139E+00    1.500139E+00    1.500141E+00    1.500153E+00    1.500209E+00    1.500361E+00
    1.500145E+00    1.500145E+00    1.500146E+00    1.500159E+00    1.500219E+00    1.500384E+00
    1.500150E+00    1.500150E+00    1.500152E+00    1.500165E+00    1.500230E+00    1.500407E+00
    1.500156E+00    1.500156E+00    1.500158E+00    1.500172E+00    1.500242E+00    1.500433E+00
    1.500161E+00    1.500161E+00    1.500164E+00    1.500179E+00    1.500255E+00    1.500460E+00
    1.500168E+00    1.500168E+00    1.500170E+00    1.500187E+00    1.500268E+00    1.500489E+00
    1.500174E+00    1.500174E+00    1.500176E+00    1.500195E+00    1.500282E+00    1.500519E+00
    1.500180E+00    1.500180E+00    1.500183E+00    1.500203E+00    1.500297E+00    1.500552E+00
    1.500187E+00    1.500187E+00    1.500190E+00    1.500211E+00    1.500312E+00    1.500588E+00
    1.500194E+00    1.500194E+00    1.500197E+00    1.500220E+00    1.500329E+00    1.500625E+00
    1.500201E+00    1.500201E+00    1.500205E+00    1.500229E+00    1.500346E+00    1.500666E+00
    1.500209E+00    1.500209E+00    1.500213E+00    1.500239E+00    1.500365E+00    1.500709E+00
    1.500217E+00    1.500217E+00    1.500221E+00    1.500249E+00    1.500385E+00    1.500755E+00
    1.500225E+00    1.500225E+00    1.500229E+00    1.500260E+00    1.500406E+00    1.500804E+00
    1.500233E+00    1.500233E+00    1.500238E+00    1.500271E+00    1.500428E+00    1.500857E+00
    1.500242E+00    1.500242E+00    1.500247E+00    1.500282E+00    1.500452E+00    1.500913E+00
    1.500251E+00    1.500251E+00    1.500257E+00    1.500295E+00    1.500477E+00    1.500974E+00
    1.500261E+00    1.500261E+00    1.500266E+00    1.500307E+00    1.500503E+00    1.501038E+00
    1.500270E+00    1.500271E+00    1.500277E+00    1.500321E+00    1.500532E+00    1.501108E+00
    1.500281E+00    1.500281E+00    1.500287E+00    1.500335E+00    1.500562E+00    1.501182E+00
    1.500291E+00    1.500291E+00    1.500298E+00    1.500349E+00    1.500594E+00    1.501261E+00
    1.500302E+00    1.500302E+00    1.500310E+00    1.500365E+00    1.500628E+00    1.501346E+00
    1.500313E+00    1.500313E+00    1.500322E+00    1.500381E+00    1.500664E+00    1.501438E+00
    1.500325E+00    1.500325E+00    1.500334E+00    1.500398E+00    1.500703E+00    1.501535E+00
    1.500337E+00    1.500337E+00    1.500347E+00    1.500416E+00    1.500744E+00    1.501640E+00
    1.500350E+00    1.500350E+00    1.500360E+00    1.500434E+00    1.500788E+00    1.501752E+00
    1.500363E+00    1.500363E+00    1.500374E+00    1.500454E+00    1.500834E+00    1.501873E+00
    1.500377E+00    1.500377E+00    1.500389E+00    1.500474E+00    1.500884E+00    1.502002E+00
    1.500391E+00    1.500391E+00    1.500404E+00    1.500496E+00    1.500937E+00    1.502140E+00
    1.500405E+00    1.500406E+00    1.500419E+00    1.500519E+00    1.500993E+00    1.502289E+00
    1.500421E+00    1.500421E+00    1.500436E+00    1.500542E+00    1.501054E+00    1.502448E+00
    1.500436E+00    1.500437E+00    1.500453E+00    1.500568E+00    1.501118E+00    1.502619E+00
    1.500453E+00    1.500453E+00    1.500470E+00    1.500594E+00    1.501186E+00    1.502802E+00
    1.500470E+00    1.500470E+00    1.500488E+00    1.500622E+00    1.501259E+00    1.502998E+00
    1.500487E+00    1.500488E+00    1.500508E+00    1.500651E+00    1.501337E+00    1.503209E+00
    1.500506E+00    1.500506E+00    1.500527E+00    1.500682E+00    1.501421E+00    1.503436E+00
    1.500525E+00    1.500525E+00    1.500548E+00    1.500714E+00    1.501509E+00    1.503679E+00
    1.500544E+00    1.500545E+00    1.500569E+00    1.500748E+00    1.501604E+00    1.503939E+00
    1.500565E+00    1.500565E+00    1.500592E+00    1.500784E+00    1.501706E+00    1.504219E+00
    1.500586E+00    1.500586E+00    1.500615E+00    1.500822E+00    1.501814E+00    1.504520E+00
    1.500608E+00    1.500608E+00    1.500639E+00    1.500862E+00    1.501930E+00    1.504842E+00
    1.500631E+00    1.500631E+00    1.500664E+00    1.500904E+00    1.502054E+00    1.505189E+00
    1.500654E+00    1.500655E+00    1.500690E+00    1.500949E+00    1.502186E+00    1.505561E+00
    1.500679E+00    1.500679E+00    1.500718E+00    1.500996E+00    1.502328E+00    1.505960E+00
    1.500704E+00    1.500705E+00    1.500746E+00    1.501046E+00    1.502479E+00    1.506389E+00
    1.500731E+00    1.500731E+00    1.500776E+00    1.501098E+00    1.502641E+00    1.506850E+00
    1.500758E+00    1.500758E+00    1.500807E+00    1.501153E+00    1.502815E+00    1.507345E+00
    1.500786E+00    1.500787E+00    1.500839E+00    1.501212E+00    1.503000E+00    1.507876E+00
    1.500816E+00    1.500816E+00    1.500872E+00    1.501274E+00    1.503199E+00    1.508447E+00
    1.500846E+00    1.500847E+00    1.500907E+00    1.501340E+00    1.503411E+00    1.509061E+00
    1.500878E+00    1.500879E+00    1.500943E+00    1.501409E+00    1.503639E+00    1.509720E+00
    1.500911E+00    1.500911E+00    1.500981E+00    1.501482E+00    1.503883E+00    1.510428E+00
    1.500945E+00    1.500946E+00    1.501020E+00    1.501560E+00    1.504144E+00    1.511189E+00
    1.500980E+00    1.500981E+00    1.501062E+00    1.501643E+00    1.504424E+00    1.512007E+00
    1.501017E+00    1.501018E+00    1.501104E+00    1.501730E+00    1.504723E+00    1.512885E+00
    1.501055E+00    1.501056E+00    1.501149E+00    1.501822E+00    1.505044E+00    1.513829E+00
    1.501094E+00    1.501095E+00    1.501196E+00    1.501920E+00    1.505388E+00    1.514844E+00
    1.501135E+00    1.501136E+00    1.501245E+00    1.502024E+00    1.505757E+00    1.515934E+00
    1.501178E+00    1.501179E+00    1.501295E+00    1.502135E+00    1.506152E+00    1.517106E+00
    1.501222E+00    1.501223E+00    1.501348E+00    1.502252E+00    1.506576E+00    1.518366E+00
    1.501267E+00    1.501269E+00    1.501404E+00    1.502376E+00    1.507030E+00    1.519719E+00
    1.501315E+00    1.501316E+00    1.501461E+00    1.502508E+00    1.507518E+00    1.521174E+00
    1.501364E+00    1.501365E+00    1.501522E+00    1.502648E+00    1.508040E+00    1.522738E+00
    1.501415E+00    1.501417E+00    1.501585E+00    1.502797E+00    1.508600E+00    1.524420E+00
    1.501468E+00    1.501469E+00    1.501651E+00    1.502955E+00    1.509201E+00    1.526227E+00
    1.501523E+00    1.501524E+00    1.501719E+00    1.503124E+00    1.509846E+00    1.528169E+00
    1.501579E+00    1.501581E+00    1.501791E+00    1.503303E+00    1.510538E+00    1.530257E+00
    1.501638E+00    1.501640E+00    1.501866E+00    1.503493E+00    1.511280E+00    1.532502E+00
    1.501699E+00    1.501702E+00    1.501945E+00    1.503696E+00    1.512076E+00    1.534915E+00
    1.501763E+00    1.501765E+00    1.502027E+00    1.503911E+00    1.512931E+00    1.537510E+00
    1.501829E+00    1.501831E+00    1.502113E+00    1.504141E+00    1.513848E+00    1.540298E+00
    1.501897E+00    1.501900E+00    1.502203E+00    1.504385E+00    1.514832E+00    1.543297E+00
    1.501968E+00    1.501971E+00    1.502297E+00    1.504646E+00    1.515889E+00    1.546520E+00
    1.502041E+00    1.502044E+00    1.502395E+00    1.504923E+00    1.517023E+00    1.549985E+00
    1.502117E+00    1.502120E+00    1.502498E+00    1.505219E+00    1.518240E+00    1.553709E+00
    1.502196E+00    1.502200E+00    1.502606E+00    1.505534E+00    1.519547E+00    1.557714E+00
    1.502277E+00    1.502282E+00    1.502719E+00    1.505870E+00    1.520950E+00    1.562019E+00
    1.502362E+00    1.502367E+00    1.502837E+00    1.506229E+00    1.522457E+00    1.566647E+00
    1.502450E+00    1.502455E+00    1.502961E+00    1.506611E+00    1.524074E+00    1.571622E+00
    1.502541E+00    1.502547E+00    1.503092E+00    1.507019E+00    1.525811E+00    1.576970E+00
    1.502636E+00    1.502641E+00    1.503228E+00    1.507454E+00    1.527676E+00    1.582719E+00
    1.502734E+00    1.502740E+00    1.503371E+00    1.507919E+00    1.529679E+00    1.588899E+00
    1.502835E+00    1.502842E+00    1.503521E+00    1.508415E+00    1.531829E+00    1.595543E+00
    1.502941E+00    1.502948E+00    1.503679E+00    1.508945E+00    1.534139E+00    1.602683E+00
    1.503050E+00    1.503057E+00    1.503844E+00    1.509511E+00    1.536620E+00    1.610359E+00
    1.503163E+00    1.503171E+00    1.504017E+00    1.510116E+00    1.539284E+00    1.618609E+00
    1.503280E+00    1.503289E+00    1.504200E+00    1.510762E+00    1.542145E+00    1.627476E+00
    1.503402E+00    1.503411E+00    1.504391E+00    1.511452E+00    1.545218E+00    1.637006E+00
    1.503528E+00    1.503538E+00    1.504593E+00    1.512190E+00    1.548519E+00    1.647248E+00
    1.503659E+00    1.503670E+00    1.504804E+00    1.512978E+00    1.552064E+00    1.658255E+00
    1.503794E+00    1.503806E+00    1.505027E+00    1.513822E+00    1.555871E+00    1.670082E+00
    1.503935E+00    1.503947E+00    1.505261E+00    1.514723E+00    1.559961E+00    1.682791E+00
    1.504080E+00    1.504094E+00    1.505507E+00    1.515688E+00    1.564353E+00    1.696447E+00
    1.504231E+00    1.504245E+00    1.505766E+00    1.516719E+00    1.569071E+00    1.711119E+00
    1.504387E+00    1.504403E+00    1.506039E+00    1.517823E+00    1.574139E+00    1.726881E+00
    1.504549E+00    1.504566E+00    1.506326E+00    1.519004E+00    1.579581E+00    1.743812E+00
    1.504717E+00    1.504735E+00    1.506628E+00    1.520267E+00    1.585427E+00    1.762000E+00
    1.504891E+00    1.504910E+00    1.506947E+00    1.521620E+00    1.591705E+00    1.781533E+00
    1.505071E+00    1.505092E+00    1.507283E+00    1.523067E+00    1.598448E+00    1.802511E+00
    1.505258E+00    1.505280E+00    1.507637E+00    1.524616E+00    1.605690E+00    1.825037E+00
    1.505451E+00    1.505475E+00    1.508011E+00    1.526275E+00    1.613467E+00    1.849223E+00
    1.505651E+00    1.505678E+00    1.508405E+00    1.528050E+00    1.621818E+00    1.875188E+00
    1.505859E+00    1.505887E+00    1.508821E+00    1.529952E+00    1.630787E+00    1.903060E+00
    1.506074E+00    1.506104E+00    1.509260E+00    1.531988E+00    1.640417E+00    1.932973E+00
    1.506297E+00    1.506329E+00    1.509724E+00    1.534168E+00    1.650758E+00    1.965074E+00
    1.506527E+00    1.506562E+00    1.510213E+00    1.536504E+00    1.661860E+00    1.999515E+00
    1.506766E+00    1.506804E+00    1.510731E+00    1.539005E+00    1.673780E+00    2.036461E+00
    1.507014E+00    1.507054E+00    1.511277E+00    1.541684E+00    1.686577E+00    2.076088E+00
    1.507270E+00    1.507314E+00    1.511855E+00    1.544554E+00    1.700314E+00    2.118580E+00
    1.507535E+00    1.507582E+00    1.512467E+00    1.547629E+00    1.715059E+00    2.164137E+00
    1.507810E+00    1.507860E+00    1.513113E+00    1.550923E+00    1.730884E+00    2.212967E+00
    1.508095E+00    1.508149E+00    1.513797E+00    1.554451E+00    1.747868E+00    2.265293E+00
    1.508389E+00    1.508447E+00    1.514521E+00    1.558232E+00    1.766094E+00    2.321351E+00
    1.508694E+00    1.508756E+00    1.515287E+00    1.562282E+00    1.785649E+00    2.381390E+00
    1.509009E+00    1.509076E+00    1.516098E+00    1.566622E+00    1.806629E+00    2.445674E+00
    1.509336E+00    1.509408E+00    1.516957E+00    1.571272E+00    1.829134E+00    2.514483E+00
    1.509674E+00    1.509751E+00    1.517868E+00    1.576254E+00    1.853273E+00    2.588108E+00
    1.510023E+00    1.510107E+00    1.518832E+00    1.581592E+00    1.879160E+00    2.666859E+00
    1.510385E+00    1.510475E+00    1.519855E+00    1.587312E+00    1.906918E+00    2.751060E+00
    1.510759E+00    1.510856E+00    1.520939E+00    1.593440E+00    1.936676E+00    2.841053E+00
    1.511147E+00    1.511250E+00    1.522088E+00    1.600005E+00    1.968575E+00    2.937191E+00
    1.511547E+00    1.511659E+00    1.523307E+00    1.607039E+00    2.002760E+00    3.039849E+00
    1.511962E+00    1.512081E+00    1.524601E+00    1.614576E+00    2.039390E+00    3.149411E+00
    1.512390E+00    1.512519E+00    1.525973E+00    1.622649E+00    2.078630E+00    3.266282E+00
    1.512833E+00    1.512971E+00    1.527430E+00    1.631298E+00    2.120658E+00    3.390875E+00
    1.513291E+00    1.513440E+00    1.528976E+00    1.640563E+00    2.165660E+00    3.523623E+00
    1.513764E+00    1.513924E+00    1.530618E+00    1.650488E+00    2.213835E+00    3.664965E+00
    1.514254E+00    1.514426E+00    1.532362E+00    1.661117E+00    2.265394E+00    3.815353E+00
    1.514760E+00    1.514944E+00    1.534214E+00    1.672501E+00    2.320557E+00    3.975249E+00
    1.515282E+00    1.515481E+00    1.536181E+00    1.684692E+00    2.379560E+00    4.145118E+00
    1.515822E+00    1.516035E+00    1.538272E+00    1.697747E+00    2.442649E+00    4.325430E+00
    1.516380E+00    1.516609E+00    1.540493E+00    1.711725E+00    2.510083E+00    4.516653E+00
    1.516957E+00    1.517202E+00    1.542854E+00    1.726689E+00    2.582137E+00    4.719253E+00
    1.517552E+00    1.517816E+00    1.545364E+00    1.742708E+00    2.659097E+00    4.933685E+00
    1.518166E+00    1.518450E+00    1.548032E+00    1.759853E+00    2.741264E+00    5.160390E+00
    1.518801E+00    1.519105E+00    1.550869E+00    1.778202E+00    2.828951E+00    5.399791E+00
    1.519456E+00    1.519782E+00    1.553886E+00    1.797836E+00    2.922486E+00    5.652280E+00
    1.520132E+00    1.520482E+00    1.557094E+00    1.818841E+00    3.022211E+00    5.918218E+00
    1.520829E+00    1.521205E+00    1.560505E+00    1.841311E+00    3.128480E+00    6.197921E+00
    1.521548E+00    1.521953E+00    1.564134E+00    1.865342E+00    3.241659E+00    6.491654E+00
    1.522291E+00    1.522724E+00    1.567995E+00    1.891039E+00    3.362128E+00    6.799619E+00
    1.523056E+00    1.523521E+00    1.572101E+00    1.918512E+00    3.490276E+00    7.121947E+00
    1.523845E+00    1.524345E+00    1.576470E+00    1.947876E+00    3.626503E+00    7.458685E+00
    1.524659E+00    1.525195E+00    1.581117E+00    1.979257E+00    3.771217E+00    7.809785E+00
    1.525497E+00    1.526072E+00    1.586062E+00    2.012783E+00    3.924833E+00    8.175092E+00
    1.526361E+00    1.526978E+00    1.591323E+00    2.048593E+00    4.087769E+00    8.554335E+00
    1.527251E+00    1.527912E+00    1.596921E+00    2.086833E+00    4.260446E+00    8.947109E+00
    1.528167E+00    1.528877E+00    1.602877E+00    2.127655E+00    4.443286E+00    9.352873E+00
    1.529111E+00    1.529872E+00    1.609213E+00    2.171223E+00    4.636704E+00    9.770934E+00
    1.530082E+00    1.530898E+00    1.615955E+00    2.217706E+00    4.841109E+00    1.020044E+01
    1.531082E+00    1.531957E+00    1.623128E+00    2.267283E+00    5.056896E+00    1.064039E+01
    1.532110E+00    1.533048E+00    1.630759E+00    2.320143E+00    5.284445E+00    1.108960E+01
    1.533168E+00    1.534173E+00    1.638877E+00    2.376483E+00    5.524112E+00    1.154673E+01
    1.534256E+00    1.535333E+00    1.647512E+00    2.436509E+00    5.776227E+00    1.201030E+01
    1.535375E+00    1.536528E+00    1.656698E+00    2.500437E+00    6.041084E+00    1.247866E+01
    1.536524E+00    1.537760E+00    1.666467E+00    2.568494E+00    6.318935E+00    1.295006E+01
    1.537705E+00    1.539028E+00    1.676857E+00    2.640913E+00    6.609986E+00    1.342265E+01
    1.538917E+00    1.540335E+00    1.687906E+00    2.717941E+00    6.914384E+00    1.389452E+01
    1.540162E+00    1.541680E+00    1.699653E+00    2.799831E+00    7.232214E+00    1.436373E+01
    1.541440E+00    1.543065E+00    1.712142E+00    2.886846E+00    7.563486E+00    1.482838E+01
    1.542751E+00    1.544491E+00    1.725418E+00    2.979260E+00    7.908131E+00    1.528667E+01
    1.544096E+00    1.545958E+00    1.739528E+00    3.077352E+00    8.265992E+00    1.573697E+01
    1.545475E+00    1.547468E+00    1.754522E+00    3.181413E+00    8.636813E+00    1.617787E+01
    1.546889E+00    1.549020E+00    1.770452E+00    3.291739E+00    9.020237E+00    1.660828E+01
    1.548337E+00    1.550617E+00    1.787375E+00    3.408633E+00    9.415797E+00    1.702753E+01
    1.549820E+00    1.552259E+00    1.805348E+00    3.532406E+00    9.822911E+00    1.743539E+01
    1.551339E+00    1.553946E+00    1.824433E+00    3.663372E+00    1.024088E+01    1.783219E+01
    1.552893E+00    1.555680E+00    1.844695E+00    3.801849E+00    1.066889E+01    1.821885E+01
    1.554483E+00    1.557462E+00    1.866200E+00    3.948158E+00    1.110600E+01    1.859692E+01
    1.556109E+00    1.559292E+00    1.889019E+00    4.102620E+00    1.155118E+01    1.896858E+01
    1.557771E+00    1.561172E+00    1.913227E+00    4.265557E+00    1.200327E+01    1.933662E+01
    1.559469E+00    1.563102E+00    1.938902E+00    4.437286E+00    1.246105E+01    1.970438E+01
    1.561204E+00    1.565082E+00    1.966124E+00    4.618121E+00    1.292321E+01    2.007562E+01
    1.562974E+00    1.567115E+00    1.994980E+00    4.808367E+00    1.338840E+01    2.045440E+01
    1.564781E+00    1.569201E+00    2.025557E+00    5.008321E+00    1.385525E+01    2.084484E+01
    1.566623E+00    1.571340E+00    2.057949E+00    5.218266E+00    1.432239E+01    2.125093E+01
    1.568501E+00    1.573534E+00    2.092252E+00    5.438470E+00    1.478851E+01    2.167626E+01
    1.570415E+00    1.575783E+00    2.128566E+00    5.669183E+00    1.525241E+01    2.212375E+01
    1.572364E+00    1.578089E+00    2.166996E+00    5.910633E+00    1.571300E+01    2.259543E+01
    1.574349E+00    1.580451E+00    2.207652E+00    6.163023E+00    1.616941E+01    2.309225E+01
    1.576368E+00    1.582872E+00    2.250646E+00    6.426526E+00    1.662100E+01    2.361391E+01
    1.578421E+00    1.585351E+00    2.296095E+00    6.701287E+00    1.706741E+01    2.415892E+01
    1.580508E+00    1.587890E+00    2.344120E+00    6.987412E+00    1.750865E+01    2.472464E+01
    1.582628E+00    1.590490E+00    2.394848E+00    7.284970E+00    1.794508E+01    2.530755E+01
    1.584780E+00    1.593152E+00    2.448409E+00    7.593988E+00    1.837748E+01    2.590365E+01
    1.586965E+00    1.595875E+00    2.504935E+00    7.914450E+00    1.880709E+01    2.650890E+01
    1.589181E+00    1.598662E+00    2.564566E+00    8.246292E+00    1.923554E+01    2.711982E+01
    1.591427E+00    1.601514E+00    2.627444E+00    8.589400E+00    1.966491E+01    2.773399E+01
    1.593702E+00    1.604430E+00    2.693714E+00    8.943613E+00    2.009766E+01    2.835056E+01
    1.596007E+00    1.607412E+00    2.763529E+00    9.308716E+00    2.053655E+01    2.897050E+01
    1.598339E+00    1.610462E+00    2.837041E+00    9.684446E+00    2.098460E+01    2.959669E+01
    1.600697E+00    1.613579E+00    2.914408E+00    1.007049E+01    2.144494E+01    3.023358E+01
    1.603082E+00    1.616766E+00    2.995793E+00    1.046649E+01    2.192071E+01    3.088672E+01
    1.605491E+00    1.620023E+00    3.081359E+00    1.087203E+01    2.241491E+01    3.156190E+01
    1.607923E+00    1.623351E+00    3.171276E+00    1.128668E+01    2.293022E+01    3.226423E+01
    1.610377E+00    1.626751E+00    3.265713E+00    1.170997E+01    2.346893E+01    3.299727E+01
    1.612853E+00    1.630226E+00    3.364845E+00    1.214140E+01    2.403274E+01    3.376242E+01
    1.615347E+00    1.633775E+00    3.468849E+00    1.258045E+01    2.462267E+01    3.455868E+01
    1.617860E+00    1.637400E+00    3.577903E+00    1.302662E+01    2.523902E+01    3.538305E+01
    1.620390E+00    1.641103E+00    3.692187E+00    1.347939E+01    2.588137E+01    3.623133E+01
    1.622935E+00    1.644884E+00    3.811884E+00    1.393829E+01    2.654861E+01    3.709947E+01
    1.625494E+00    1.648746E+00    3.937177E+00    1.440289E+01    2.723904E+01    3.798477E+01
    1.628066E+00    1.652691E+00    4.068252E+00    1.487279E+01    2.795062E+01    3.888700E+01
    1.630648E+00    1.656719E+00    4.205292E+00    1.534769E+01    2.868116E+01    3.980873E+01
    1.633240E+00    1.660833E+00    4.348485E+00    1.582738E+01    2.942860E+01    4.075493E+01
    1.635839E+00    1.665034E+00    4.498016E+00    1.631174E+01    3.019130E+01    4.173172E+01
    1.638445E+00    1.669324E+00    4.654069E+00    1.680081E+01    3.096834E+01    4.274471E+01
    1.641055E+00    1.673706E+00    4.816831E+00    1.729474E+01    3.175965E+01    4.379747E+01
    1.643668E+00    1.678183E+00    4.986483E+00    1.779385E+01    3.256624E+01    4.489064E+01
    1.646283E+00    1.682755E+00    5.163208E+00    1.829865E+01    3.339011E+01    4.602215E+01
    1.648897E+00    1.687426E+00    5.347187E+00    1.880979E+01    3.423421E+01    4.718862E+01
    1.651509E+00    1.692198E+00    5.538598E+00    1.932813E+01    3.510211E+01    4.838722E+01
    1.654118E+00    1.697075E+00    5.737617E+00    1.985470E+01    3.599774E+01    4.961748E+01
    1.656722E+00    1.702059E+00    5.944418E+00    2.039070E+01    3.692488E+01    5.088203E+01
    1.659319E+00    1.707153E+00    6.159172E+00    2.093751E+01    3.788684E+01    5.218589E+01
    1.661928E+00    1.712380E+00    6.382047E+00    2.149666E+01    3.888603E+01    5.353474E+01
   -1.621553E+01   -6.895958E+00    6.203787E+00    2.214673E+01    3.802476E+01    5.245259E+01
    1.579170E+00    1.669621E+00    6.217402E+00    2.108930E+01    3.814749E+01    5.253854E+01
    1.659978E+00    1.709037E+00    6.246626E+00    2.115784E+01    3.827875E+01    5.271544E+01
    1.660708E+00    1.709913E+00    6.276062E+00    2.123169E+01    3.841071E+01    5.289358E+01
    1.661052E+00    1.710604E+00    6.305643E+00    2.130580E+01    3.854334E+01    5.307256E+01
    1.661394E+00    1.711296E+00    6.335367E+00    2.138015E+01    3.867664E+01    5.325238E+01
    1.661736E+00    1.711990E+00    6.365236E+00    2.145473E+01    3.881061E+01    5.343306E+01
    1.662078E+00    1.712687E+00    6.395249E+00    2.152956E+01    3.894526E+01    5.361460E+01
    1.662419E+00    1.713385E+00    6.425408E+00    2.160463E+01    3.908058E+01    5.379700E+01
    1.662760E+00    1.714085E+00    6.455712E+00    2.167995E+01    3.921658E+01    5.398028E+01
    1.663101E+00    1.714787E+00    6.486162E+00    2.175553E+01    3.935327E+01    5.416443E+01
    1.663442E+00    1.715491E+00    6.516759E+00    2.183136E+01    3.949063E+01    5.434947E+01
    1.663782E+00    1.716198E+00    6.547502E+00    2.190746E+01    3.962868E+01    5.453539E+01
    1.664123E+00    1.716906E+00    6.578392E+00    2.198382E+01    3.976740E+01    5.472219E+01
    1.664462E+00    1.717616E+00    6.609429E+00    2.206045E+01    3.990681E+01    5.490989E+01
    1.664802E+00    1.718329E+00    6.640614E+00    2.213736E+01    4.004690E+01    5.509847E+01
    1.665141E+00    1.719043E+00    6.671948E+00    2.221454E+01    4.018766E+01    5.528794E+01
    1.665480E+00    1.719759E+00    6.703430E+00    2.229201E+01    4.032911E+01    5.547830E+01
    1.665819E+00    1.720478E+00    6.735061E+00    2.236977E+01    4.047123E+01    5.566954E+01
    1.666157E+00    1.721198E+00    6.766841E+00    2.244781E+01    4.061403E+01    5.586166E+01
    1.666495E+00    1.721920E+00    6.798770E+00    2.252615E+01    4.075750E+01    5.605466E+01
    1.666832E+00    1.722645E+00    6.830850E+00    2.260480E+01    4.090164E+01    5.624852E+01
    1.667169E+00    1.723371E+00    6.863080E+00    2.268374E+01    4.104645E+01    5.644326E+01
    1.667505E+00    1.724099E+00    6.895461E+00    2.276299E+01    4.119193E+01    5.663886E+01
    1.667841E+00    1.724829E+00    6.927993E+00    2.284256E+01    4.133807E+01    5.683532E+01
    1.668177E+00    1.725561E+00    6.960676E+00    2.292244E+01    4.148487E+01    5.703264E+01
    1.668511E+00    1.726295E+00    6.993512E+00    2.300264E+01    4.163233E+01    5.723080E+01
    1.668846E+00    1.727031E+00    7.026499E+00    2.308317E+01    4.178045E+01    5.742980E+01
    1.669179E+00    1.727769E+00    7.059639E+00    2.316402E+01    4.192922E+01    5.762965E+01
    1.669512E+00    1.728508E+00    7.092933E+00    2.324521E+01    4.207863E+01    5.783032E+01
    1.669845E+00    1.729250E+00    7.126379E+00    2.332674E+01    4.222869E+01    5.803183E+01
    1.670176E+00    1.729993E+00    7.159979E+00    2.340861E+01    4.237939E+01    5.823416E+01
    1.670507E+00    1.730738E+00    7.193733E+00    2.349082E+01    4.253073E+01    5.843731E+01
    1.670838E+00    1.731485E+00    7.227642E+00    2.357339E+01    4.268271E+01    5.864128E+01
    1.671167E+00    1.732233E+00    7.261705E+00    2.365631E+01    4.283531E+01    5.884607E+01
    1.671496E+00    1.732984E+00    7.295924E+00    2.373958E+01    4.298855E+01    5.905167E+01
    1.671823E+00    1.733736E+00    7.330298E+00    2.382323E+01    4.314241E+01    5.925810E+01
    1.672150E+00    1.734490E+00    7.364828E+00    2.390724E+01    4.329689E+01    5.946533E+01
    1.672476E+00    1.735245E+00    7.399514E+00    2.399162E+01    4.345199E+01    5.967339E+01
    1.672801E+00    1.736003E+00    7.434357E+00    2.407637E+01    4.360771E+01    5.988226E+01
    1.673125E+00    1.736762E+00    7.469357E+00    2.416151E+01    4.376404E+01    6.009196E+01
    1.673448E+00    1.737522E+00    7.504514E+00    2.424703E+01    4.392098E+01    6.030248E+01
    1.673770E+00    1.738284E+00    7.539829E+00    2.433294E+01    4.407853E+01    6.051384E+01
    1.674090E+00    1.739048E+00    7.575302E+00    2.441924E+01    4.423668E+01    6.072604E+01
    1.674410E+00    1.739813E+00    7.610933E+00    2.450593E+01    4.439545E+01    6.093908E+01
    1.674728E+00    1.740580E+00    7.646724E+00    2.459303E+01    4.455481E+01    6.115297E+01
    1.675045E+00    1.741348E+00    7.682673E+00    2.468053E+01    4.471478E+01    6.136772E+01
    1.675360E+00    1.742117E+00    7.718782E+00    2.476844E+01    4.487535E+01    6.158335E+01
    1.675675E+00    1.742888E+00    7.755051E+00    2.485676E+01    4.503652E+01    6.179985E+01
    1.675987E+00    1.743661E+00    7.791480E+00    2.494550E+01    4.519830E+01    6.201724E+01
    1.676299E+00    1.744434E+00    7.828070E+00    2.503465E+01    4.536067E+01    6.223553E+01
    1.676608E+00    1.745209E+00    7.864820E+00    2.512423E+01    4.552365E+01    6.245473E+01
    1.676917E+00    1.745985E+00    7.901733E+00    2.521424E+01    4.568723E+01    6.267485E+01
    1.677223E+00    1.746763E+00    7.938806E+00    2.530468E+01    4.585141E+01    6.289591E+01
    1.677528E+00    1.747541E+00    7.976042E+00    2.539555E+01    4.601619E+01    6.311791E+01
    1.677831E+00    1.748321E+00    8.013441E+00    2.548686E+01    4.618159E+01    6.334087E+01
    1.678132E+00    1.749101E+00    8.051002E+00    2.557862E+01    4.634759E+01    6.356479E+01
    1.678431E+00    1.749883E+00    8.088726E+00    2.567082E+01    4.651421E+01    6.378968E+01
    1.678728E+00    1.750666E+00    8.126614E+00    2.576347E+01    4.668144E+01    6.401557E+01
    1.679023E+00    1.751449E+00    8.164666E+00    2.585657E+01    4.684930E+01    6.424245E+01
    1.679316E+00    1.752233E+00    8.202882E+00    2.595013E+01    4.701777E+01    6.447034E+01
    1.679606E+00    1.753018E+00    8.241263E+00    2.604414E+01    4.718688E+01    6.469925E+01
    1.679895E+00    1.753804E+00    8.279809E+00    2.613863E+01    4.735661E+01    6.492917E+01
    1.680181E+00    1.754590E+00    8.318521E+00    2.623357E+01    4.752698E+01    6.516014E+01
    1.680464E+00    1.755377E+00    8.357398E+00    2.632899E+01    4.769800E+01    6.539213E+01
    1.680745E+00    1.756164E+00    8.396441E+00    2.642488E+01    4.786966E+01    6.562518E+01
    1.681023E+00    1.756952E+00    8.435651E+00    2.652124E+01    4.804198E+01    6.585927E+01
    1.681298E+00    1.757740E+00    8.475028E+00    2.661808E+01    4.821496E+01    6.609442E+01
    1.681571E+00    1.758528E+00    8.514572E+00    2.671541E+01    4.838860E+01    6.633064E+01
    1.681841E+00    1.759317E+00    8.554284E+00    2.681322E+01    4.856292E+01    6.656791E+01
    1.682107E+00    1.760105E+00    8.594164E+00    2.691151E+01    4.873793E+01    6.680625E+01
    1.682371E+00    1.760894E+00    8.634213E+00    2.701030E+01    4.891362E+01    6.704567E+01
    1.682631E+00    1.761682E+00    8.674430E+00    2.710958E+01    4.909000E+01    6.728615E+01
    1.682888E+00    1.762471E+00    8.714817E+00    2.720935E+01    4.926709E+01    6.752771E+01
    1.683141E+00    1.763259E+00    8.755373E+00    2.730963E+01    4.944489E+01    6.777034E+01
    1.683391E+00    1.764047E+00    8.796099E+00    2.741040E+01    4.962342E+01    6.801405E+01
    1.683638E+00    1.764835E+00    8.836995E+00    2.751168E+01    4.980267E+01    6.825884E+01
    1.683880E+00    1.765622E+00    8.878063E+00    2.761346E+01    4.998265E+01    6.850471E+01
    1.684119E+00    1.766409E+00    8.919301E+00    2.771575E+01    5.016338E+01    6.875165E+01
    1.684354E+00    1.767195E+00    8.960711E+00    2.781855E+01    5.034487E+01    6.899968E+01
    1.684585E+00    1.767980E+00    9.002293E+00    2.792187E+01    5.052711E+01    6.924879E+01
    1.684812E+00    1.768765E+00    9.044047E+00    2.802569E+01    5.071012E+01    6.949898E+01
    1.685034E+00    1.769548E+00    9.085974E+00    2.813004E+01    5.089391E+01    6.975026E+01
    1.685252E+00    1.770331E+00    9.128074E+00    2.823490E+01    5.107849E+01    7.000263E+01
    1.685466E+00    1.771113E+00    9.170348E+00    2.834029E+01    5.126386E+01    7.025609E+01
    1.685675E+00    1.771894E+00    9.212796E+00    2.844619E+01    5.145003E+01    7.051064E+01
    1.685880E+00    1.772673E+00    9.255417E+00    2.855262E+01    5.163700E+01    7.076629E+01
    1.686080E+00    1.773452E+00    9.298214E+00    2.865958E+01    5.182480E+01    7.102303E+01
    1.686275E+00    1.774229E+00    9.341186E+00    2.876706E+01    5.201341E+01    7.128089E+01
    1.686466E+00    1.775005E+00    9.384333E+00    2.887508E+01    5.220286E+01    7.153985E+01
    1.686651E+00    1.775779E+00    9.427656E+00    2.898362E+01    5.239314E+01    7.179992E+01
    1.686832E+00    1.776552E+00    9.471155E+00    2.909270E+01    5.258427E+01    7.206112E+01
    1.687007E+00    1.777324E+00    9.514831E+00    2.920231E+01    5.277624E+01    7.232343E+01
    1.687178E+00    1.778094E+00    9.558684E+00    2.931246E+01    5.296907E+01    7.258688E+01
    1.687343E+00    1.778863E+00    9.602714E+00    2.942314E+01    5.316276E+01    7.285147E+01
    1.687503E+00    1.779629E+00    9.646923E+00    2.953436E+01    5.335732E+01    7.311720E+01
    1.687657E+00    1.780395E+00    9.691309E+00    2.964612E+01    5.355275E+01    7.338407E+01
    1.687807E+00    1.781158E+00    9.735874E+00    2.975842E+01    5.374905E+01    7.365211E+01
    1.687951E+00    1.781920E+00    9.780619E+00    2.987126E+01    5.394624E+01    7.392130E+01
    1.688089E+00    1.782681E+00    9.825542E+00    2.998464E+01    5.414431E+01    7.419166E+01
    1.688222E+00    1.783439E+00    9.870646E+00    3.009857E+01    5.434327E+01    7.446319E+01
    1.688350E+00    1.784196E+00    9.915930E+00    3.021304E+01    5.454313E+01    7.473591E+01
    1.688472E+00    1.784951E+00    9.961394E+00    3.032805E+01    5.474388E+01    7.500981E+01
    1.688589E+00    1.785705E+00    1.000704E+01    3.044361E+01    5.494553E+01    7.528490E+01
    1.688700E+00    1.786457E+00    1.005287E+01    3.055972E+01    5.514808E+01    7.556118E+01
    1.688806E+00    1.787207E+00    1.009888E+01    3.067637E+01    5.535154E+01    7.583868E+01
    1.688906E+00    1.787955E+00    1.014507E+01    3.079357E+01    5.555592E+01    7.611737E+01
    1.689001E+00    1.788702E+00    1.019144E+01    3.091132E+01    5.576120E+01    7.639729E+01
    1.689090E+00    1.789448E+00    1.023800E+01    3.102961E+01    5.596740E+01    7.667842E+01
    1.689174E+00    1.790192E+00    1.028474E+01    3.114846E+01    5.617451E+01    7.696078E+01
    1.689253E+00    1.790934E+00    1.033166E+01    3.126786E+01    5.638255E+01    7.724437E+01
    1.689326E+00    1.791675E+00    1.037877E+01    3.138781E+01    5.659150E+01    7.752920E+01
    1.689394E+00    1.792415E+00    1.042606E+01    3.150830E+01    5.680139E+01    7.781527E+01
    1.689456E+00    1.793153E+00    1.047354E+01    3.162935E+01    5.701220E+01    7.810258E+01
    1.689513E+00    1.793890E+00    1.052120E+01    3.175096E+01    5.722394E+01    7.839115E+01
    1.689566E+00    1.794627E+00    1.056905E+01    3.187311E+01    5.743661E+01    7.868098E+01
    1.689613E+00    1.795362E+00    1.061709E+01    3.199582E+01    5.765022E+01    7.897208E+01
    1.689655E+00    1.796096E+00    1.066531E+01    3.211908E+01    5.786477E+01    7.926444E+01
    1.689692E+00    1.796829E+00    1.071372E+01    3.224289E+01    5.808026E+01    7.955808E+01
    1.689724E+00    1.797561E+00    1.076231E+01    3.236726E+01    5.829669E+01    7.985301E+01
    1.689751E+00    1.798293E+00    1.081110E+01    3.249219E+01    5.851408E+01    8.014923E+01
    1.689773E+00    1.799024E+00    1.086007E+01    3.261766E+01    5.873241E+01    8.044675E+01
    1.689791E+00    1.799754E+00    1.090923E+01    3.274370E+01    5.895170E+01    8.074556E+01
    1.689804E+00    1.800485E+00    1.095858E+01    3.287029E+01    5.917195E+01    8.104569E+01
    1.689813E+00    1.801215E+00    1.100812E+01    3.299744E+01    5.939316E+01    8.134714E+01
    1.689817E+00    1.801944E+00    1.105785E+01    3.312514E+01    5.961534E+01    8.164990E+01
    1.689817E+00    1.802674E+00    1.110777E+01    3.325340E+01    5.983849E+01    8.195400E+01
    1.689813E+00    1.803404E+00    1.115788E+01    3.338222E+01    6.006261E+01    8.225943E+01
    1.689805E+00    1.804134E+00    1.120818E+01    3.351160E+01    6.028772E+01    8.256620E+01
    1.689793E+00    1.804864E+00    1.125867E+01    3.364154E+01    6.051381E+01    8.287432E+01
    1.689776E+00    1.805595E+00    1.130935E+01    3.377204E+01    6.074089E+01    8.318379E+01
    1.689756E+00    1.806326E+00    1.136023E+01    3.390310E+01    6.096897E+01    8.349461E+01
    1.689733E+00    1.807058E+00    1.141130E+01    3.403472E+01    6.119804E+01    8.380681E+01
    1.689705E+00    1.807791E+00    1.146256E+01    3.416691E+01    6.142812E+01    8.412037E+01
    1.689675E+00    1.808525E+00    1.151402E+01    3.429966E+01    6.165921E+01    8.443530E+01
    1.689640E+00    1.809259E+00    1.156567E+01    3.443298E+01    6.189132E+01    8.475162E+01
    1.689603E+00    1.809995E+00    1.161751E+01    3.456686E+01    6.212445E+01    8.506932E+01
    1.689562E+00    1.810733E+00    1.166955E+01    3.470131E+01    6.235860E+01    8.538841E+01
    1.689519E+00    1.811471E+00    1.172179E+01    3.483632E+01    6.259378E+01    8.570890E+01
    1.689472E+00    1.812212E+00    1.177422E+01    3.497191E+01    6.283000E+01    8.603080E+01
    1.689423E+00    1.812954E+00    1.182684E+01    3.510807E+01    6.306727E+01    8.635410E+01
    1.689371E+00    1.813697E+00    1.187967E+01    3.524480E+01    6.330557E+01    8.667882E+01
    1.689316E+00    1.814443E+00    1.193269E+01    3.538211E+01    6.354493E+01    8.700495E+01
    1.689258E+00    1.815191E+00    1.198591E+01    3.551999E+01    6.378535E+01    8.733252E+01
    1.689199E+00    1.815941E+00    1.203932E+01    3.565845E+01    6.402682E+01    8.766152E+01
    1.689137E+00    1.816694E+00    1.209294E+01    3.579749E+01    6.426936E+01    8.799196E+01
    1.689073E+00    1.817449E+00    1.214675E+01    3.593711E+01    6.451298E+01    8.832385E+01
    1.689006E+00    1.818206E+00    1.220077E+01    3.607731E+01    6.475766E+01    8.865719E+01
    1.688938E+00    1.818967E+00    1.225498E+01    3.621810E+01    6.500343E+01    8.899200E+01
    1.688868E+00    1.819730E+00    1.230940E+01    3.635947E+01    6.525028E+01    8.932827E+01
    1.688796E+00    1.820496E+00    1.236402E+01    3.650144E+01    6.549822E+01    8.966603E+01
    1.688722E+00    1.821265E+00    1.241884E+01    3.664400E+01    6.574726E+01    9.000527E+01
    1.688647E+00    1.822037E+00    1.247386E+01    3.678715E+01    6.599739E+01    9.034600E+01
    1.688571E+00    1.822813E+00    1.252908E+01    3.693090E+01    6.624863E+01    9.068824E+01
    1.688492E+00    1.823592E+00    1.258451E+01    3.707525E+01    6.650097E+01    9.103198E+01
    1.688413E+00    1.824375E+00    1.264014E+01    3.722020E+01    6.675443E+01    9.137724E+01
    1.688333E+00    1.825161E+00    1.269598E+01    3.736576E+01    6.700900E+01    9.172403E+01
    1.688251E+00    1.825952E+00    1.275202E+01    3.751193E+01    6.726469E+01    9.207235E+01
    1.688168E+00    1.826746E+00    1.280826E+01    3.765870E+01    6.752151E+01    9.242220E+01
    1.688084E+00    1.827544E+00    1.286472E+01    3.780609E+01    6.777946E+01    9.277360E+01
    1.688000E+00    1.828346E+00    1.292138E+01    3.795410E+01    6.803855E+01    9.312656E+01
    1.687915E+00    1.829153E+00    1.297825E+01    3.810273E+01    6.829878E+01    9.348108E+01
    1.687829E+00    1.829963E+00    1.303532E+01    3.825198E+01    6.856016E+01    9.383717E+01
    1.687742E+00    1.830779E+00    1.309261E+01    3.840185E+01    6.882269E+01    9.419483E+01
    1.687655E+00    1.831598E+00    1.315010E+01    3.855236E+01    6.908638E+01    9.455408E+01
    1.687568E+00    1.832423E+00    1.320781E+01    3.870350E+01    6.935123E+01    9.491492E+01
    1.687480E+00    1.833252E+00    1.326572E+01    3.885528E+01    6.961725E+01    9.527736E+01
    1.687392E+00    1.834086E+00    1.332385E+01    3.900770E+01    6.988445E+01    9.564140E+01
    1.687303E+00    1.834925E+00    1.338219E+01    3.916076E+01    7.015284E+01    9.600705E+01
    1.687215E+00    1.835769E+00    1.344074E+01    3.931447E+01    7.042241E+01    9.637433E+01
    1.687126E+00    1.836619E+00    1.349951E+01    3.946883E+01    7.069318E+01    9.674323E+01
    1.687038E+00    1.837473E+00    1.355849E+01    3.962384E+01    7.096515E+01    9.711377E+01
    1.686950E+00    1.838333E+00    1.361768E+01    3.977952E+01    7.123834E+01    9.748595E+01
    1.686861E+00    1.839198E+00    1.367709E+01    3.993586E+01    7.151274E+01    9.785978E+01
    1.686773E+00    1.840069E+00    1.373672E+01    4.009286E+01    7.178836E+01    9.823527E+01
    1.686685E+00    1.840945E+00    1.379656E+01    4.025053E+01    7.206522E+01    9.861243E+01
    1.686598E+00    1.841827E+00    1.385663E+01    4.040888E+01    7.234332E+01    9.899126E+01
    1.686511E+00    1.842715E+00    1.391691E+01    4.056791E+01    7.262266E+01    9.937177E+01
    1.686424E+00    1.843608E+00    1.397741E+01    4.072761E+01    7.290325E+01    9.975398E+01
    1.686338E+00    1.844508E+00    1.403813E+01    4.088801E+01    7.318511E+01    1.001379E+02
    1.686253E+00    1.845413E+00    1.409908E+01    4.104909E+01    7.346823E+01    1.005235E+02
    1.686168E+00    1.846325E+00    1.416024E+01    4.121086E+01    7.375263E+01    1.009108E+02
    1.686083E+00    1.847243E+00    1.422163E+01    4.137333E+01    7.403830E+01    1.012999E+02
    1.686000E+00    1.848167E+00    1.428325E+01    4.153651E+01    7.432527E+01    1.016906E+02
    1.685917E+00    1.849098E+00    1.434508E+01    4.170039E+01    7.461353E+01    1.020832E+02
    1.685835E+00    1.850034E+00    1.440715E+01    4.186497E+01    7.490310E+01    1.024774E+02
    1.685754E+00    1.850978E+00    1.446944E+01    4.203027E+01    7.519397E+01    1.028734E+02
    1.685674E+00    1.851928E+00    1.453196E+01    4.219629E+01    7.548615E+01    1.032712E+02
    1.685595E+00    1.852884E+00    1.459471E+01    4.236303E+01    7.577966E+01    1.036707E+02
    1.685517E+00    1.853847E+00    1.465768E+01    4.253049E+01    7.607450E+01    1.040721E+02
    1.685440E+00    1.854817E+00    1.472089E+01    4.269868E+01    7.637067E+01    1.044752E+02
    1.685364E+00    1.855794E+00    1.478433E+01    4.286760E+01    7.666818E+01    1.048801E+02
    1.685290E+00    1.856778E+00    1.484800E+01    4.303726E+01    7.696703E+01    1.052868E+02
    1.685216E+00    1.857769E+00    1.491190E+01    4.320765E+01    7.726724E+01    1.056953E+02
    1.685144E+00    1.858767E+00    1.497604E+01    4.337879E+01    7.756880E+01    1.061056E+02
    1.685073E+00    1.859772E+00    1.504042E+01    4.355068E+01    7.787173E+01    1.065178E+02
    1.685003E+00    1.860784E+00    1.510503E+01    4.372331E+01    7.817602E+01    1.069318E+02
    1.684935E+00    1.861803E+00    1.516988E+01    4.389670E+01    7.848169E+01    1.073477E+02
    1.684868E+00    1.862829E+00    1.523497E+01    4.407085E+01    7.878874E+01    1.077654E+02
    1.684802E+00    1.863863E+00    1.530030E+01    4.424576E+01    7.909717E+01    1.081850E+02
    1.684532E+00    1.868491E+00    1.558996E+01    4.502270E+01    8.046772E+01    1.100493E+02
    1.684292E+00    1.873266E+00    1.588436E+01    4.581469E+01    8.186556E+01    1.119507E+02
    1.684084E+00    1.878194E+00    1.618362E+01    4.662203E+01    8.329124E+01    1.138898E+02
    1.683911E+00    1.883278E+00    1.648784E+01    4.744501E+01    8.474532E+01    1.158675E+02
    1.683773E+00    1.888524E+00    1.679713E+01    4.828396E+01    8.622843E+01    1.178846E+02
    1.683673E+00    1.893933E+00    1.711163E+01    4.913919E+01    8.774123E+01    1.199418E+02
    1.683610E+00    1.899511E+00    1.743146E+01    5.001105E+01    8.928439E+01    1.220402E+02
    1.683587E+00    1.905261E+00    1.775675E+01    5.089990E+01    9.085860E+01    1.241804E+02
    1.683603E+00    1.911185E+00    1.808764E+01    5.180613E+01    9.246451E+01    1.263636E+02
    1.683658E+00    1.917288E+00    1.842429E+01    5.273013E+01    9.410283E+01    1.285906E+02
    1.683753E+00    1.923571E+00    1.876683E+01    5.367233E+01    9.577426E+01    1.308623E+02
    1.683888E+00    1.930039E+00    1.911542E+01    5.463317E+01    9.747953E+01    1.331799E+02
    1.684062E+00    1.936693E+00    1.947023E+01    5.561309E+01    9.921944E+01    1.355441E+02
    1.684276E+00    1.943537E+00    1.983142E+01    5.661254E+01    1.009948E+02    1.379559E+02
    1.684529E+00    1.950573E+00    2.019916E+01    5.763197E+01    1.028063E+02    1.404166E+02
    1.684820E+00    1.957805E+00    2.057362E+01    5.867182E+01    1.046547E+02    1.429270E+02
    1.685149E+00    1.965234E+00    2.095498E+01    5.973252E+01    1.065408E+02    1.454883E+02
    1.685514E+00    1.972863E+00    2.134341E+01    6.081450E+01    1.084653E+02    1.481017E+02
    1.685916E+00    1.980695E+00    2.173910E+01    6.191818E+01    1.104290E+02    1.507681E+02
    1.686354E+00    1.988733E+00    2.214224E+01    6.304397E+01    1.124328E+02    1.534889E+02
    1.686826E+00    1.996979E+00    2.255301E+01    6.419230E+01    1.144776E+02    1.562651E+02
    1.687332E+00    2.005436E+00    2.297160E+01    6.536361E+01    1.165644E+02    1.590980E+02
    1.687870E+00    2.014107E+00    2.339820E+01    6.655835E+01    1.186941E+02    1.619887E+02
    1.688439E+00    2.022994E+00    2.383302E+01    6.777698E+01    1.208676E+02    1.649386E+02
    1.689040E+00    2.032101E+00    2.427623E+01    6.902001E+01    1.230858E+02    1.679490E+02
    1.689669E+00    2.041429E+00    2.472805E+01    7.028795E+01    1.253498E+02    1.710212E+02
    1.690327E+00    2.050983E+00    2.518867E+01    7.158135E+01    1.276605E+02    1.741564E+02
    1.691013E+00    2.060765E+00    2.565828E+01    7.290078E+01    1.300191E+02    1.773561E+02
    1.691724E+00    2.070778E+00    2.613711E+01    7.424683E+01    1.324264E+02    1.806218E+02
    1.692460E+00    2.081025E+00    2.662534E+01    7.562011E+01    1.348835E+02    1.839547E+02
    1.693220E+00    2.091510E+00    2.712320E+01    7.702124E+01    1.373915E+02    1.873564E+02
    1.694003E+00    2.102237E+00    2.763088E+01    7.845085E+01    1.399515E+02    1.908285E+02
    1.694808E+00    2.113208E+00    2.814861E+01    7.990960E+01    1.425646E+02    1.943724E+02
    1.695633E+00    2.124427E+00    2.867661E+01    8.139813E+01    1.452320E+02    1.979897E+02
    1.696477E+00    2.135898E+00    2.921509E+01    8.291710E+01    1.479550E+02    2.016819E+02
    1.697340E+00    2.147625E+00    2.976428E+01    8.446720E+01    1.507348E+02    2.054508E+02
    1.698220E+00    2.159612E+00    3.032442E+01    8.604909E+01    1.535725E+02    2.092980E+02
    1.699117E+00    2.171862E+00    3.089575E+01    8.766347E+01    1.564695E+02    2.132253E+02
    1.700028E+00    2.184380E+00    3.147851E+01    8.931106E+01    1.594270E+02    2.172343E+02
    1.700954E+00    2.197171E+00    3.207295E+01    9.099257E+01    1.624464E+02    2.213268E+02
    1.701893E+00    2.210238E+00    3.267932E+01    9.270874E+01    1.655289E+02    2.255048E+02
    1.702844E+00    2.223587E+00    3.329790E+01    9.446033E+01    1.686760E+02    2.297699E+02
    1.703807E+00    2.237221E+00    3.392895E+01    9.624812E+01    1.718890E+02    2.341242E+02
    1.704780E+00    2.251147E+00    3.457276E+01    9.807291E+01    1.751694E+02    2.385696E+02
    1.705762E+00    2.265369E+00    3.522961E+01    9.993549E+01    1.785187E+02    2.431080E+02
    1.706753E+00    2.279891E+00    3.589979E+01    1.018367E+02    1.819384E+02    2.477415E+02
    1.707751E+00    2.294721E+00    3.658361E+01    1.037773E+02    1.854301E+02    2.524723E+02
    1.708757E+00    2.309862E+00    3.728138E+01    1.057583E+02    1.889953E+02    2.573023E+02
    1.709768E+00    2.325321E+00    3.799342E+01    1.077804E+02    1.926355E+02    2.622338E+02
    1.710785E+00    2.341104E+00    3.872005E+01    1.098445E+02    1.963525E+02    2.672689E+02
    1.711806E+00    2.357216E+00    3.946160E+01    1.119516E+02    2.001479E+02    2.724100E+02
    1.712831E+00    2.373664E+00    4.021841E+01    1.141025E+02    2.040233E+02    2.776593E+02
    1.713859E+00    2.390454E+00    4.099083E+01    1.162983E+02    2.079806E+02    2.830193E+02
    1.714890E+00    2.407592E+00    4.177921E+01    1.185399E+02    2.120216E+02    2.884922E+02
    1.715922E+00    2.425086E+00    4.258391E+01    1.208284E+02    2.161480E+02    2.940807E+02
    1.716956E+00    2.442942E+00    4.340529E+01    1.231648E+02    2.203618E+02    2.997871E+02
    1.717989E+00    2.461167E+00    4.424372E+01    1.255502E+02    2.246648E+02    3.056141E+02
    1.719023E+00    2.479768E+00    4.509957E+01    1.279857E+02    2.290589E+02    3.115644E+02
    1.720056E+00    2.498753E+00    4.597324E+01    1.304723E+02    2.335462E+02    3.176405E+02
    1.721088E+00    2.518130E+00    4.686510E+01    1.330112E+02    2.381287E+02    3.238452E+02
    1.722118E+00    2.537905E+00    4.777556E+01    1.356035E+02    2.428085E+02    3.301814E+02
    1.723146E+00    2.558089E+00    4.870501E+01    1.382504E+02    2.475876E+02    3.366518E+02
    1.724171E+00    2.578687E+00    4.965388E+01    1.409529E+02    2.524682E+02    3.432595E+02
    1.725193E+00    2.599710E+00    5.062257E+01    1.437125E+02    2.574527E+02    3.500074E+02
    1.726212E+00    2.621165E+00    5.161151E+01    1.465302E+02    2.625431E+02    3.568986E+02
    1.727226E+00    2.643062E+00    5.262115E+01    1.494074E+02    2.677419E+02    3.639361E+02
    1.728236E+00    2.665410E+00    5.365193E+01    1.523454E+02    2.730513E+02    3.711233E+02
    1.729242E+00    2.688217E+00    5.470430E+01    1.553454E+02    2.784737E+02    3.784632E+02
    1.730242E+00    2.711494E+00    5.577874E+01    1.584089E+02    2.840117E+02    3.859593E+02
    1.731236E+00    2.735250E+00    5.687572E+01    1.615372E+02    2.896678E+02    3.936149E+02
    1.732225E+00    2.759496E+00    5.799573E+01    1.647316E+02    2.954445E+02    4.014336E+02
    1.733208E+00    2.784241E+00    5.913928E+01    1.679938E+02    3.013445E+02    4.094188E+02
    1.734184E+00    2.809496E+00    6.030689E+01    1.713251E+02    3.073704E+02    4.175743E+02
    1.735154E+00    2.835272E+00    6.149907E+01    1.747271E+02    3.135249E+02    4.259036E+02
    1.736116E+00    2.861580E+00    6.271638E+01    1.782013E+02    3.198109E+02    4.344106E+02
    1.737072E+00    2.888430E+00    6.395936E+01    1.817493E+02    3.262312E+02    4.430992E+02
    1.738020E+00    2.915836E+00    6.522857E+01    1.853727E+02    3.327888E+02    4.519733E+02
    1.738960E+00    2.943807E+00    6.652459E+01    1.890732E+02    3.394866E+02    4.610368E+02
    1.739893E+00    2.972357E+00    6.784802E+01    1.928524E+02    3.463276E+02    4.702941E+02
    1.740818E+00    3.001498E+00    6.919946E+01    1.967120E+02    3.533151E+02    4.797492E+02
    1.741734E+00    3.031242E+00    7.057951E+01    2.006538E+02    3.604521E+02    4.894064E+02
    1.742643E+00    3.061602E+00    7.198882E+01    2.046796E+02    3.677419E+02    4.992702E+02
    1.743543E+00    3.092591E+00    7.342801E+01    2.087911E+02    3.751878E+02    5.093451E+02
    1.744434E+00    3.124224E+00    7.489774E+01    2.129903E+02    3.827933E+02    5.196355E+02
    1.745316E+00    3.156513E+00    7.639868E+01    2.172790E+02    3.905617E+02    5.301463E+02
    1.746190E+00    3.189474E+00    7.793152E+01    2.216593E+02    3.984967E+02    5.408822E+02
    1.747055E+00    3.223119E+00    7.949694E+01    2.261330E+02    4.066019E+02    5.518481E+02
    1.747911E+00    3.257465E+00    8.109567E+01    2.307023E+02    4.148808E+02    5.630489E+02
    1.748757E+00    3.292525E+00    8.272843E+01    2.353693E+02    4.233374E+02    5.744899E+02
    1.749595E+00    3.328317E+00    8.439595E+01    2.401360E+02    4.319755E+02    5.861761E+02
    1.750423E+00    3.364854E+00    8.609901E+01    2.450046E+02    4.407989E+02    5.981130E+02
    1.751242E+00    3.402155E+00    8.783838E+01    2.499773E+02    4.498118E+02    6.103060E+02
    1.752052E+00    3.440234E+00    8.961484E+01    2.550565E+02    4.590182E+02    6.227606E+02
    1.752853E+00    3.479109E+00    9.142921E+01    2.602444E+02    4.684224E+02    6.354825E+02
    1.753644E+00    3.518796E+00    9.328232E+01    2.655433E+02    4.780287E+02    6.484775E+02
    1.754425E+00    3.559315E+00    9.517500E+01    2.709557E+02    4.878413E+02    6.617515E+02
    1.755198E+00    3.600682E+00    9.710812E+01    2.764840E+02    4.978649E+02    6.753107E+02
    1.755960E+00    3.642916E+00    9.908257E+01    2.821308E+02    5.081039E+02    6.891611E+02
    1.756714E+00    3.686036E+00    1.010992E+02    2.878986E+02    5.185630E+02    7.033092E+02
    1.757458E+00    3.730061E+00    1.031590E+02    2.937902E+02    5.292471E+02    7.177613E+02
    1.758192E+00    3.775010E+00    1.052629E+02    2.998080E+02    5.401610E+02    7.325241E+02
    1.758918E+00    3.820904E+00    1.074118E+02    3.059550E+02    5.513097E+02    7.476043E+02
    1.759634E+00    3.867763E+00    1.096067E+02    3.122339E+02    5.626983E+02    7.630087E+02
    1.760340E+00    3.915609E+00    1.118487E+02    3.186476E+02    5.743320E+02    7.787445E+02
    1.761037E+00    3.964462E+00    1.141387E+02    3.251989E+02    5.862160E+02    7.948188E+02
    1.761725E+00    4.014344E+00    1.164777E+02    3.318910E+02    5.983559E+02    8.112390E+02
    1.762404E+00    4.065278E+00    1.188669E+02    3.387267E+02    6.107572E+02    8.280125E+02
    1.763073E+00    4.117286E+00    1.213073E+02    3.457094E+02    6.234255E+02    8.451470E+02
    1.763734E+00    4.170392E+00    1.238001E+02    3.528420E+02    6.363666E+02    8.626504E+02
    1.764385E+00    4.224620E+00    1.263463E+02    3.601280E+02    6.495865E+02    8.805306E+02
    1.765027E+00    4.279995E+00    1.289472E+02    3.675706E+02    6.630912E+02    8.987958E+02
    1.765661E+00    4.336540E+00    1.316039E+02    3.751732E+02    6.768868E+02    9.174543E+02
    1.766285E+00    4.394281E+00    1.343177E+02    3.829394E+02    6.909797E+02    9.365148E+02
    1.766901E+00    4.453246E+00    1.370897E+02    3.908725E+02    7.053763E+02    9.559858E+02
    1.767508E+00    4.513459E+00    1.399213E+02    3.989764E+02    7.200832E+02    9.758764E+02
    1.768106E+00    4.574948E+00    1.428137E+02    4.072546E+02    7.351071E+02    9.961955E+02
    1.768695E+00    4.637741E+00    1.457683E+02    4.157109E+02    7.504549E+02    1.016952E+03
    1.769276E+00    4.701867E+00    1.487864E+02    4.243493E+02    7.661337E+02    1.038157E+03
    1.769849E+00    4.767353E+00    1.518693E+02    4.331736E+02    7.821504E+02    1.059818E+03
    1.770413E+00    4.834231E+00    1.550186E+02    4.421880E+02    7.985126E+02    1.081947E+03
    1.770969E+00    4.902529E+00    1.582356E+02    4.513964E+02    8.152277E+02    1.104552E+03
    1.771517E+00    4.972279E+00    1.615218E+02    4.608031E+02    8.323033E+02    1.127645E+03
    1.772056E+00    5.043513E+00    1.648787E+02    4.704125E+02    8.497472E+02    1.151236E+03
    1.772588E+00    5.116263E+00    1.683079E+02    4.802289E+02    8.675674E+02    1.175336E+03
    1.773111E+00    5.190562E+00    1.718109E+02    4.902568E+02    8.857721E+02    1.199955E+03
    1.773627E+00    5.266442E+00    1.753893E+02    5.005007E+02    9.043696E+02    1.225105E+03
    1.774135E+00    5.343940E+00    1.790447E+02    5.109655E+02    9.233684E+02    1.250798E+03
    1.774636E+00    5.423090E+00    1.827789E+02    5.216557E+02    9.427771E+02    1.277046E+03
    1.775129E+00    5.503927E+00    1.865935E+02    5.325764E+02    9.626048E+02    1.303859E+03
    1.775614E+00    5.586489E+00    1.904902E+02    5.437326E+02    9.828604E+02    1.331252E+03
    1.776092E+00    5.670814E+00    1.944709E+02    5.551292E+02    1.003553E+03    1.359235E+03
    1.776563E+00    5.756939E+00    1.985374E+02    5.667716E+02    1.024693E+03    1.387822E+03
    1.777027E+00    5.844903E+00    2.026915E+02    5.786651E+02    1.046288E+03    1.417026E+03
    1.777483E+00    5.934747E+00    2.069351E+02    5.908150E+02    1.068350E+03    1.446861E+03
    1.777933E+00    6.026512E+00    2.112701E+02    6.032270E+02    1.090889E+03    1.477339E+03
    1.778376E+00    6.120239E+00    2.156986E+02    6.159067E+02    1.113914E+03    1.508475E+03
    1.778812E+00    6.215971E+00    2.202226E+02    6.288600E+02    1.137436E+03    1.540284E+03
    1.779242E+00    6.313752E+00    2.248441E+02    6.420927E+02    1.161466E+03    1.572779E+03
    1.779665E+00    6.413626E+00    2.295653E+02    6.556109E+02    1.186014E+03    1.605976E+03
    1.780081E+00    6.515638E+00    2.343883E+02    6.694208E+02    1.211093E+03    1.639890E+03
    1.780492E+00    6.619836E+00    2.393152E+02    6.835286E+02    1.236714E+03    1.674535E+03
    1.780896E+00    6.726267E+00    2.443485E+02    6.979409E+02    1.262888E+03    1.709929E+03
    1.781294E+00    6.834979E+00    2.494903E+02    7.126643E+02    1.289627E+03    1.746087E+03
    1.781686E+00    6.946022E+00    2.547430E+02    7.277054E+02    1.316944E+03    1.783026E+03
    1.782072E+00    7.059447E+00    2.601090E+02    7.430711E+02    1.344851E+03    1.820763E+03
    1.782452E+00    7.175305E+00    2.655908E+02    7.587685E+02    1.373360E+03    1.859315E+03
    1.782827E+00    7.293650E+00    2.711909E+02    7.748047E+02    1.402485E+03    1.898699E+03
    1.783197E+00    7.414535E+00    2.769118E+02    7.911871E+02    1.432240E+03    1.938934E+03
    1.783561E+00    7.538016E+00    2.827562E+02    8.079232E+02    1.462637E+03    1.980038E+03
    1.783919E+00    7.664149E+00    2.887266E+02    8.250205E+02    1.493691E+03    2.022030E+03
    1.784273E+00    7.792993E+00    2.948260E+02    8.424870E+02    1.525415E+03    2.064928E+03
    1.784621E+00    7.924605E+00    3.010569E+02    8.603306E+02    1.557825E+03    2.108753E+03
    1.784965E+00    8.059046E+00    3.074223E+02    8.785594E+02    1.590935E+03    2.153525E+03
    1.785304E+00    8.196377E+00    3.139252E+02    8.971817E+02    1.624761E+03    2.199264E+03
    1.785638E+00    8.336662E+00    3.205683E+02    9.162062E+02    1.659317E+03    2.245991E+03
    1.785967E+00    8.479964E+00    3.273549E+02    9.356414E+02    1.694619E+03    2.293727E+03
    1.786292E+00    8.626350E+00    3.342879E+02    9.554963E+02    1.730684E+03    2.342495E+03
    1.786613E+00    8.775885E+00    3.413706E+02    9.757799E+02    1.767529E+03    2.392315E+03
    1.786930E+00    8.928639E+00    3.486062E+02    9.965014E+02    1.805169E+03    2.443212E+03
    1.787242E+00    9.084681E+00    3.559980E+02    1.017670E+03    1.843622E+03    2.495208E+03
    1.787551E+00    9.244083E+00    3.635493E+02    1.039296E+03    1.882906E+03    2.548327E+03
    1.787856E+00    9.406918E+00    3.712636E+02    1.061389E+03    1.923038E+03    2.602594E+03
    1.788157E+00    9.573260E+00    3.791445E+02    1.083959E+03    1.964038E+03    2.658033E+03
    1.788455E+00    9.743184E+00    3.871955E+02    1.107017E+03    2.005923E+03    2.714669E+03
    1.788749E+00    9.916770E+00    3.954202E+02    1.130572E+03    2.048712E+03    2.772528E+03
    1.789040E+00    1.009410E+01    4.038225E+02    1.154636E+03    2.092426E+03    2.831637E+03
    1.789329E+00    1.027524E+01    4.124062E+02    1.179219E+03    2.137084E+03    2.892022E+03
    1.789614E+00    1.046030E+01    4.211751E+02    1.204333E+03    2.182706E+03    2.953711E+03
    1.789896E+00    1.064934E+01    4.301333E+02    1.229989E+03    2.229314E+03    3.016732E+03
    1.790176E+00    1.084245E+01    4.392849E+02    1.256199E+03    2.276928E+03    3.081115E+03
    1.790454E+00    1.103973E+01    4.486339E+02    1.282975E+03    2.325570E+03    3.146887E+03
    1.790729E+00    1.124126E+01    4.581847E+02    1.310329E+03    2.375262E+03    3.214079E+03
    1.791003E+00    1.144714E+01    4.679416E+02    1.338273E+03    2.426027E+03    3.282722E+03
    1.791274E+00    1.165745E+01    4.779090E+02    1.366820E+03    2.477889E+03    3.352846E+03
    1.791544E+00    1.187230E+01    4.880915E+02    1.395983E+03    2.530869E+03    3.424484E+03
    1.791812E+00    1.209178E+01    4.984936E+02    1.425776E+03    2.584993E+03    3.497668E+03
    1.792079E+00    1.231600E+01    5.091201E+02    1.456211E+03    2.640285E+03    3.572432E+03
    1.792345E+00    1.254505E+01    5.199759E+02    1.487303E+03    2.696770E+03    3.648808E+03
    1.792609E+00    1.277904E+01    5.310658E+02    1.519065E+03    2.754474E+03    3.726832E+03
    1.792874E+00    1.301807E+01    5.423948E+02    1.551512E+03    2.813422E+03    3.806540E+03
    1.793138E+00    1.326225E+01    5.539680E+02    1.584660E+03    2.873642E+03    3.887966E+03
    1.793401E+00    1.351170E+01    5.657908E+02    1.618521E+03    2.935161E+03    3.971149E+03
    1.793665E+00    1.376653E+01    5.778684E+02    1.653113E+03    2.998006E+03    4.056125E+03
    1.793929E+00    1.402685E+01    5.902063E+02    1.688451E+03    3.062206E+03    4.142932E+03
    1.794194E+00    1.429278E+01    6.028100E+02    1.724549E+03    3.127790E+03    4.231611E+03
    1.794459E+00    1.456444E+01    6.156852E+02    1.761426E+03    3.194787E+03    4.322200E+03
    1.794726E+00    1.484195E+01    6.288378E+02    1.799097E+03    3.263227E+03    4.414741E+03
    1.794994E+00    1.512544E+01    6.422735E+02    1.837579E+03    3.333141E+03    4.509275E+03
    1.795264E+00    1.541503E+01    6.559985E+02    1.876889E+03    3.404561E+03    4.605845E+03
    1.795537E+00    1.571086E+01    6.700188E+02    1.917046E+03    3.477518E+03    4.704493E+03
    1.795812E+00    1.601306E+01    6.843407E+02    1.958067E+03    3.552045E+03    4.805264E+03
    1.796089E+00    1.632176E+01    6.989707E+02    1.999970E+03    3.628176E+03    4.908203E+03
    1.796370E+00    1.663710E+01    7.139152E+02    2.042774E+03    3.705944E+03    5.013355E+03
    1.796655E+00    1.695922E+01    7.291810E+02    2.086498E+03    3.785383E+03    5.120768E+03
    1.796944E+00    1.728827E+01    7.447746E+02    2.131161E+03    3.866530E+03    5.230489E+03
    1.797238E+00    1.762438E+01    7.607032E+02    2.176784E+03    3.949419E+03    5.342566E+03
    1.797537E+00    1.796772E+01    7.769737E+02    2.223386E+03    4.034088E+03    5.457050E+03
    1.797842E+00    1.831843E+01    7.935932E+02    2.270988E+03    4.120574E+03    5.573991E+03
    1.798153E+00    1.867667E+01    8.105691E+02    2.319611E+03    4.208915E+03    5.693439E+03
    1.798470E+00    1.904259E+01    8.279089E+02    2.369276E+03    4.299150E+03    5.815448E+03
    1.798795E+00    1.941635E+01    8.456200E+02    2.420004E+03    4.391318E+03    5.940071E+03
    1.799129E+00    1.979812E+01    8.637103E+02    2.471819E+03    4.485459E+03    6.067362E+03
    1.799471E+00    2.018806E+01    8.821876E+02    2.524742E+03    4.581614E+03    6.197376E+03
    1.799822E+00    2.058635E+01    9.010598E+02    2.578797E+03    4.679825E+03    6.330170E+03
    1.800184E+00    2.099316E+01    9.203351E+02    2.634006E+03    4.780135E+03    6.465800E+03
    1.800557E+00    2.140865E+01    9.400219E+02    2.690394E+03    4.882585E+03    6.604326E+03
    1.800942E+00    2.183301E+01    9.601284E+02    2.747984E+03    4.987220E+03    6.745806E+03
    1.801339E+00    2.226643E+01    9.806632E+02    2.806801E+03    5.094085E+03    6.890300E+03
    1.801751E+00    2.270907E+01    1.001635E+03    2.866869E+03    5.203224E+03    7.037870E+03
    1.802177E+00    2.316114E+01    1.023053E+03    2.928215E+03    5.314684E+03    7.188577E+03
    1.802620E+00    2.362282E+01    1.044925E+03    2.990864E+03    5.428511E+03    7.342485E+03
    1.803079E+00    2.409430E+01    1.067262E+03    3.054841E+03    5.544753E+03    7.499658E+03
    1.803557E+00    2.457579E+01    1.090072E+03    3.120174E+03    5.663457E+03    7.660161E+03
    1.804054E+00    2.506747E+01    1.113364E+03    3.186889E+03    5.784673E+03    7.824059E+03
    1.804573E+00    2.556955E+01    1.137148E+03    3.255013E+03    5.908449E+03    7.991419E+03
    1.805114E+00    2.608223E+01    1.161433E+03    3.324574E+03    6.034836E+03    8.162309E+03
    1.805678E+00    2.660572E+01    1.186230E+03    3.395599E+03    6.163883E+03    8.336797E+03
    1.806269E+00    2.714024E+01    1.211548E+03    3.468117E+03    6.295644E+03    8.514953E+03
    1.806887E+00    2.768598E+01    1.237398E+03    3.542156E+03    6.430168E+03    8.696845E+03
    1.807534E+00    2.824316E+01    1.263788E+03    3.617745E+03    6.567508E+03    8.882545E+03
    1.808212E+00    2.881200E+01    1.290729E+03    3.694912E+03    6.707717E+03    9.072125E+03
    1.808924E+00    2.939272E+01    1.318232E+03    3.773688E+03    6.850848E+03    9.265655E+03
    1.809671E+00    2.998553E+01    1.346307E+03    3.854102E+03    6.996955E+03    9.463208E+03
    1.810455E+00    3.059065E+01    1.374963E+03    3.936182E+03    7.146091E+03    9.664857E+03
    1.811280E+00    3.120831E+01    1.404212E+03    4.019959E+03    7.298310E+03    9.870675E+03
    1.812148E+00    3.183873E+01    1.434064E+03    4.105464E+03    7.453667E+03    1.008074E+04
    1.813061E+00    3.248213E+01    1.464529E+03    4.192725E+03    7.612216E+03    1.029511E+04
    1.814023E+00    3.313874E+01    1.495618E+03    4.281772E+03    7.774012E+03    1.051388E+04
    1.815037E+00    3.380877E+01    1.527341E+03    4.372636E+03    7.939108E+03    1.073711E+04
    1.816105E+00    3.449245E+01    1.559709E+03    4.465347E+03    8.107559E+03    1.096487E+04
    1.817232E+00    3.519001E+01    1.592732E+03    4.559933E+03    8.279419E+03    1.119725E+04
    1.818420E+00    3.590166E+01    1.626420E+03    4.656425E+03    8.454741E+03    1.143430E+04
    1.819675E+00    3.662762E+01    1.660783E+03    4.754852E+03    8.633578E+03    1.167611E+04
    1.820999E+00    3.736810E+01    1.695832E+03    4.855242E+03    8.815984E+03    1.192274E+04
    1.822398E+00    3.812333E+01    1.731577E+03    4.957624E+03    9.002008E+03    1.217427E+04
    1.823876E+00    3.889350E+01    1.768026E+03    5.062025E+03    9.191702E+03    1.243076E+04
    1.825437E+00    3.967883E+01    1.805190E+03    5.168474E+03    9.385115E+03    1.269227E+04
    1.827087E+00    4.047951E+01    1.843078E+03    5.276995E+03    9.582295E+03    1.295888E+04
    1.828831E+00    4.129574E+01    1.881698E+03    5.387615E+03    9.783288E+03    1.323065E+04
    1.830675E+00    4.212770E+01    1.921060E+03    5.500358E+03    9.988140E+03    1.350763E+04
    1.832625E+00    4.297557E+01    1.961171E+03    5.615248E+03    1.019689E+04    1.378989E+04
    1.834686E+00    4.383952E+01    2.002040E+03    5.732307E+03    1.040958E+04    1.407747E+04
    1.836866E+00    4.471970E+01    2.043673E+03    5.851555E+03    1.062626E+04    1.437043E+04
    1.839170E+00    4.561628E+01    2.086077E+03    5.973013E+03    1.084694E+04    1.466882E+04
    1.841608E+00    4.652937E+01    2.129258E+03    6.096696E+03    1.107167E+04    1.497268E+04
    1.844185E+00    4.745911E+01    2.173223E+03    6.222622E+03    1.130047E+04    1.528205E+04
    1.846910E+00    4.840560E+01    2.217974E+03    6.350802E+03    1.153338E+04    1.559696E+04
    1.849791E+00    4.936893E+01    2.263517E+03    6.481250E+03    1.177040E+04    1.591744E+04
    1.852836E+00    5.034917E+01    2.309854E+03    6.613972E+03    1.201155E+04    1.624350E+04
    1.856056E+00    5.134638E+01    2.356988E+03    6.748976E+03    1.225685E+04    1.657518E+04
    1.859457E+00    5.236059E+01    2.404919E+03    6.886264E+03    1.250630E+04    1.691246E+04
    1.863052E+00    5.339180E+01    2.453648E+03    7.025836E+03    1.275990E+04    1.725535E+04
    1.866849E+00    5.444000E+01    2.503173E+03    7.167689E+03    1.301764E+04    1.760385E+04
    1.870859E+00    5.550514E+01    2.553492E+03    7.311815E+03    1.327952E+04    1.795794E+04
    1.875092E+00    5.658716E+01    2.604601E+03    7.458204E+03    1.354551E+04    1.831758E+04
    1.879560E+00    5.768596E+01    2.656495E+03    7.606841E+03    1.381558E+04    1.868275E+04
    1.884274E+00    5.880140E+01    2.709167E+03    7.757707E+03    1.408970E+04    1.905339E+04
    1.889245E+00    5.993332E+01    2.762608E+03    7.910776E+03    1.436782E+04    1.942944E+04
    1.894487E+00    6.108152E+01    2.816809E+03    8.066021E+03    1.464990E+04    1.981084E+04
    1.900010E+00    6.224575E+01    2.871758E+03    8.223408E+03    1.493587E+04    2.019750E+04
    1.905827E+00    6.342576E+01    2.927441E+03    8.382898E+03    1.522566E+04    2.058933E+04
    1.911951E+00    6.462121E+01    2.983843E+03    8.544446E+03    1.551919E+04    2.098622E+04
    1.918394E+00    6.583175E+01    3.040946E+03    8.708002E+03    1.581637E+04    2.138803E+04
    1.925170E+00    6.705698E+01    3.098731E+03    8.873509E+03    1.611710E+04    2.179465E+04
    1.932292E+00    6.829646E+01    3.157175E+03    9.040907E+03    1.642125E+04    2.220590E+04
    1.939771E+00    6.954969E+01    3.216255E+03    9.210126E+03    1.672872E+04    2.262163E+04
    1.947622E+00    7.081614E+01    3.275946E+03    9.381092E+03    1.703937E+04    2.304166E+04
    1.955856E+00    7.209523E+01    3.336219E+03    9.553725E+03    1.735304E+04    2.346578E+04
    1.964487E+00    7.338633E+01    3.397043E+03    9.727938E+03    1.766958E+04    2.389377E+04
    1.973526E+00    7.468877E+01    3.458386E+03    9.903637E+03    1.798883E+04    2.432543E+04
    1.982986E+00    7.600181E+01    3.520214E+03    1.008072E+04    1.831059E+04    2.476048E+04
    1.992878E+00    7.732471E+01    3.582489E+03    1.025909E+04    1.863468E+04    2.519869E+04
    2.003214E+00    7.865663E+01    3.645172E+03    1.043863E+04    1.896090E+04    2.563977E+04
    2.014002E+00    7.999674E+01    3.708224E+03    1.061922E+04    1.928903E+04    2.608343E+04
    2.025254E+00    8.134414E+01    3.771600E+03    1.080074E+04    1.961884E+04    2.652938E+04
    2.036978E+00    8.269788E+01    3.835255E+03    1.098306E+04    1.995012E+04    2.697730E+04
    2.049182E+00    8.405700E+01    3.899145E+03    1.116605E+04    2.028261E+04    2.742686E+04
    2.061874E+00    8.542049E+01    3.963220E+03    1.134956E+04    2.061606E+04    2.787772E+04
    2.075059E+00    8.678732E+01    4.027431E+03    1.153347E+04    2.095022E+04    2.832954E+04
    2.088743E+00    8.815642E+01    4.091728E+03    1.171763E+04    2.128483E+04    2.878197E+04
    2.102931E+00    8.952671E+01    4.156058E+03    1.190188E+04    2.161961E+04    2.923462E+04
    2.117623E+00    9.089709E+01    4.220370E+03    1.208607E+04    2.195429E+04    2.968715E+04
    2.132823E+00    9.226642E+01    4.284610E+03    1.227006E+04    2.228859E+04    3.013917E+04
    2.148530E+00    9.363359E+01    4.348724E+03    1.245369E+04    2.262225E+04    3.059030E+04
    2.164743E+00    9.499745E+01    4.412660E+03    1.263681E+04    2.295497E+04    3.104018E+04
    2.181460E+00    9.635688E+01    4.476363E+03    1.281926E+04    2.328648E+04    3.148841E+04
    2.198675E+00    9.771074E+01    4.539779E+03    1.300089E+04    2.361650E+04    3.193463E+04
    2.216385E+00    9.905791E+01    4.602857E+03    1.318155E+04    2.394475E+04    3.237846E+04
    2.234583E+00    1.003973E+02    4.665543E+03    1.336108E+04    2.427096E+04    3.281953E+04
    2.253259E+00    1.017278E+02    4.727787E+03    1.353935E+04    2.459487E+04    3.325750E+04
    2.272404E+00    1.030483E+02    4.789538E+03    1.371621E+04    2.491622E+04    3.369199E+04
    2.292008E+00    1.043579E+02    4.850749E+03    1.389152E+04    2.523475E+04    3.412268E+04
    2.312058E+00    1.056555E+02    4.911371E+03    1.406514E+04    2.555022E+04    3.454922E+04
    2.332540E+00    1.069401E+02    4.971360E+03    1.423695E+04    2.586239E+04    3.497131E+04
    2.353440E+00    1.082109E+02    5.030672E+03    1.440682E+04    2.617104E+04    3.538864E+04
    2.374742E+00    1.094668E+02    5.089267E+03    1.457463E+04    2.647595E+04    3.580091E+04
    2.396430E+00    1.107072E+02    5.147104E+03    1.474027E+04    2.677692E+04    3.620786E+04
    2.418484E+00    1.119312E+02    5.204148E+03    1.490365E+04    2.707377E+04    3.660922E+04
    2.440888E+00    1.131381E+02    5.260365E+03    1.506465E+04    2.736630E+04    3.700475E+04
    2.463620E+00    1.143271E+02    5.315721E+03    1.522318E+04    2.765436E+04    3.739423E+04
