   1.500000E+000   1.500000E+000   1.500000E+000   1.500000E+000   1.500000E+000   1.500000E+000
   1.500001E+000   1.500001E+000   1.500001E+000   1.500001E+000   1.500001E+000   1.500001E+000
   1.500002E+000   1.500002E+000   1.500002E+000   1.500002E+000   1.500002E+000   1.500002E+000
   1.500002E+000   1.500002E+000   1.500002E+000   1.500002E+000   1.500003E+000   1.500003E+000
   1.500003E+000   1.500003E+000   1.500003E+000   1.500003E+000   1.500003E+000   1.500003E+000
   1.500004E+000   1.500004E+000   1.500004E+000   1.500004E+000   1.500004E+000   1.500004E+000
   1.500004E+000   1.500004E+000   1.500004E+000   1.500004E+000   1.500005E+000   1.500005E+000
   1.500005E+000   1.500005E+000   1.500005E+000   1.500005E+000   1.500005E+000   1.500006E+000
   1.500006E+000   1.500006E+000   1.500006E+000   1.500006E+000   1.500006E+000   1.500006E+000
   1.500006E+000   1.500006E+000   1.500006E+000   1.500006E+000   1.500006E+000   1.500007E+000
   1.500007E+000   1.500007E+000   1.500007E+000   1.500007E+000   1.500007E+000   1.500007E+000
   1.500007E+000   1.500007E+000   1.500007E+000   1.500007E+000   1.500008E+000   1.500008E+000
   1.500008E+000   1.500008E+000   1.500008E+000   1.500008E+000   1.500008E+000   1.500009E+000
   1.500008E+000   1.500008E+000   1.500008E+000   1.500008E+000   1.500009E+000   1.500009E+000
   1.500009E+000   1.500009E+000   1.500009E+000   1.500009E+000   1.500009E+000   1.500010E+000
   1.500009E+000   1.500009E+000   1.500009E+000   1.500009E+000   1.500010E+000   1.500011E+000
   1.500010E+000   1.500010E+000   1.500010E+000   1.500010E+000   1.500010E+000   1.500011E+000
   1.500010E+000   1.500010E+000   1.500010E+000   1.500011E+000   1.500011E+000   1.500012E+000
   1.500011E+000   1.500011E+000   1.500011E+000   1.500011E+000   1.500012E+000   1.500012E+000
   1.500011E+000   1.500011E+000   1.500012E+000   1.500012E+000   1.500012E+000   1.500013E+000
   1.500012E+000   1.500012E+000   1.500012E+000   1.500012E+000   1.500013E+000   1.500014E+000
   1.500013E+000   1.500013E+000   1.500013E+000   1.500013E+000   1.500013E+000   1.500014E+000
   1.500013E+000   1.500013E+000   1.500013E+000   1.500013E+000   1.500014E+000   1.500015E+000
   1.500014E+000   1.500014E+000   1.500014E+000   1.500014E+000   1.500015E+000   1.500016E+000
   1.500014E+000   1.500014E+000   1.500014E+000   1.500014E+000   1.500015E+000   1.500017E+000
   1.500015E+000   1.500015E+000   1.500015E+000   1.500015E+000   1.500016E+000   1.500017E+000
   1.500015E+000   1.500015E+000   1.500016E+000   1.500016E+000   1.500017E+000   1.500018E+000
   1.500016E+000   1.500016E+000   1.500016E+000   1.500016E+000   1.500017E+000   1.500019E+000
   1.500017E+000   1.500017E+000   1.500017E+000   1.500017E+000   1.500018E+000   1.500020E+000
   1.500017E+000   1.500017E+000   1.500017E+000   1.500018E+000   1.500019E+000   1.500021E+000
   1.500018E+000   1.500018E+000   1.500018E+000   1.500018E+000   1.500020E+000   1.500022E+000
   1.500019E+000   1.500019E+000   1.500019E+000   1.500019E+000   1.500020E+000   1.500023E+000
   1.500020E+000   1.500020E+000   1.500020E+000   1.500020E+000   1.500021E+000   1.500024E+000
   1.500020E+000   1.500020E+000   1.500020E+000   1.500021E+000   1.500022E+000   1.500025E+000
   1.500021E+000   1.500021E+000   1.500021E+000   1.500021E+000   1.500023E+000   1.500026E+000
   1.500022E+000   1.500022E+000   1.500022E+000   1.500022E+000   1.500024E+000   1.500027E+000
   1.500023E+000   1.500023E+000   1.500023E+000   1.500023E+000   1.500025E+000   1.500029E+000
   1.500024E+000   1.500024E+000   1.500024E+000   1.500024E+000   1.500026E+000   1.500030E+000
   1.500025E+000   1.500025E+000   1.500025E+000   1.500025E+000   1.500027E+000   1.500031E+000
   1.500025E+000   1.500025E+000   1.500026E+000   1.500026E+000   1.500028E+000   1.500033E+000
   1.500026E+000   1.500026E+000   1.500027E+000   1.500027E+000   1.500030E+000   1.500034E+000
   1.500027E+000   1.500027E+000   1.500028E+000   1.500028E+000   1.500031E+000   1.500036E+000
   1.500029E+000   1.500029E+000   1.500029E+000   1.500029E+000   1.500032E+000   1.500038E+000
   1.500030E+000   1.500030E+000   1.500030E+000   1.500030E+000   1.500034E+000   1.500040E+000
   1.500031E+000   1.500031E+000   1.500031E+000   1.500031E+000   1.500035E+000   1.500041E+000
   1.500032E+000   1.500032E+000   1.500032E+000   1.500033E+000   1.500037E+000   1.500043E+000
   1.500033E+000   1.500033E+000   1.500033E+000   1.500034E+000   1.500038E+000   1.500045E+000
   1.500034E+000   1.500034E+000   1.500034E+000   1.500035E+000   1.500040E+000   1.500048E+000
   1.500036E+000   1.500036E+000   1.500036E+000   1.500036E+000   1.500041E+000   1.500050E+000
   1.500037E+000   1.500037E+000   1.500037E+000   1.500038E+000   1.500043E+000   1.500052E+000
   1.500038E+000   1.500038E+000   1.500038E+000   1.500039E+000   1.500045E+000   1.500055E+000
   1.500040E+000   1.500040E+000   1.500040E+000   1.500041E+000   1.500047E+000   1.500058E+000
   1.500041E+000   1.500041E+000   1.500041E+000   1.500042E+000   1.500049E+000   1.500061E+000
   1.500043E+000   1.500043E+000   1.500043E+000   1.500044E+000   1.500051E+000   1.500064E+000
   1.500044E+000   1.500044E+000   1.500045E+000   1.500046E+000   1.500054E+000   1.500067E+000
   1.500046E+000   1.500046E+000   1.500046E+000   1.500048E+000   1.500056E+000   1.500070E+000
   1.500048E+000   1.500048E+000   1.500048E+000   1.500049E+000   1.500058E+000   1.500074E+000
   1.500050E+000   1.500050E+000   1.500050E+000   1.500051E+000   1.500061E+000   1.500078E+000
   1.500052E+000   1.500052E+000   1.500052E+000   1.500053E+000   1.500064E+000   1.500082E+000
   1.500053E+000   1.500053E+000   1.500054E+000   1.500055E+000   1.500067E+000   1.500086E+000
   1.500055E+000   1.500055E+000   1.500056E+000   1.500058E+000   1.500070E+000   1.500091E+000
   1.500058E+000   1.500058E+000   1.500058E+000   1.500060E+000   1.500073E+000   1.500095E+000
   1.500060E+000   1.500060E+000   1.500060E+000   1.500062E+000   1.500076E+000   1.500100E+000
   1.500062E+000   1.500062E+000   1.500062E+000   1.500065E+000   1.500080E+000   1.500106E+000
   1.500064E+000   1.500064E+000   1.500065E+000   1.500067E+000   1.500083E+000   1.500111E+000
   1.500067E+000   1.500067E+000   1.500067E+000   1.500070E+000   1.500087E+000   1.500117E+000
   1.500069E+000   1.500069E+000   1.500070E+000   1.500072E+000   1.500091E+000   1.500124E+000
   1.500072E+000   1.500072E+000   1.500072E+000   1.500075E+000   1.500096E+000   1.500131E+000
   1.500074E+000   1.500074E+000   1.500075E+000   1.500078E+000   1.500100E+000   1.500138E+000
   1.500077E+000   1.500077E+000   1.500078E+000   1.500081E+000   1.500105E+000   1.500145E+000
   1.500080E+000   1.500080E+000   1.500081E+000   1.500085E+000   1.500110E+000   1.500154E+000
   1.500083E+000   1.500083E+000   1.500084E+000   1.500088E+000   1.500115E+000   1.500162E+000
   1.500086E+000   1.500086E+000   1.500087E+000   1.500091E+000   1.500121E+000   1.500171E+000
   1.500090E+000   1.500090E+000   1.500090E+000   1.500095E+000   1.500127E+000   1.500181E+000
   1.500093E+000   1.500093E+000   1.500094E+000   1.500099E+000   1.500133E+000   1.500192E+000
   1.500096E+000   1.500096E+000   1.500097E+000   1.500103E+000   1.500139E+000   1.500203E+000
   1.500100E+000   1.500100E+000   1.500101E+000   1.500107E+000   1.500146E+000   1.500214E+000
   1.500104E+000   1.500104E+000   1.500105E+000   1.500111E+000   1.500154E+000   1.500227E+000
   1.500108E+000   1.500108E+000   1.500109E+000   1.500116E+000   1.500161E+000   1.500240E+000
   1.500112E+000   1.500112E+000   1.500113E+000   1.500120E+000   1.500170E+000   1.500254E+000
   1.500116E+000   1.500116E+000   1.500117E+000   1.500125E+000   1.500178E+000   1.500269E+000
   1.500120E+000   1.500120E+000   1.500121E+000   1.500130E+000   1.500187E+000   1.500286E+000
   1.500125E+000   1.500125E+000   1.500126E+000   1.500135E+000   1.500197E+000   1.500303E+000
   1.500129E+000   1.500129E+000   1.500131E+000   1.500141E+000   1.500207E+000   1.500321E+000
   1.500134E+000   1.500134E+000   1.500136E+000   1.500147E+000   1.500218E+000   1.500341E+000
   1.500139E+000   1.500139E+000   1.500141E+000   1.500153E+000   1.500229E+000   1.500361E+000
   1.500145E+000   1.500145E+000   1.500146E+000   1.500159E+000   1.500242E+000   1.500384E+000
   1.500150E+000   1.500150E+000   1.500152E+000   1.500165E+000   1.500254E+000   1.500407E+000
   1.500156E+000   1.500156E+000   1.500158E+000   1.500172E+000   1.500268E+000   1.500433E+000
   1.500161E+000   1.500161E+000   1.500164E+000   1.500179E+000   1.500282E+000   1.500460E+000
   1.500168E+000   1.500168E+000   1.500170E+000   1.500187E+000   1.500298E+000   1.500489E+000
   1.500174E+000   1.500174E+000   1.500176E+000   1.500195E+000   1.500314E+000   1.500519E+000
   1.500180E+000   1.500180E+000   1.500183E+000   1.500203E+000   1.500331E+000   1.500552E+000
   1.500187E+000   1.500187E+000   1.500190E+000   1.500211E+000   1.500350E+000   1.500588E+000
   1.500194E+000   1.500194E+000   1.500197E+000   1.500220E+000   1.500369E+000   1.500625E+000
   1.500201E+000   1.500201E+000   1.500205E+000   1.500229E+000   1.500390E+000   1.500666E+000
   1.500209E+000   1.500209E+000   1.500213E+000   1.500239E+000   1.500412E+000   1.500709E+000
   1.500217E+000   1.500217E+000   1.500221E+000   1.500249E+000   1.500435E+000   1.500755E+000
   1.500225E+000   1.500225E+000   1.500229E+000   1.500260E+000   1.500460E+000   1.500804E+000
   1.500233E+000   1.500233E+000   1.500238E+000   1.500271E+000   1.500486E+000   1.500857E+000
   1.500242E+000   1.500242E+000   1.500247E+000   1.500282E+000   1.500514E+000   1.500913E+000
   1.500251E+000   1.500251E+000   1.500257E+000   1.500295E+000   1.500544E+000   1.500974E+000
   1.500261E+000   1.500261E+000   1.500266E+000   1.500307E+000   1.500576E+000   1.501038E+000
   1.500270E+000   1.500271E+000   1.500277E+000   1.500321E+000   1.500610E+000   1.501108E+000
   1.500281E+000   1.500281E+000   1.500287E+000   1.500335E+000   1.500646E+000   1.501182E+000
   1.500291E+000   1.500291E+000   1.500298E+000   1.500349E+000   1.500685E+000   1.501261E+000
   1.500302E+000   1.500302E+000   1.500310E+000   1.500365E+000   1.500726E+000   1.501346E+000
   1.500313E+000   1.500313E+000   1.500322E+000   1.500381E+000   1.500769E+000   1.501438E+000
   1.500325E+000   1.500325E+000   1.500334E+000   1.500398E+000   1.500816E+000   1.501535E+000
   1.500337E+000   1.500337E+000   1.500347E+000   1.500416E+000   1.500866E+000   1.501640E+000
   1.500350E+000   1.500350E+000   1.500360E+000   1.500434E+000   1.500919E+000   1.501752E+000
   1.500363E+000   1.500363E+000   1.500374E+000   1.500454E+000   1.500975E+000   1.501873E+000
   1.500377E+000   1.500377E+000   1.500389E+000   1.500474E+000   1.501036E+000   1.502002E+000
   1.500391E+000   1.500391E+000   1.500404E+000   1.500496E+000   1.501100E+000   1.502140E+000
   1.500405E+000   1.500406E+000   1.500419E+000   1.500519E+000   1.501169E+000   1.502288E+000
   1.500421E+000   1.500421E+000   1.500436E+000   1.500542E+000   1.501243E+000   1.502448E+000
   1.500436E+000   1.500437E+000   1.500453E+000   1.500568E+000   1.501321E+000   1.502618E+000
   1.500453E+000   1.500453E+000   1.500470E+000   1.500594E+000   1.501405E+000   1.502801E+000
   1.500470E+000   1.500470E+000   1.500488E+000   1.500622E+000   1.501495E+000   1.502998E+000
   1.500487E+000   1.500488E+000   1.500508E+000   1.500651E+000   1.501591E+000   1.503209E+000
   1.500506E+000   1.500506E+000   1.500527E+000   1.500682E+000   1.501694E+000   1.503435E+000
   1.500525E+000   1.500525E+000   1.500548E+000   1.500714E+000   1.501804E+000   1.503678E+000
   1.500544E+000   1.500545E+000   1.500569E+000   1.500748E+000   1.501921E+000   1.503938E+000
   1.500565E+000   1.500565E+000   1.500592E+000   1.500784E+000   1.502047E+000   1.504218E+000
   1.500586E+000   1.500586E+000   1.500615E+000   1.500822E+000   1.502181E+000   1.504519E+000
   1.500608E+000   1.500608E+000   1.500639E+000   1.500862E+000   1.502325E+000   1.504841E+000
   1.500631E+000   1.500631E+000   1.500664E+000   1.500904E+000   1.502479E+000   1.505187E+000
   1.500654E+000   1.500655E+000   1.500690E+000   1.500949E+000   1.502644E+000   1.505559E+000
   1.500679E+000   1.500679E+000   1.500718E+000   1.500996E+000   1.502820E+000   1.505958E+000
   1.500704E+000   1.500705E+000   1.500746E+000   1.501046E+000   1.503009E+000   1.506386E+000
   1.500731E+000   1.500731E+000   1.500776E+000   1.501098E+000   1.503212E+000   1.506847E+000
   1.500758E+000   1.500758E+000   1.500807E+000   1.501153E+000   1.503429E+000   1.507341E+000
   1.500786E+000   1.500787E+000   1.500839E+000   1.501212E+000   1.503661E+000   1.507872E+000
   1.500816E+000   1.500816E+000   1.500872E+000   1.501274E+000   1.503910E+000   1.508443E+000
   1.500846E+000   1.500847E+000   1.500907E+000   1.501340E+000   1.504177E+000   1.509055E+000
   1.500878E+000   1.500879E+000   1.500943E+000   1.501409E+000   1.504463E+000   1.509713E+000
   1.500911E+000   1.500911E+000   1.500981E+000   1.501482E+000   1.504770E+000   1.510420E+000
   1.500945E+000   1.500946E+000   1.501020E+000   1.501560E+000   1.505098E+000   1.511180E+000
   1.500980E+000   1.500981E+000   1.501062E+000   1.501642E+000   1.505451E+000   1.511996E+000
   1.501017E+000   1.501018E+000   1.501104E+000   1.501730E+000   1.505829E+000   1.512873E+000
   1.501055E+000   1.501056E+000   1.501149E+000   1.501822E+000   1.506234E+000   1.513815E+000
   1.501094E+000   1.501095E+000   1.501196E+000   1.501920E+000   1.506669E+000   1.514828E+000
   1.501135E+000   1.501136E+000   1.501245E+000   1.502024E+000   1.507135E+000   1.515916E+000
   1.501178E+000   1.501179E+000   1.501295E+000   1.502135E+000   1.507635E+000   1.517084E+000
   1.501222E+000   1.501223E+000   1.501348E+000   1.502252E+000   1.508172E+000   1.518341E+000
   1.501267E+000   1.501269E+000   1.501404E+000   1.502376E+000   1.508748E+000   1.519690E+000
   1.501315E+000   1.501316E+000   1.501461E+000   1.502508E+000   1.509365E+000   1.521141E+000
   1.501364E+000   1.501365E+000   1.501522E+000   1.502648E+000   1.510028E+000   1.522699E+000
   1.501415E+000   1.501417E+000   1.501585E+000   1.502797E+000   1.510740E+000   1.524374E+000
   1.501468E+000   1.501469E+000   1.501651E+000   1.502955E+000   1.511503E+000   1.526174E+000
   1.501523E+000   1.501524E+000   1.501719E+000   1.503124E+000   1.512323E+000   1.528109E+000
   1.501579E+000   1.501581E+000   1.501791E+000   1.503302E+000   1.513203E+000   1.530187E+000
   1.501638E+000   1.501640E+000   1.501866E+000   1.503493E+000   1.514147E+000   1.532421E+000
   1.501699E+000   1.501702E+000   1.501945E+000   1.503695E+000   1.515161E+000   1.534821E+000
   1.501763E+000   1.501765E+000   1.502027E+000   1.503911E+000   1.516249E+000   1.537401E+000
   1.501829E+000   1.501831E+000   1.502113E+000   1.504141E+000   1.517418E+000   1.540172E+000
   1.501897E+000   1.501900E+000   1.502203E+000   1.504385E+000   1.518672E+000   1.543150E+000
   1.501968E+000   1.501971E+000   1.502297E+000   1.504645E+000   1.520019E+000   1.546350E+000
   1.502041E+000   1.502044E+000   1.502395E+000   1.504923E+000   1.521466E+000   1.549789E+000
   1.502117E+000   1.502120E+000   1.502498E+000   1.505218E+000   1.523019E+000   1.553483E+000
   1.502196E+000   1.502200E+000   1.502606E+000   1.505533E+000   1.524686E+000   1.557451E+000
   1.502277E+000   1.502282E+000   1.502719E+000   1.505869E+000   1.526477E+000   1.561715E+000
   1.502362E+000   1.502367E+000   1.502837E+000   1.506227E+000   1.528400E+000   1.566294E+000
   1.502450E+000   1.502455E+000   1.502961E+000   1.506610E+000   1.530465E+000   1.571214E+000
   1.502541E+000   1.502547E+000   1.503092E+000   1.507017E+000   1.532682E+000   1.576497E+000
   1.502636E+000   1.502641E+000   1.503228E+000   1.507452E+000   1.535063E+000   1.582172E+000
   1.502734E+000   1.502740E+000   1.503371E+000   1.507917E+000   1.537620E+000   1.588266E+000
   1.502835E+000   1.502842E+000   1.503521E+000   1.508413E+000   1.540365E+000   1.594809E+000
   1.502941E+000   1.502948E+000   1.503679E+000   1.508942E+000   1.543313E+000   1.601834E+000
   1.503050E+000   1.503057E+000   1.503844E+000   1.509508E+000   1.546479E+000   1.609376E+000
   1.503163E+000   1.503171E+000   1.504017E+000   1.510112E+000   1.549878E+000   1.617471E+000
   1.503280E+000   1.503289E+000   1.504200E+000   1.510757E+000   1.553527E+000   1.626159E+000
   1.503402E+000   1.503411E+000   1.504391E+000   1.511446E+000   1.557445E+000   1.635481E+000
   1.503528E+000   1.503538E+000   1.504592E+000   1.512183E+000   1.561652E+000   1.645483E+000
   1.503659E+000   1.503670E+000   1.504804E+000   1.512971E+000   1.566168E+000   1.656212E+000
   1.503794E+000   1.503806E+000   1.505026E+000   1.513813E+000   1.571016E+000   1.667718E+000
   1.503935E+000   1.503947E+000   1.505260E+000   1.514713E+000   1.576220E+000   1.680056E+000
   1.504080E+000   1.504094E+000   1.505507E+000   1.515676E+000   1.581806E+000   1.693281E+000
   1.504231E+000   1.504245E+000   1.505766E+000   1.516706E+000   1.587801E+000   1.707456E+000
   1.504387E+000   1.504403E+000   1.506038E+000   1.517808E+000   1.594234E+000   1.722643E+000
   1.504549E+000   1.504566E+000   1.506326E+000   1.518986E+000   1.601136E+000   1.738910E+000
   1.504717E+000   1.504735E+000   1.506628E+000   1.520247E+000   1.608542E+000   1.756329E+000
   1.504891E+000   1.504910E+000   1.506947E+000   1.521596E+000   1.616487E+000   1.774975E+000
   1.505071E+000   1.505092E+000   1.507283E+000   1.523039E+000   1.625008E+000   1.794927E+000
   1.505258E+000   1.505280E+000   1.507637E+000   1.524584E+000   1.634146E+000   1.816267E+000
   1.505451E+000   1.505475E+000   1.508010E+000   1.526238E+000   1.643945E+000   1.839083E+000
   1.505651E+000   1.505678E+000   1.508405E+000   1.528008E+000   1.654450E+000   1.863466E+000
   1.505859E+000   1.505887E+000   1.508820E+000   1.529902E+000   1.665710E+000   1.889510E+000
   1.506074E+000   1.506104E+000   1.509259E+000   1.531931E+000   1.677776E+000   1.917313E+000
   1.506297E+000   1.506329E+000   1.509723E+000   1.534102E+000   1.690704E+000   1.946978E+000
   1.506527E+000   1.506562E+000   1.510212E+000   1.536427E+000   1.704551E+000   1.978607E+000
   1.506766E+000   1.506804E+000   1.510729E+000   1.538916E+000   1.719378E+000   2.012309E+000
   1.507014E+000   1.507054E+000   1.511276E+000   1.541581E+000   1.735251E+000   2.048192E+000
   1.507270E+000   1.507314E+000   1.511854E+000   1.544435E+000   1.752239E+000   2.086368E+000
   1.507535E+000   1.507582E+000   1.512464E+000   1.547491E+000   1.770412E+000   2.126947E+000
   1.507810E+000   1.507860E+000   1.513111E+000   1.550763E+000   1.789847E+000   2.170040E+000
   1.508095E+000   1.508149E+000   1.513794E+000   1.554267E+000   1.810622E+000   2.215755E+000
   1.508389E+000   1.508447E+000   1.514517E+000   1.558019E+000   1.832823E+000   2.264198E+000
   1.508694E+000   1.508756E+000   1.515283E+000   1.562036E+000   1.856534E+000   2.315469E+000
   1.509009E+000   1.509076E+000   1.516094E+000   1.566337E+000   1.881846E+000   2.369661E+000
   1.509336E+000   1.509408E+000   1.516952E+000   1.570943E+000   1.908853E+000   2.426857E+000
   1.509674E+000   1.509751E+000   1.517862E+000   1.575873E+000   1.937652E+000   2.487127E+000
   1.510023E+000   1.510107E+000   1.518825E+000   1.581152E+000   1.968343E+000   2.550527E+000
   1.510385E+000   1.510475E+000   1.519847E+000   1.586803E+000   2.001027E+000   2.617091E+000
   1.510759E+000   1.510856E+000   1.520930E+000   1.592852E+000   2.035810E+000   2.686830E+000
   1.511147E+000   1.511250E+000   1.522078E+000   1.599326E+000   2.072795E+000   2.759725E+000
   1.511547E+000   1.511659E+000   1.523295E+000   1.606255E+000   2.112091E+000   2.835723E+000
   1.511962E+000   1.512081E+000   1.524587E+000   1.613669E+000   2.153801E+000   2.914728E+000
   1.512390E+000   1.512519E+000   1.525957E+000   1.621602E+000   2.198031E+000   2.996597E+000
   1.512833E+000   1.512971E+000   1.527412E+000   1.630089E+000   2.244882E+000   3.081131E+000
   1.513291E+000   1.513440E+000   1.528955E+000   1.639167E+000   2.294450E+000   3.168063E+000
   1.513764E+000   1.513924E+000   1.530594E+000   1.648875E+000   2.346825E+000   3.257054E+000
   1.514254E+000   1.514426E+000   1.532334E+000   1.659255E+000   2.402089E+000   3.347678E+000
   1.514760E+000   1.514944E+000   1.534181E+000   1.670352E+000   2.460313E+000   3.439411E+000
   1.515282E+000   1.515481E+000   1.536144E+000   1.682212E+000   2.521553E+000   3.531621E+000
   1.515822E+000   1.516035E+000   1.538228E+000   1.694884E+000   2.585847E+000   3.623555E+000
   1.516380E+000   1.516609E+000   1.540443E+000   1.708422E+000   2.653213E+000   3.714321E+000
   1.516957E+000   1.517202E+000   1.542796E+000   1.722879E+000   2.723642E+000   3.802883E+000
   1.517552E+000   1.517816E+000   1.545297E+000   1.738314E+000   2.797094E+000   3.888038E+000
   1.518166E+000   1.518450E+000   1.547955E+000   1.754787E+000   2.873493E+000   3.968410E+000
   1.518801E+000   1.519105E+000   1.550780E+000   1.772361E+000   2.952720E+000   4.042434E+000
   1.519456E+000   1.519782E+000   1.553783E+000   1.791103E+000   3.034608E+000   4.108347E+000
   1.520132E+000   1.520482E+000   1.556975E+000   1.811083E+000   3.118930E+000   4.164179E+000
   1.520829E+000   1.521205E+000   1.560369E+000   1.832373E+000   3.205394E+000   4.207751E+000
   1.521548E+000   1.521953E+000   1.563977E+000   1.855048E+000   3.293635E+000   4.236672E+000
   1.522291E+000   1.522724E+000   1.567813E+000   1.879185E+000   3.383200E+000   4.248348E+000
   1.523056E+000   1.523521E+000   1.571892E+000   1.904865E+000   3.473546E+000   4.239995E+000
   1.523845E+000   1.524345E+000   1.576229E+000   1.932170E+000   3.564018E+000   4.208663E+000
   1.524659E+000   1.525195E+000   1.580840E+000   1.961185E+000   3.653848E+000   4.151271E+000
   1.525497E+000   1.526072E+000   1.585742E+000   1.991996E+000   3.742136E+000   4.064660E+000
   1.526361E+000   1.526978E+000   1.590955E+000   2.024691E+000   3.827845E+000   3.945655E+000
   1.527251E+000   1.527912E+000   1.596497E+000   2.059357E+000   3.909780E+000   3.791151E+000
   1.528167E+000   1.528877E+000   1.602389E+000   2.096083E+000   3.986590E+000   3.598221E+000
   1.529111E+000   1.529872E+000   1.608652E+000   2.134955E+000   4.056746E+000   3.364244E+000
   1.530082E+000   1.530898E+000   1.615309E+000   2.176060E+000   4.118544E+000   3.087059E+000
   1.531082E+000   1.531956E+000   1.622385E+000   2.219480E+000   4.170094E+000   2.765143E+000
   1.532110E+000   1.533048E+000   1.629905E+000   2.265294E+000   4.209322E+000   2.397817E+000
   1.533168E+000   1.534173E+000   1.637895E+000   2.313576E+000   4.233970E+000   1.985475E+000
   1.534256E+000   1.535333E+000   1.646384E+000   2.364392E+000   4.241613E+000   1.529821E+000
   1.535375E+000   1.536528E+000   1.655402E+000   2.417801E+000   4.229666E+000   1.034136E+000
   1.536524E+000   1.537760E+000   1.664979E+000   2.473847E+000   4.195418E+000   5.035251E-001
   1.537705E+000   1.539028E+000   1.675149E+000   2.532566E+000   4.136066E+000  -5.483372E-002
   1.538917E+000   1.540335E+000   1.685945E+000   2.593975E+000   4.048759E+000  -6.314838E-001
   1.540162E+000   1.541680E+000   1.697403E+000   2.658071E+000   3.930669E+000  -1.214538E+000
   1.541440E+000   1.543065E+000   1.709562E+000   2.724831E+000   3.779063E+000  -1.789612E+000
   1.542751E+000   1.544491E+000   1.722460E+000   2.794205E+000   3.591403E+000  -2.339884E+000
   1.544096E+000   1.545958E+000   1.736137E+000   2.866113E+000   3.365459E+000  -2.846304E+000
   1.545475E+000   1.547467E+000   1.750637E+000   2.940442E+000   3.099446E+000  -3.288007E+000
   1.546889E+000   1.549020E+000   1.766003E+000   3.017038E+000   2.792173E+000  -3.642958E+000
   1.548337E+000   1.550617E+000   1.782281E+000   3.095704E+000   2.443222E+000  -3.888861E+000
   1.549820E+000   1.552258E+000   1.799519E+000   3.176193E+000   2.053130E+000  -4.004359E+000
   1.551339E+000   1.553946E+000   1.817765E+000   3.258203E+000   1.623593E+000  -3.970519E+000
   1.552893E+000   1.555680E+000   1.837070E+000   3.341372E+000   1.157669E+000  -3.772583E+000
   1.554483E+000   1.557461E+000   1.857485E+000   3.425266E+000   6.599824E-001  -3.401921E+000
   1.556109E+000   1.559291E+000   1.879063E+000   3.509383E+000   1.369070E-001  -2.858075E+000
   1.557771E+000   1.561171E+000   1.901859E+000   3.593135E+000  -4.032736E-001  -2.150751E+000
   1.559469E+000   1.563100E+000   1.925927E+000   3.675852E+000  -9.502605E-001  -1.301517E+000
   1.561204E+000   1.565081E+000   1.951323E+000   3.756767E+000  -1.491700E+000  -3.449691E-001
   1.562974E+000   1.567114E+000   1.978104E+000   3.835017E+000  -2.013241E+000   6.709753E-001
   1.564781E+000   1.569199E+000   2.006325E+000   3.909635E+000  -2.498710E+000   1.685966E+000
   1.566623E+000   1.571338E+000   2.036043E+000   3.979547E+000  -2.930433E+000   2.629617E+000
   1.568501E+000   1.573532E+000   2.067315E+000   4.043569E+000  -3.289734E+000   3.425636E+000
   1.570415E+000   1.575780E+000   2.100195E+000   4.100405E+000  -3.557619E+000   3.997802E+000
   1.572364E+000   1.578086E+000   2.134736E+000   4.148650E+000  -3.715673E+000   4.277642E+000
   1.574349E+000   1.580448E+000   2.170992E+000   4.186794E+000  -3.747155E+000   4.213400E+000
   1.576368E+000   1.582868E+000   2.209011E+000   4.213225E+000  -3.638289E+000   3.779491E+000
   1.578421E+000   1.585347E+000   2.248839E+000   4.226244E+000  -3.379696E+000   2.985267E+000
   1.580508E+000   1.587885E+000   2.290520E+000   4.224077E+000  -2.967916E+000   1.881550E+000
   1.582628E+000   1.590485E+000   2.334091E+000   4.204895E+000  -2.406903E+000   5.631739E-001
   1.584780E+000   1.593145E+000   2.379584E+000   4.166840E+000  -1.709374E+000  -8.342159E-001
   1.586965E+000   1.595868E+000   2.427027E+000   4.108054E+000  -8.978422E-001  -2.144493E+000
   1.589181E+000   1.598654E+000   2.476438E+000   4.026718E+000  -5.133187E-003  -3.189057E+000
   1.591427E+000   1.601504E+000   2.527828E+000   3.921094E+000   9.258071E-001  -3.801793E+000
   1.593702E+000   1.604419E+000   2.581197E+000   3.789582E+000   1.843031E+000  -3.858509E+000
   1.596007E+000   1.607400E+000   2.636535E+000   3.630773E+000   2.687798E+000  -3.306520E+000
   1.598339E+000   1.610448E+000   2.693821E+000   3.443519E+000   3.397983E+000  -2.188335E+000
   1.600697E+000   1.613564E+000   2.753018E+000   3.227008E+000   3.912683E+000  -6.525111E-001
   1.603082E+000   1.616748E+000   2.814075E+000   2.980837E+000   4.177874E+000   1.054807E+000
   1.605491E+000   1.620003E+000   2.876926E+000   2.705105E+000   4.152785E+000   2.621702E+000
   1.607923E+000   1.623328E+000   2.941484E+000   2.400491E+000   3.816441E+000   3.725186E+000
   1.610377E+000   1.626726E+000   3.007644E+000   2.068349E+000   3.173622E+000   4.101953E+000
   1.612853E+000   1.630197E+000   3.075281E+000   1.710787E+000   2.259302E+000   3.621446E+000
   1.615347E+000   1.633742E+000   3.144243E+000   1.330751E+000   1.140521E+000   2.341915E+000
   1.617860E+000   1.637363E+000   3.214357E+000   9.320891E-001  -8.528806E-002   5.285175E-001
   1.620390E+000   1.641061E+000   3.285421E+000   5.196019E-001  -1.296329E+000  -1.382876E+000
   1.622935E+000   1.644838E+000   3.357208E+000   9.907494E-002  -2.357173E+000  -2.880398E+000
   1.625494E+000   1.648694E+000   3.429459E+000  -3.227226E-001  -3.133891E+000  -3.515260E+000
   1.628066E+000   1.652632E+000   3.501885E+000  -7.380721E-001  -3.512417E+000  -3.050744E+000
   1.630648E+000   1.656653E+000   3.574167E+000  -1.138382E+000  -3.418043E+000  -1.571797E+000
   1.633240E+000   1.660758E+000   3.645950E+000  -1.514313E+000  -2.833052E+000   4.949487E-001
   1.635839E+000   1.664951E+000   3.716848E+000  -1.855955E+000  -1.808867E+000   2.481400E+000
   1.638445E+000   1.669231E+000   3.786441E+000  -2.153069E+000  -4.690770E-001   3.689446E+000
   1.641055E+000   1.673602E+000   3.854273E+000  -2.395378E+000   9.996422E-001   3.629065E+000
   1.643668E+000   1.678066E+000   3.919857E+000  -2.572931E+000   2.370054E+000   2.302146E+000
   1.646283E+000   1.682624E+000   3.982671E+000  -2.676510E+000   3.409191E+000   2.082009E-001
   1.648897E+000   1.687280E+000   4.042162E+000  -2.698099E+000   3.921257E+000  -1.790439E+000
   1.651509E+000   1.692035E+000   4.097749E+000  -2.631370E+000   3.791276E+000  -2.816040E+000
   1.654118E+000   1.696893E+000   4.148823E+000  -2.472205E+000   3.019858E+000  -2.386434E+000
   1.656722E+000   1.701855E+000   4.194751E+000  -2.219191E+000   1.715317E+000  -6.916762E-001
   1.659338E+000   1.706946E+000   4.234824E+000  -1.876687E+000   1.478031E-001   1.437346E+000
   1.659681E+000   1.707625E+000   4.239654E+000  -1.824760E+000  -6.205771E-002   1.692294E+000
   1.660024E+000   1.708306E+000   4.244369E+000  -1.771332E+000  -2.699308E-001   1.932828E+000
   1.660366E+000   1.708989E+000   4.248968E+000  -1.716423E+000  -4.749937E-001   2.156625E+000
   1.660709E+000   1.709674E+000   4.253448E+000  -1.660053E+000  -6.764273E-001   2.361516E+000
   1.661051E+000   1.710361E+000   4.257810E+000  -1.602241E+000  -8.734182E-001   2.545506E+000
   1.661393E+000   1.711050E+000   4.262050E+000  -1.543012E+000  -1.065163E+000   2.706798E+000
   1.661735E+000   1.711741E+000   4.266168E+000  -1.482389E+000  -1.250873E+000   2.843815E+000
   1.662076E+000   1.712433E+000   4.270162E+000  -1.420395E+000  -1.429774E+000   2.955216E+000
   1.662418E+000   1.713128E+000   4.274030E+000  -1.357059E+000  -1.601115E+000   3.039913E+000
   1.662759E+000   1.713825E+000   4.277770E+000  -1.292406E+000  -1.764167E+000   3.097086E+000
   1.663100E+000   1.714524E+000   4.281383E+000  -1.226465E+000  -1.918229E+000   3.126194E+000
   1.663441E+000   1.715224E+000   4.284864E+000  -1.159267E+000  -2.062632E+000   3.126984E+000
   1.663781E+000   1.715927E+000   4.288214E+000  -1.090842E+000  -2.196741E+000   3.099495E+000
   1.664121E+000   1.716632E+000   4.291431E+000  -1.021223E+000  -2.319960E+000   3.044064E+000
   1.664461E+000   1.717338E+000   4.294513E+000  -9.504428E-001  -2.431732E+000   2.961320E+000
   1.664801E+000   1.718047E+000   4.297458E+000  -8.785372E-001  -2.531546E+000   2.852186E+000
   1.665140E+000   1.718757E+000   4.300266E+000  -8.055422E-001  -2.618937E+000   2.717869E+000
   1.665479E+000   1.719470E+000   4.302935E+000  -7.314949E-001  -2.693492E+000   2.559850E+000
   1.665818E+000   1.720184E+000   4.305462E+000  -6.564342E-001  -2.754849E+000   2.379871E+000
   1.666156E+000   1.720901E+000   4.307847E+000  -5.803997E-001  -2.802701E+000   2.179915E+000
   1.666494E+000   1.721619E+000   4.310089E+000  -5.034326E-001  -2.836800E+000   1.962192E+000
   1.666831E+000   1.722339E+000   4.312185E+000  -4.255751E-001  -2.856955E+000   1.729112E+000
   1.667168E+000   1.723061E+000   4.314135E+000  -3.468707E-001  -2.863038E+000   1.483262E+000
   1.667504E+000   1.723785E+000   4.315937E+000  -2.673640E-001  -2.854984E+000   1.227374E+000
   1.667840E+000   1.724511E+000   4.317590E+000  -1.871008E-001  -2.832791E+000   9.643029E-001
   1.668176E+000   1.725239E+000   4.319091E+000  -1.061279E-001  -2.796523E+000   6.969863E-001
   1.668510E+000   1.725968E+000   4.320441E+000  -2.449333E-002  -2.746309E+000   4.284163E-001
   1.668845E+000   1.726700E+000   4.321637E+000   5.775369E-002  -2.682345E+000   1.616028E-001
   1.669178E+000   1.727433E+000   4.322678E+000   1.405630E-001  -2.604893E+000  -1.004616E-001
   1.669511E+000   1.728168E+000   4.323563E+000   2.238834E-001  -2.514279E+000  -3.548371E-001
   1.669844E+000   1.728905E+000   4.324290E+000   3.076627E-001  -2.410898E+000  -5.986725E-001
   1.670176E+000   1.729643E+000   4.324859E+000   3.918476E-001  -2.295204E+000  -8.292402E-001
   1.670506E+000   1.730384E+000   4.325267E+000   4.763839E-001  -2.167719E+000  -1.043971E+000
   1.670837E+000   1.731126E+000   4.325515E+000   5.612166E-001  -2.029023E+000  -1.240487E+000
   1.671166E+000   1.731870E+000   4.325600E+000   6.462897E-001  -1.879755E+000  -1.416631E+000
   1.671495E+000   1.732615E+000   4.325521E+000   7.315463E-001  -1.720612E+000  -1.570495E+000
   1.671822E+000   1.733363E+000   4.325278E+000   8.169290E-001  -1.552342E+000  -1.700447E+000
   1.672149E+000   1.734112E+000   4.324868E+000   9.023792E-001  -1.375746E+000  -1.805152E+000
   1.672475E+000   1.734862E+000   4.324292E+000   9.878379E-001  -1.191671E+000  -1.883593E+000
   1.672800E+000   1.735614E+000   4.323548E+000   1.073245E+000  -1.001005E+000  -1.935083E+000
   1.673124E+000   1.736368E+000   4.322635E+000   1.158541E+000  -8.046775E-001  -1.959274E+000
   1.673447E+000   1.737123E+000   4.321551E+000   1.243665E+000  -6.036494E-001  -1.956167E+000
   1.673769E+000   1.737880E+000   4.320297E+000   1.328555E+000  -3.989119E-001  -1.926113E+000
   1.674089E+000   1.738638E+000   4.318872E+000   1.413149E+000  -1.914796E-001  -1.869804E+000
   1.674409E+000   1.739398E+000   4.317273E+000   1.497385E+000   1.761443E-002  -1.788270E+000
   1.674727E+000   1.740159E+000   4.315501E+000   1.581201E+000   2.273245E-001  -1.682861E+000
   1.675044E+000   1.740922E+000   4.313555E+000   1.664535E+000   4.365983E-001  -1.555232E+000
   1.675360E+000   1.741686E+000   4.311434E+000   1.747322E+000   6.443826E-001  -1.407320E+000
   1.675674E+000   1.742451E+000   4.309138E+000   1.829500E+000   8.496302E-001  -1.241313E+000
   1.675987E+000   1.743217E+000   4.306665E+000   1.911007E+000   1.051305E+000  -1.059621E+000
   1.676298E+000   1.743985E+000   4.304016E+000   1.991780E+000   1.248391E+000  -8.648417E-001
   1.676608E+000   1.744754E+000   4.301190E+000   2.071755E+000   1.439895E+000  -6.597200E-001
   1.676916E+000   1.745524E+000   4.298187E+000   2.150871E+000   1.624855E+000  -4.471086E-001
   1.677222E+000   1.746295E+000   4.295006E+000   2.229065E+000   1.802348E+000  -2.299242E-001
   1.677527E+000   1.747068E+000   4.291647E+000   2.306276E+000   1.971495E+000  -1.110383E-002
   1.677830E+000   1.747841E+000   4.288111E+000   2.382442E+000   2.131464E+000   2.064402E-001
   1.678131E+000   1.748615E+000   4.284396E+000   2.457505E+000   2.281481E+000   4.198649E-001
   1.678430E+000   1.749390E+000   4.280504E+000   2.531403E+000   2.420831E+000   6.264403E-001
   1.678727E+000   1.750167E+000   4.276434E+000   2.604079E+000   2.548869E+000   8.235911E-001
   1.679022E+000   1.750943E+000   4.272186E+000   2.675475E+000   2.665018E+000   1.008936E+000
   1.679315E+000   1.751721E+000   4.267762E+000   2.745535E+000   2.768776E+000   1.180325E+000
   1.679606E+000   1.752499E+000   4.263160E+000   2.814202E+000   2.859722E+000   1.335868E+000
   1.679894E+000   1.753278E+000   4.258383E+000   2.881425E+000   2.937516E+000   1.473967E+000
   1.680180E+000   1.754057E+000   4.253431E+000   2.947150E+000   3.001906E+000   1.593333E+000
   1.680463E+000   1.754837E+000   4.248305E+000   3.011327E+000   3.052725E+000   1.693006E+000
   1.680744E+000   1.755617E+000   4.243005E+000   3.073907E+000   3.089895E+000   1.772365E+000
   1.681022E+000   1.756398E+000   4.237533E+000   3.134844E+000   3.113428E+000   1.831127E+000
   1.681298E+000   1.757179E+000   4.231890E+000   3.194093E+000   3.123423E+000   1.869349E+000
   1.681570E+000   1.757960E+000   4.226078E+000   3.251612E+000   3.120070E+000   1.887418E+000
   1.681840E+000   1.758741E+000   4.220098E+000   3.307360E+000   3.103646E+000   1.886035E+000
   1.682107E+000   1.759522E+000   4.213953E+000   3.361300E+000   3.074509E+000   1.866189E+000
   1.682370E+000   1.760303E+000   4.207643E+000   3.413398E+000   3.033100E+000   1.829134E+000
   1.682630E+000   1.761084E+000   4.201172E+000   3.463621E+000   2.979934E+000   1.776356E+000
   1.682887E+000   1.761865E+000   4.194542E+000   3.511941E+000   2.915603E+000   1.709539E+000
   1.683141E+000   1.762646E+000   4.187755E+000   3.558331E+000   2.840760E+000   1.630519E+000
   1.683391E+000   1.763426E+000   4.180815E+000   3.602770E+000   2.756120E+000   1.541246E+000
   1.683637E+000   1.764206E+000   4.173723E+000   3.645236E+000   2.662450E+000   1.443739E+000
   1.683880E+000   1.764985E+000   4.166483E+000   3.685715E+000   2.560564E+000   1.340045E+000
   1.684119E+000   1.765763E+000   4.159100E+000   3.724194E+000   2.451314E+000   1.232195E+000
   1.684353E+000   1.766541E+000   4.151575E+000   3.760665E+000   2.335580E+000   1.122159E+000
   1.684584E+000   1.767318E+000   4.143914E+000   3.795122E+000   2.214262E+000   1.011816E+000
   1.684811E+000   1.768094E+000   4.136120E+000   3.827565E+000   2.088273E+000   9.029123E-001
   1.685034E+000   1.768870E+000   4.128198E+000   3.857995E+000   1.958529E+000   7.970372E-001
   1.685252E+000   1.769644E+000   4.120152E+000   3.886420E+000   1.825942E+000   6.955970E-001
   1.685465E+000   1.770417E+000   4.111988E+000   3.912850E+000   1.691408E+000   5.997972E-001
   1.685675E+000   1.771189E+000   4.103709E+000   3.937300E+000   1.555799E+000   5.106314E-001
   1.685879E+000   1.771960E+000   4.095322E+000   3.959788E+000   1.419960E+000   4.288746E-001
   1.686080E+000   1.772730E+000   4.086831E+000   3.980337E+000   1.284696E+000   3.550829E-001
   1.686275E+000   1.773498E+000   4.078243E+000   3.998972E+000   1.150768E+000   2.896004E-001
   1.686465E+000   1.774265E+000   4.069564E+000   4.015725E+000   1.018888E+000   2.325718E-001
   1.686651E+000   1.775030E+000   4.060800E+000   4.030629E+000   8.897103E-001   1.839590E-001
   1.686831E+000   1.775794E+000   4.051956E+000   4.043721E+000   7.638305E-001   1.435594E-001
   1.687007E+000   1.776556E+000   4.043041E+000   4.055043E+000   6.417803E-001   1.110290E-001
   1.687177E+000   1.777317E+000   4.034060E+000   4.064639E+000   5.240260E-001   8.590918E-002
   1.687342E+000   1.778076E+000   4.025021E+000   4.072558E+000   4.109669E-001   6.765416E-002
   1.687502E+000   1.778834E+000   4.015930E+000   4.078848E+000   3.029354E-001   5.565706E-002
   1.687657E+000   1.779589E+000   4.006796E+000   4.083565E+000   2.001960E-001   4.927415E-002
   1.687806E+000   1.780343E+000   3.997625E+000   4.086765E+000   1.029471E-001   4.785001E-002
   1.687950E+000   1.781095E+000   3.988425E+000   4.088506E+000   1.132395E-002   5.074043E-002
   1.688089E+000   1.781846E+000   3.979204E+000   4.088850E+000  -7.459725E-002   5.733178E-002
   1.688222E+000   1.782595E+000   3.969970E+000   4.087860E+000  -1.547969E-001   6.705603E-002
   1.688349E+000   1.783342E+000   3.960731E+000   4.085600E+000  -2.293086E-001   7.940275E-002
   1.688472E+000   1.784087E+000   3.951494E+000   4.082137E+000  -2.982137E-001   9.392817E-002
   1.688588E+000   1.784830E+000   3.942268E+000   4.077538E+000  -3.616348E-001   1.102603E-001
   1.688700E+000   1.785572E+000   3.933061E+000   4.071872E+000  -4.197298E-001   1.281005E-001
   1.688805E+000   1.786312E+000   3.923881E+000   4.065208E+000  -4.726880E-001   1.472215E-001
   1.688906E+000   1.787050E+000   3.914737E+000   4.057615E+000  -5.207249E-001   1.674640E-001
   1.689000E+000   1.787787E+000   3.905636E+000   4.049165E+000  -5.640753E-001   1.887300E-001
   1.689090E+000   1.788522E+000   3.896586E+000   4.039925E+000  -6.029873E-001   2.109747E-001
   1.689174E+000   1.789255E+000   3.887596E+000   4.029967E+000  -6.377168E-001   2.341975E-001
   1.689252E+000   1.789987E+000   3.878673E+000   4.019358E+000  -6.685245E-001   2.584331E-001
   1.689325E+000   1.790718E+000   3.869826E+000   4.008168E+000  -6.956710E-001   2.837417E-001
   1.689393E+000   1.791447E+000   3.861062E+000   3.996464E+000  -7.194118E-001   3.102001E-001
   1.689456E+000   1.792175E+000   3.852390E+000   3.984312E+000  -7.399937E-001   3.378927E-001
   1.689513E+000   1.792901E+000   3.843816E+000   3.971777E+000  -7.576520E-001   3.669047E-001
   1.689565E+000   1.793627E+000   3.835349E+000   3.958923E+000  -7.726089E-001   3.973166E-001
   1.689612E+000   1.794351E+000   3.826995E+000   3.945811E+000  -7.850710E-001   4.291989E-001
   1.689654E+000   1.795074E+000   3.818762E+000   3.932503E+000  -7.952273E-001   4.626092E-001
   1.689691E+000   1.795797E+000   3.810657E+000   3.919057E+000  -8.032485E-001   4.975901E-001
   1.689723E+000   1.796518E+000   3.802686E+000   3.905530E+000  -8.092867E-001   5.341688E-001
   1.689751E+000   1.797239E+000   3.794857E+000   3.891975E+000  -8.134753E-001   5.723574E-001
   1.689773E+000   1.797959E+000   3.787176E+000   3.878447E+000  -8.159294E-001   6.121545E-001
   1.689791E+000   1.798679E+000   3.779650E+000   3.864996E+000  -8.167459E-001   6.535467E-001
   1.689804E+000   1.799398E+000   3.772284E+000   3.851670E+000  -8.160046E-001   6.965114E-001
   1.689813E+000   1.800117E+000   3.765084E+000   3.838515E+000  -8.137694E-001   7.410195E-001
   1.689817E+000   1.800835E+000   3.758056E+000   3.825577E+000  -8.100896E-001   7.870385E-001
   1.689817E+000   1.801554E+000   3.751206E+000   3.812898E+000  -8.050009E-001   8.345349E-001
   1.689813E+000   1.802273E+000   3.744539E+000   3.800518E+000  -7.985272E-001   8.834764E-001
   1.689805E+000   1.802992E+000   3.738060E+000   3.788476E+000  -7.906822E-001   9.338347E-001
   1.689792E+000   1.803711E+000   3.731775E+000   3.776807E+000  -7.814705E-001   9.855868E-001
   1.689776E+000   1.804430E+000   3.725687E+000   3.765547E+000  -7.708893E-001   1.038717E+000
   1.689756E+000   1.805150E+000   3.719802E+000   3.754728E+000  -7.589295E-001   1.093216E+000
   1.689732E+000   1.805871E+000   3.714124E+000   3.744382E+000  -7.455777E-001   1.149085E+000
   1.689705E+000   1.806593E+000   3.708658E+000   3.734536E+000  -7.308167E-001   1.206329E+000
   1.689674E+000   1.807315E+000   3.703406E+000   3.725220E+000  -7.146271E-001   1.264965E+000
   1.689640E+000   1.808039E+000   3.698374E+000   3.716458E+000  -6.969879E-001   1.325015E+000
   1.689603E+000   1.808763E+000   3.693565E+000   3.708275E+000  -6.778778E-001   1.386506E+000
   1.689562E+000   1.809489E+000   3.688982E+000   3.700695E+000  -6.572756E-001   1.449472E+000
   1.689518E+000   1.810217E+000   3.684629E+000   3.693739E+000  -6.351610E-001   1.513950E+000
   1.689472E+000   1.810946E+000   3.680510E+000   3.687427E+000  -6.115151E-001   1.579978E+000
   1.689422E+000   1.811676E+000   3.676627E+000   3.681779E+000  -5.863209E-001   1.647597E+000
   1.689370E+000   1.812409E+000   3.672983E+000   3.676812E+000  -5.595633E-001   1.716848E+000
   1.689316E+000   1.813143E+000   3.669582E+000   3.672545E+000  -5.312295E-001   1.787770E+000
   1.689258E+000   1.813880E+000   3.666426E+000   3.668992E+000  -5.013090E-001   1.860402E+000
   1.689199E+000   1.814619E+000   3.663518E+000   3.666169E+000  -4.697940E-001   1.934780E+000
   1.689137E+000   1.815360E+000   3.660860E+000   3.664090E+000  -4.366788E-001   2.010935E+000
   1.689072E+000   1.816103E+000   3.658455E+000   3.662768E+000  -4.019599E-001   2.088897E+000
   1.689006E+000   1.816849E+000   3.656306E+000   3.662217E+000  -3.656361E-001   2.168690E+000
   1.688938E+000   1.817598E+000   3.654414E+000   3.662447E+000  -3.277078E-001   2.250336E+000
   1.688868E+000   1.818350E+000   3.652782E+000   3.663470E+000  -2.881774E-001   2.333853E+000
   1.688796E+000   1.819105E+000   3.651412E+000   3.665296E+000  -2.470485E-001   2.419255E+000
   1.688722E+000   1.819863E+000   3.650306E+000   3.667936E+000  -2.043257E-001   2.506552E+000
   1.688647E+000   1.820624E+000   3.649467E+000   3.671399E+000  -1.600148E-001   2.595753E+000
   1.688570E+000   1.821388E+000   3.648895E+000   3.675693E+000  -1.141218E-001   2.686863E+000
   1.688492E+000   1.822156E+000   3.648593E+000   3.680828E+000  -6.665316E-002   2.779885E+000
   1.688413E+000   1.822927E+000   3.648563E+000   3.686810E+000  -1.761536E-002   2.874823E+000
   1.688332E+000   1.823702E+000   3.648807E+000   3.693648E+000   3.298540E-002   2.971677E+000
   1.688251E+000   1.824481E+000   3.649326E+000   3.701348E+000   8.514336E-002   3.070449E+000
   1.688168E+000   1.825264E+000   3.650122E+000   3.709917E+000   1.388535E-001   3.171140E+000
   1.688084E+000   1.826050E+000   3.651197E+000   3.719362E+000   1.941116E-001   3.273751E+000
   1.688000E+000   1.826841E+000   3.652552E+000   3.729689E+000   2.509144E-001   3.378286E+000
   1.687915E+000   1.827636E+000   3.654189E+000   3.740904E+000   3.092600E-001   3.484747E+000
   1.687829E+000   1.828436E+000   3.656110E+000   3.753011E+000   3.691475E-001   3.593139E+000
   1.687742E+000   1.829239E+000   3.658316E+000   3.766016E+000   4.305774E-001   3.703469E+000
   1.687655E+000   1.830048E+000   3.660808E+000   3.779925E+000   4.935517E-001   3.815744E+000
   1.687568E+000   1.830861E+000   3.663588E+000   3.794741E+000   5.580734E-001   3.929972E+000
   1.687480E+000   1.831679E+000   3.666657E+000   3.810469E+000   6.241471E-001   4.046163E+000
   1.687392E+000   1.832501E+000   3.670018E+000   3.827114E+000   6.917787E-001   4.164327E+000
   1.687303E+000   1.833329E+000   3.673670E+000   3.844680E+000   7.609752E-001   4.284476E+000
   1.687215E+000   1.834162E+000   3.677617E+000   3.863170E+000   8.317447E-001   4.406620E+000
   1.687126E+000   1.835000E+000   3.681858E+000   3.882589E+000   9.040965E-001   4.530772E+000
   1.687038E+000   1.835843E+000   3.686396E+000   3.902939E+000   9.780407E-001   4.656941E+000
   1.686949E+000   1.836691E+000   3.691232E+000   3.924225E+000   1.053588E+000   4.785140E+000
   1.686861E+000   1.837545E+000   3.696367E+000   3.946450E+000   1.130751E+000   4.915377E+000
   1.686773E+000   1.838404E+000   3.701803E+000   3.969617E+000   1.209540E+000   5.047664E+000
   1.686685E+000   1.839269E+000   3.707540E+000   3.993729E+000   1.289969E+000   5.182007E+000
   1.686598E+000   1.840140E+000   3.713581E+000   4.018789E+000   1.372051E+000   5.318416E+000
   1.686511E+000   1.841016E+000   3.719926E+000   4.044799E+000   1.455797E+000   5.456896E+000
   1.686424E+000   1.841899E+000   3.726577E+000   4.071764E+000   1.541222E+000   5.597456E+000
   1.686338E+000   1.842787E+000   3.733535E+000   4.099685E+000   1.628337E+000   5.740101E+000
   1.686252E+000   1.843681E+000   3.740801E+000   4.128565E+000   1.717156E+000   5.884837E+000
   1.686167E+000   1.844581E+000   3.748378E+000   4.158407E+000   1.807691E+000   6.031671E+000
   1.686083E+000   1.845488E+000   3.756265E+000   4.189213E+000   1.899953E+000   6.180608E+000
   1.686000E+000   1.846401E+000   3.764464E+000   4.220985E+000   1.993953E+000   6.331658E+000
   1.685917E+000   1.847320E+000   3.772977E+000   4.253727E+000   2.089703E+000   6.484827E+000
   1.685835E+000   1.848245E+000   3.781805E+000   4.287441E+000   2.187213E+000   6.640125E+000
   1.685754E+000   1.849177E+000   3.790950E+000   4.322129E+000   2.286492E+000   6.797561E+000
   1.685674E+000   1.850116E+000   3.800411E+000   4.357793E+000   2.387551E+000   6.957147E+000
   1.685595E+000   1.851061E+000   3.810192E+000   4.394436E+000   2.490396E+000   7.118895E+000
   1.685517E+000   1.852013E+000   3.820293E+000   4.432060E+000   2.595036E+000   7.282818E+000
   1.685440E+000   1.852972E+000   3.830715E+000   4.470668E+000   2.701478E+000   7.448929E+000
   1.685364E+000   1.853938E+000   3.841459E+000   4.510261E+000   2.809730E+000   7.617242E+000
   1.685290E+000   1.854910E+000   3.852528E+000   4.550843E+000   2.919796E+000   7.787770E+000
   1.685216E+000   1.855890E+000   3.863922E+000   4.592415E+000   3.031685E+000   7.960528E+000
   1.685144E+000   1.856876E+000   3.875643E+000   4.634981E+000   3.145400E+000   8.135528E+000
   1.685073E+000   1.857870E+000   3.887692E+000   4.678541E+000   3.260947E+000   8.312783E+000
   1.685003E+000   1.858871E+000   3.900070E+000   4.723100E+000   3.378332E+000   8.492303E+000
   1.684935E+000   1.859879E+000   3.912779E+000   4.768659E+000   3.497558E+000   8.674101E+000
   1.684868E+000   1.860894E+000   3.925819E+000   4.815221E+000   3.618631E+000   8.858183E+000
   1.684802E+000   1.861917E+000   3.939193E+000   4.862788E+000   3.741554E+000   9.044560E+000
   1.684532E+000   1.866495E+000   4.001882E+000   5.083569E+000   4.303204E+000   9.890057E+000
   1.684292E+000   1.871222E+000   4.071138E+000   5.324012E+000   4.901043E+000   1.078042E+001
   1.684084E+000   1.876100E+000   4.147079E+000   5.584374E+000   5.535587E+000   1.171628E+001
   1.683911E+000   1.881136E+000   4.229826E+000   5.864936E+000   6.207453E+000   1.269851E+001
   1.683773E+000   1.886333E+000   4.319507E+000   6.166009E+000   6.917323E+000   1.372802E+001
   1.683673E+000   1.891694E+000   4.416250E+000   6.487929E+000   7.665873E+000   1.480565E+001
   1.683610E+000   1.897224E+000   4.520187E+000   6.831057E+000   8.453729E+000   1.593222E+001
   1.683587E+000   1.902925E+000   4.631456E+000   7.195777E+000   9.281468E+000   1.710867E+001
   1.683602E+000   1.908802E+000   4.750197E+000   7.582487E+000   1.014968E+001   1.833600E+001
   1.683658E+000   1.914857E+000   4.876553E+000   7.991599E+000   1.105903E+001   1.961516E+001
   1.683753E+000   1.921093E+000   5.010673E+000   8.423527E+000   1.201034E+001   2.094696E+001
   1.683888E+000   1.927513E+000   5.152708E+000   8.878688E+000   1.300448E+001   2.233228E+001
   1.684062E+000   1.934121E+000   5.302811E+000   9.357492E+000   1.404233E+001   2.377208E+001
   1.684276E+000   1.940918E+000   5.461142E+000   9.860343E+000   1.512469E+001   2.526741E+001
   1.684529E+000   1.947907E+000   5.627860E+000   1.038764E+001   1.625225E+001   2.681932E+001
   1.684820E+000   1.955092E+000   5.803131E+000   1.093975E+001   1.742569E+001   2.842883E+001
   1.685148E+000   1.962475E+000   5.987119E+000   1.151708E+001   1.864577E+001   3.009700E+001
   1.685514E+000   1.970058E+000   6.179995E+000   1.211998E+001   1.991330E+001   3.182493E+001
   1.685916E+000   1.977845E+000   6.381928E+000   1.274883E+001   2.122919E+001   3.361371E+001
   1.686354E+000   1.985837E+000   6.593094E+000   1.340403E+001   2.259432E+001   3.546438E+001
   1.686826E+000   1.994037E+000   6.813666E+000   1.408597E+001   2.400954E+001   3.737809E+001
   1.687332E+000   2.002449E+000   7.043823E+000   1.479506E+001   2.547573E+001   3.935606E+001
   1.687870E+000   2.011075E+000   7.283743E+000   1.553173E+001   2.699382E+001   4.139953E+001
   1.688439E+000   2.019917E+000   7.533607E+000   1.629647E+001   2.856481E+001   4.350968E+001
   1.689040E+000   2.028979E+000   7.793597E+000   1.708974E+001   3.018973E+001   4.568778E+001
   1.689669E+000   2.038263E+000   8.063899E+000   1.791206E+001   3.186961E+001   4.793511E+001
   1.690327E+000   2.047773E+000   8.344697E+000   1.876397E+001   3.360542E+001   5.025293E+001
   1.691012E+000   2.057511E+000   8.636182E+000   1.964602E+001   3.539814E+001   5.264257E+001
   1.691724E+000   2.067480E+000   8.938542E+000   2.055878E+001   3.724878E+001   5.510543E+001
   1.692460E+000   2.077684E+000   9.251972E+000   2.150284E+001   3.915841E+001   5.764292E+001
   1.693220E+000   2.088126E+000   9.576667E+000   2.247879E+001   4.112816E+001   6.025646E+001
   1.694003E+000   2.098809E+000   9.912827E+000   2.348724E+001   4.315919E+001   6.294748E+001
   1.694808E+000   2.109737E+000   1.026065E+001   2.452881E+001   4.525265E+001   6.571748E+001
   1.695633E+000   2.120914E+000   1.062035E+001   2.560411E+001   4.740972E+001   6.856797E+001
   1.696477E+000   2.132343E+000   1.099214E+001   2.671377E+001   4.963163E+001   7.150050E+001
   1.697340E+000   2.144027E+000   1.137623E+001   2.785845E+001   5.191964E+001   7.451669E+001
   1.698220E+000   2.155972E+000   1.177284E+001   2.903878E+001   5.427500E+001   7.761817E+001
   1.699117E+000   2.168181E+000   1.218220E+001   3.025544E+001   5.669900E+001   8.080657E+001
   1.700028E+000   2.180657E+000   1.260455E+001   3.150910E+001   5.919289E+001   8.408360E+001
   1.700954E+000   2.193407E+000   1.304011E+001   3.280045E+001   6.175802E+001   8.745099E+001
   1.701893E+000   2.206433E+000   1.348915E+001   3.413023E+001   6.439578E+001   9.091051E+001
   1.702844E+000   2.219741E+000   1.395191E+001   3.549914E+001   6.710762E+001   9.446399E+001
   1.703807E+000   2.233335E+000   1.442866E+001   3.690795E+001   6.989499E+001   9.811330E+001
   1.704780E+000   2.247220E+000   1.491966E+001   3.835741E+001   7.275936E+001   1.018603E+002
   1.705762E+000   2.261402E+000   1.542519E+001   3.984831E+001   7.570223E+001   1.057069E+002
   1.706753E+000   2.275885E+000   1.594553E+001   4.138144E+001   7.872515E+001   1.096552E+002
   1.707751E+000   2.290675E+000   1.648098E+001   4.295758E+001   8.182968E+001   1.137071E+002
   1.708757E+000   2.305777E+000   1.703183E+001   4.457757E+001   8.501741E+001   1.178647E+002
   1.709768E+000   2.321196E+000   1.759839E+001   4.624222E+001   8.828998E+001   1.221301E+002
   1.710785E+000   2.336940E+000   1.818098E+001   4.795240E+001   9.164908E+001   1.265056E+002
   1.711806E+000   2.353014E+000   1.877991E+001   4.970898E+001   9.509646E+001   1.309932E+002
   1.712831E+000   2.369423E+000   1.939551E+001   5.151287E+001   9.863388E+001   1.355953E+002
   1.713859E+000   2.386175E+000   2.002811E+001   5.336503E+001   1.022631E+002   1.403141E+002
   1.714890E+000   2.403275E+000   2.067806E+001   5.526641E+001   1.059861E+002   1.451521E+002
   1.715922E+000   2.420731E+000   2.134570E+001   5.721804E+001   1.098045E+002   1.501117E+002
   1.716956E+000   2.438549E+000   2.203137E+001   5.922092E+001   1.137204E+002   1.551952E+002
   1.717989E+000   2.456736E+000   2.273545E+001   6.127610E+001   1.177357E+002   1.604052E+002
   1.719023E+000   2.475301E+000   2.345830E+001   6.338464E+001   1.218525E+002   1.657444E+002
   1.720056E+000   2.494249E+000   2.420027E+001   6.554758E+001   1.260727E+002   1.712153E+002
   1.721088E+000   2.513589E+000   2.496176E+001   6.776601E+001   1.303986E+002   1.768206E+002
   1.722118E+000   2.533328E+000   2.574315E+001   7.004103E+001   1.348321E+002   1.825631E+002
   1.723146E+000   2.553475E+000   2.654482E+001   7.237375E+001   1.393756E+002   1.884456E+002
   1.724171E+000   2.574038E+000   2.736718E+001   7.476535E+001   1.440312E+002   1.944710E+002
   1.725193E+000   2.595025E+000   2.821064E+001   7.721701E+001   1.488012E+002   2.006421E+002
   1.726212E+000   2.616444E+000   2.907561E+001   7.972995E+001   1.536880E+002   2.069621E+002
   1.727226E+000   2.638306E+000   2.996251E+001   8.230542E+001   1.586940E+002   2.134339E+002
   1.728236E+000   2.660619E+000   3.087179E+001   8.494468E+001   1.638217E+002   2.200607E+002
   1.729242E+000   2.683391E+000   3.180389E+001   8.764902E+001   1.690734E+002   2.268458E+002
   1.730242E+000   2.706634E+000   3.275926E+001   9.041976E+001   1.744518E+002   2.337923E+002
   1.731236E+000   2.730355E+000   3.373838E+001   9.325825E+001   1.799595E+002   2.409037E+002
   1.732225E+000   2.754567E+000   3.474173E+001   9.616588E+001   1.855991E+002   2.481833E+002
   1.733208E+000   2.779278E+000   3.576979E+001   9.914407E+001   1.913734E+002   2.556346E+002
   1.734184E+000   2.804499E+000   3.682308E+001   1.021943E+002   1.972852E+002   2.632613E+002
   1.735154E+000   2.830242E+000   3.790211E+001   1.053180E+002   2.033372E+002   2.710670E+002
   1.736116E+000   2.856516E+000   3.900740E+001   1.085168E+002   2.095325E+002   2.790553E+002
   1.737072E+000   2.883334E+000   4.013951E+001   1.117922E+002   2.158740E+002   2.872302E+002
   1.738020E+000   2.910706E+000   4.129899E+001   1.151458E+002   2.223647E+002   2.955955E+002
   1.738960E+000   2.938645E+000   4.248639E+001   1.185792E+002   2.290078E+002   3.041552E+002
   1.739893E+000   2.967163E+000   4.370231E+001   1.220940E+002   2.358063E+002   3.129134E+002
   1.740818E+000   2.996271E+000   4.494733E+001   1.256919E+002   2.427637E+002   3.218742E+002
   1.741734E+000   3.025983E+000   4.622206E+001   1.293747E+002   2.498831E+002   3.310419E+002
   1.742643E+000   3.056312E+000   4.752711E+001   1.331440E+002   2.571679E+002   3.404208E+002
   1.743542E+000   3.087270E+000   4.886311E+001   1.370018E+002   2.646217E+002   3.500154E+002
   1.744434E+000   3.118871E+000   5.023072E+001   1.409498E+002   2.722480E+002   3.598302E+002
   1.745316E+000   3.151130E+000   5.163058E+001   1.449899E+002   2.800503E+002   3.698698E+002
   1.746190E+000   3.184059E+000   5.306338E+001   1.491241E+002   2.880325E+002   3.801390E+002
   1.747055E+000   3.217674E+000   5.452979E+001   1.533543E+002   2.961982E+002   3.906426E+002
   1.747911E+000   3.251989E+000   5.603052E+001   1.576826E+002   3.045513E+002   4.013856E+002
   1.748757E+000   3.287020E+000   5.756628E+001   1.621109E+002   3.130958E+002   4.123730E+002
   1.749595E+000   3.322781E+000   5.913782E+001   1.666415E+002   3.218357E+002   4.236100E+002
   1.750423E+000   3.359289E+000   6.074587E+001   1.712764E+002   3.307751E+002   4.351019E+002
   1.751242E+000   3.396560E+000   6.239122E+001   1.760179E+002   3.399182E+002   4.468540E+002
   1.752052E+000   3.434609E+000   6.407462E+001   1.808681E+002   3.492694E+002   4.588719E+002
   1.752853E+000   3.473455E+000   6.579690E+001   1.858294E+002   3.588330E+002   4.711612E+002
   1.753644E+000   3.513114E+000   6.755887E+001   1.909041E+002   3.686135E+002   4.837276E+002
   1.754425E+000   3.553604E+000   6.936135E+001   1.960946E+002   3.786155E+002   4.965771E+002
   1.755198E+000   3.594943E+000   7.120521E+001   2.014033E+002   3.888437E+002   5.097156E+002
   1.755960E+000   3.637149E+000   7.309131E+001   2.068327E+002   3.993029E+002   5.231493E+002
   1.756714E+000   3.680241E+000   7.502054E+001   2.123854E+002   4.099980E+002   5.368845E+002
   1.757458E+000   3.724238E+000   7.699382E+001   2.180641E+002   4.209340E+002   5.509276E+002
   1.758192E+000   3.769160E+000   7.901207E+001   2.238712E+002   4.321160E+002   5.652851E+002
   1.758918E+000   3.815026E+000   8.107625E+001   2.298097E+002   4.435492E+002   5.799636E+002
   1.759634E+000   3.861858E+000   8.318731E+001   2.358822E+002   4.552390E+002   5.949702E+002
   1.760340E+000   3.909677E+000   8.534626E+001   2.420917E+002   4.671909E+002   6.103117E+002
   1.761037E+000   3.958503E+000   8.755410E+001   2.484409E+002   4.794103E+002   6.259953E+002
   1.761725E+000   4.008359E+000   8.981188E+001   2.549330E+002   4.919031E+002   6.420282E+002
   1.762404E+000   4.059266E+000   9.212064E+001   2.615708E+002   5.046749E+002   6.584180E+002
   1.763073E+000   4.111248E+000   9.448147E+001   2.683576E+002   5.177318E+002   6.751723E+002
   1.763734E+000   4.164329E+000   9.689548E+001   2.752964E+002   5.310799E+002   6.922988E+002
   1.764385E+000   4.218531E+000   9.936378E+001   2.823905E+002   5.447253E+002   7.098054E+002
   1.765027E+000   4.273880E+000   1.018875E+002   2.896432E+002   5.586745E+002   7.277004E+002
   1.765661E+000   4.330400E+000   1.044679E+002   2.970580E+002   5.729338E+002   7.459920E+002
   1.766285E+000   4.388116E+000   1.071062E+002   3.046382E+002   5.875099E+002   7.646887E+002
   1.766901E+000   4.447056E+000   1.098035E+002   3.123874E+002   6.024095E+002   7.837992E+002
   1.767508E+000   4.507244E+000   1.125611E+002   3.203092E+002   6.176397E+002   8.033323E+002
   1.768106E+000   4.568709E+000   1.153803E+002   3.284072E+002   6.332074E+002   8.232970E+002
   1.768695E+000   4.631478E+000   1.182624E+002   3.366852E+002   6.491199E+002   8.437027E+002
   1.769276E+000   4.695579E+000   1.212089E+002   3.451472E+002   6.653845E+002   8.645587E+002
   1.769849E+000   4.761042E+000   1.242209E+002   3.537969E+002   6.820088E+002   8.858747E+002
   1.770413E+000   4.827896E+000   1.273000E+002   3.626384E+002   6.990005E+002   9.076606E+002
   1.770969E+000   4.896171E+000   1.304475E+002   3.716758E+002   7.163674E+002   9.299264E+002
   1.771517E+000   4.965898E+000   1.336650E+002   3.809134E+002   7.341176E+002   9.526825E+002
   1.772056E+000   5.037109E+000   1.369540E+002   3.903553E+002   7.522594E+002   9.759393E+002
   1.772588E+000   5.109836E+000   1.403159E+002   4.000060E+002   7.708010E+002   9.997076E+002
   1.773111E+000   5.184112E+000   1.437523E+002   4.098699E+002   7.897510E+002   1.023998E+003
   1.773627E+000   5.259970E+000   1.472648E+002   4.199516E+002   8.091183E+002   1.048823E+003
   1.774135E+000   5.337445E+000   1.508550E+002   4.302558E+002   8.289117E+002   1.074192E+003
   1.774636E+000   5.416573E+000   1.545247E+002   4.407871E+002   8.491405E+002   1.100119E+003
   1.775129E+000   5.497389E+000   1.582754E+002   4.515506E+002   8.698139E+002   1.126614E+003
   1.775614E+000   5.579929E+000   1.621090E+002   4.625511E+002   8.909415E+002   1.153690E+003
   1.776092E+000   5.664232E+000   1.660272E+002   4.737938E+002   9.125331E+002   1.181360E+003
   1.776563E+000   5.750336E+000   1.700318E+002   4.852839E+002   9.345985E+002   1.209636E+003
   1.777027E+000   5.838279E+000   1.741247E+002   4.970265E+002   9.571481E+002   1.238532E+003
   1.777483E+000   5.928102E+000   1.783078E+002   5.090273E+002   9.801921E+002   1.268060E+003
   1.777933E+000   6.019846E+000   1.825829E+002   5.212917E+002   1.003741E+003   1.298234E+003
   1.778376E+000   6.113552E+000   1.869522E+002   5.338253E+002   1.027806E+003   1.329068E+003
   1.778812E+000   6.209264E+000   1.914175E+002   5.466340E+002   1.052399E+003   1.360577E+003
   1.779242E+000   6.307025E+000   1.959810E+002   5.597236E+002   1.077529E+003   1.392774E+003
   1.779665E+000   6.406878E+000   2.006447E+002   5.731003E+002   1.103210E+003   1.425675E+003
   1.780081E+000   6.508871E+000   2.054108E+002   5.867701E+002   1.129452E+003   1.459295E+003
   1.780492E+000   6.613050E+000   2.102816E+002   6.007393E+002   1.156268E+003   1.493649E+003
   1.780896E+000   6.719461E+000   2.152592E+002   6.150145E+002   1.183670E+003   1.528753E+003
   1.781294E+000   6.828154E+000   2.203459E+002   6.296021E+002   1.211672E+003   1.564624E+003
   1.781686E+000   6.939178E+000   2.255442E+002   6.445088E+002   1.240284E+003   1.601277E+003
   1.782072E+000   7.052583E+000   2.308563E+002   6.597417E+002   1.269522E+003   1.638729E+003
   1.782452E+000   7.168423E+000   2.362848E+002   6.753075E+002   1.299398E+003   1.676998E+003
   1.782827E+000   7.286749E+000   2.418321E+002   6.912136E+002   1.329926E+003   1.716102E+003
   1.783197E+000   7.407616E+000   2.475008E+002   7.074672E+002   1.361120E+003   1.756058E+003
   1.783561E+000   7.531079E+000   2.532935E+002   7.240758E+002   1.392995E+003   1.796884E+003
   1.783919E+000   7.657194E+000   2.592128E+002   7.410471E+002   1.425564E+003   1.838600E+003
   1.784273E+000   7.786019E+000   2.652616E+002   7.583887E+002   1.458844E+003   1.881224E+003
   1.784621E+000   7.917614E+000   2.714425E+002   7.761088E+002   1.492848E+003   1.924777E+003
   1.784965E+000   8.052037E+000   2.777584E+002   7.942154E+002   1.527594E+003   1.969277E+003
   1.785304E+000   8.189351E+000   2.842122E+002   8.127169E+002   1.563096E+003   2.014746E+003
   1.785638E+000   8.329619E+000   2.908069E+002   8.316217E+002   1.599372E+003   2.061204E+003
   1.785967E+000   8.472904E+000   2.975455E+002   8.509385E+002   1.636437E+003   2.108673E+003
   1.786292E+000   8.619273E+000   3.044311E+002   8.706762E+002   1.674309E+003   2.157175E+003
   1.786613E+000   8.768792E+000   3.114669E+002   8.908438E+002   1.713005E+003   2.206730E+003
   1.786930E+000   8.921529E+000   3.186560E+002   9.114506E+002   1.752543E+003   2.257363E+003
   1.787242E+000   9.077555E+000   3.260018E+002   9.325061E+002   1.792941E+003   2.309097E+003
   1.787551E+000   9.236940E+000   3.335076E+002   9.540198E+002   1.834217E+003   2.361955E+003
   1.787856E+000   9.399759E+000   3.411770E+002   9.760016E+002   1.876391E+003   2.415961E+003
   1.788157E+000   9.566085E+000   3.490133E+002   9.984616E+002   1.919481E+003   2.471140E+003
   1.788455E+000   9.735994E+000   3.570202E+002   1.021410E+003   1.963508E+003   2.527518E+003
   1.788749E+000   9.909564E+000   3.652014E+002   1.044858E+003   2.008491E+003   2.585119E+003
   1.789040E+000   1.008687E+001   3.735606E+002   1.068815E+003   2.054451E+003   2.643971E+003
   1.789329E+000   1.026801E+001   3.821016E+002   1.093292E+003   2.101409E+003   2.704100E+003
   1.789614E+000   1.045304E+001   3.908283E+002   1.118302E+003   2.149387E+003   2.765534E+003
   1.789896E+000   1.064207E+001   3.997447E+002   1.143855E+003   2.198406E+003   2.828301E+003
   1.790176E+000   1.083517E+001   4.088549E+002   1.169963E+003   2.248489E+003   2.892429E+003
   1.790454E+000   1.103243E+001   4.181631E+002   1.196637E+003   2.299658E+003   2.957948E+003
   1.790729E+000   1.123395E+001   4.276734E+002   1.223891E+003   2.351938E+003   3.024887E+003
   1.791003E+000   1.143981E+001   4.373903E+002   1.251736E+003   2.405351E+003   3.093278E+003
   1.791274E+000   1.165011E+001   4.473181E+002   1.280185E+003   2.459922E+003   3.163150E+003
   1.791544E+000   1.186495E+001   4.574614E+002   1.309251E+003   2.515676E+003   3.234537E+003
   1.791812E+000   1.208441E+001   4.678248E+002   1.338947E+003   2.572639E+003   3.307469E+003
   1.792079E+000   1.230862E+001   4.784129E+002   1.369288E+003   2.630836E+003   3.381982E+003
   1.792345E+000   1.253765E+001   4.892307E+002   1.400285E+003   2.690293E+003   3.458108E+003
   1.792609E+000   1.277163E+001   5.002831E+002   1.431955E+003   2.751038E+003   3.535881E+003
   1.792874E+000   1.301065E+001   5.115749E+002   1.464310E+003   2.813098E+003   3.615338E+003
   1.793138E+000   1.325482E+001   5.231114E+002   1.497366E+003   2.876501E+003   3.696514E+003
   1.793401E+000   1.350425E+001   5.348979E+002   1.531138E+003   2.941276E+003   3.779446E+003
   1.793665E+000   1.375907E+001   5.469395E+002   1.565640E+003   3.007452E+003   3.864171E+003
   1.793929E+000   1.401938E+001   5.592418E+002   1.600889E+003   3.075060E+003   3.950728E+003
   1.794194E+000   1.428529E+001   5.718103E+002   1.636901E+003   3.144129E+003   4.039156E+003
   1.794459E+000   1.455694E+001   5.846507E+002   1.673691E+003   3.214691E+003   4.129495E+003
   1.794726E+000   1.483444E+001   5.977687E+002   1.711276E+003   3.286777E+003   4.221784E+003
   1.794994E+000   1.511791E+001   6.111704E+002   1.749673E+003   3.360421E+003   4.316066E+003
   1.795264E+000   1.540750E+001   6.248616E+002   1.788900E+003   3.435654E+003   4.412384E+003
   1.795537E+000   1.570331E+001   6.388485E+002   1.828974E+003   3.512511E+003   4.510780E+003
   1.795812E+000   1.600550E+001   6.531375E+002   1.869912E+003   3.591027E+003   4.611297E+003
   1.796089E+000   1.631418E+001   6.677348E+002   1.911734E+003   3.671235E+003   4.713983E+003
   1.796370E+000   1.662951E+001   6.826470E+002   1.954457E+003   3.753173E+003   4.818881E+003
   1.796655E+000   1.695162E+001   6.978807E+002   1.998102E+003   3.836876E+003   4.926038E+003
   1.796944E+000   1.728066E+001   7.134428E+002   2.042686E+003   3.922382E+003   5.035504E+003
   1.797238E+000   1.761677E+001   7.293400E+002   2.088231E+003   4.009728E+003   5.147325E+003
   1.797537E+000   1.796009E+001   7.455795E+002   2.134756E+003   4.098954E+003   5.261551E+003
   1.797842E+000   1.831079E+001   7.621684E+002   2.182281E+003   4.190098E+003   5.378233E+003
   1.798153E+000   1.866901E+001   7.791141E+002   2.230828E+003   4.283201E+003   5.497421E+003
   1.798470E+000   1.903492E+001   7.964238E+002   2.280418E+003   4.378304E+003   5.619170E+003
   1.798795E+000   1.940867E+001   8.141054E+002   2.331073E+003   4.475448E+003   5.743530E+003
   1.799129E+000   1.979044E+001   8.321663E+002   2.382814E+003   4.574675E+003   5.870558E+003
   1.799471E+000   2.018037E+001   8.506145E+002   2.435665E+003   4.676029E+003   6.000308E+003
   1.799822E+000   2.057865E+001   8.694581E+002   2.489648E+003   4.779553E+003   6.132835E+003
   1.800184E+000   2.098544E+001   8.887050E+002   2.544786E+003   4.885293E+003   6.268198E+003
   1.800557E+000   2.140092E+001   9.083636E+002   2.601103E+003   4.993293E+003   6.406455E+003
   1.800942E+000   2.182528E+001   9.284423E+002   2.658623E+003   5.103601E+003   6.547664E+003
   1.801339E+000   2.225868E+001   9.489497E+002   2.717371E+003   5.216262E+003   6.691886E+003
   1.801751E+000   2.270132E+001   9.698944E+002   2.777372E+003   5.331324E+003   6.839182E+003
   1.802177E+000   2.315338E+001   9.912852E+002   2.838650E+003   5.448836E+003   6.989614E+003
   1.802620E+000   2.361505E+001   1.013131E+003   2.901232E+003   5.568848E+003   7.143244E+003
   1.803079E+000   2.408652E+001   1.035441E+003   2.965143E+003   5.691409E+003   7.300137E+003
   1.803557E+000   2.456799E+001   1.058225E+003   3.030411E+003   5.816569E+003   7.460358E+003
   1.804054E+000   2.505966E+001   1.081491E+003   3.097061E+003   5.944380E+003   7.623972E+003
   1.804573E+000   2.556173E+001   1.105250E+003   3.165120E+003   6.074895E+003   7.791046E+003
   1.805114E+000   2.607441E+001   1.129510E+003   3.234618E+003   6.208166E+003   7.961647E+003
   1.805678E+000   2.659789E+001   1.154282E+003   3.305580E+003   6.344245E+003   8.135844E+003
   1.806269E+000   2.713240E+001   1.179576E+003   3.378036E+003   6.483188E+003   8.313706E+003
   1.806887E+000   2.767813E+001   1.205401E+003   3.452013E+003   6.625049E+003   8.495302E+003
   1.807534E+000   2.823530E+001   1.231767E+003   3.527541E+003   6.769883E+003   8.680704E+003
   1.808212E+000   2.880413E+001   1.258684E+003   3.604648E+003   6.917744E+003   8.869982E+003
   1.808924E+000   2.938484E+001   1.286164E+003   3.683364E+003   7.068691E+003   9.063208E+003
   1.809671E+000   2.997764E+001   1.314215E+003   3.763719E+003   7.222778E+003   9.260454E+003
   1.810455E+000   3.058276E+001   1.342849E+003   3.845741E+003   7.380063E+003   9.461793E+003
   1.811280E+000   3.120041E+001   1.372075E+003   3.929460E+003   7.540603E+003   9.667298E+003
   1.812148E+000   3.183082E+001   1.401904E+003   4.014907E+003   7.704454E+003   9.877042E+003
   1.813061E+000   3.247422E+001   1.432347E+003   4.102111E+003   7.871675E+003   1.009110E+004
   1.814023E+000   3.313081E+001   1.463414E+003   4.191103E+003   8.042323E+003   1.030954E+004
   1.815037E+000   3.380084E+001   1.495115E+003   4.281911E+003   8.216455E+003   1.053245E+004
   1.816105E+000   3.448451E+001   1.527462E+003   4.374566E+003   8.394128E+003   1.075988E+004
   1.817232E+000   3.518206E+001   1.560463E+003   4.469099E+003   8.575399E+003   1.099192E+004
   1.818420E+000   3.589370E+001   1.594130E+003   4.565537E+003   8.760325E+003   1.122864E+004
   1.819675E+000   3.661965E+001   1.628473E+003   4.663910E+003   8.948961E+003   1.147011E+004
   1.820999E+000   3.736013E+001   1.663501E+003   4.764247E+003   9.141363E+003   1.171640E+004
   1.822398E+000   3.811535E+001   1.699225E+003   4.866577E+003   9.337585E+003   1.196757E+004
   1.823876E+000   3.888552E+001   1.735655E+003   4.970927E+003   9.537681E+003   1.222371E+004
   1.825437E+000   3.967084E+001   1.772799E+003   5.077324E+003   9.741701E+003   1.248487E+004
   1.827087E+000   4.047151E+001   1.810667E+003   5.185794E+003   9.949698E+003   1.275112E+004
   1.828831E+000   4.128773E+001   1.849268E+003   5.296364E+003   1.016172E+004   1.302252E+004
   1.830675E+000   4.211968E+001   1.888611E+003   5.409058E+003   1.037781E+004   1.329913E+004
   1.832625E+000   4.296754E+001   1.928703E+003   5.523899E+003   1.059802E+004   1.358102E+004
   1.834686E+000   4.383149E+001   1.969553E+003   5.640909E+003   1.082239E+004   1.386822E+004
   1.836866E+000   4.471167E+001   2.011168E+003   5.760110E+003   1.105096E+004   1.416080E+004
   1.839170E+000   4.560823E+001   2.053554E+003   5.881520E+003   1.128377E+004   1.445881E+004
   1.841608E+000   4.652132E+001   2.096717E+003   6.005156E+003   1.152085E+004   1.476228E+004
   1.844185E+000   4.745106E+001   2.140664E+003   6.131035E+003   1.176222E+004   1.507125E+004
   1.846910E+000   4.839754E+001   2.185398E+003   6.259170E+003   1.200792E+004   1.538576E+004
   1.849791E+000   4.936086E+001   2.230923E+003   6.389572E+003   1.225797E+004   1.570583E+004
   1.852836E+000   5.034110E+001   2.277244E+003   6.522250E+003   1.251238E+004   1.603149E+004
   1.856056E+000   5.133830E+001   2.324361E+003   6.657209E+003   1.277116E+004   1.636275E+004
   1.859457E+000   5.235250E+001   2.372275E+003   6.794453E+003   1.303433E+004   1.669961E+004
   1.863052E+000   5.338370E+001   2.420988E+003   6.933982E+003   1.330187E+004   1.704209E+004
   1.866849E+000   5.443190E+001   2.470497E+003   7.075792E+003   1.357380E+004   1.739016E+004
   1.870859E+000   5.549704E+001   2.520800E+003   7.219876E+003   1.385008E+004   1.774381E+004
   1.875092E+000   5.657905E+001   2.571893E+003   7.366224E+003   1.413070E+004   1.810301E+004
   1.879560E+000   5.767784E+001   2.623771E+003   7.514819E+003   1.441563E+004   1.846774E+004
   1.884274E+000   5.879328E+001   2.676428E+003   7.665644E+003   1.470483E+004   1.883793E+004
   1.889245E+000   5.992519E+001   2.729855E+003   7.818673E+003   1.499826E+004   1.921354E+004
   1.894487E+000   6.107338E+001   2.784041E+003   7.973878E+003   1.529587E+004   1.959448E+004
   1.900010E+000   6.223762E+001   2.838975E+003   8.131226E+003   1.559758E+004   1.998069E+004
   1.905827E+000   6.341762E+001   2.894644E+003   8.290677E+003   1.590332E+004   2.037205E+004
   1.911951E+000   6.461306E+001   2.951032E+003   8.452187E+003   1.621302E+004   2.076847E+004
   1.918394E+000   6.582360E+001   3.008121E+003   8.615705E+003   1.652656E+004   2.116981E+004
   1.925170E+000   6.704883E+001   3.065892E+003   8.781175E+003   1.684384E+004   2.157595E+004
   1.932292E+000   6.828830E+001   3.124323E+003   8.948536E+003   1.716475E+004   2.198673E+004
   1.939771E+000   6.954153E+001   3.183390E+003   9.117719E+003   1.748916E+004   2.240198E+004
   1.947622E+000   7.080797E+001   3.243068E+003   9.288650E+003   1.781691E+004   2.282152E+004
   1.955856E+000   7.208706E+001   3.303328E+003   9.461248E+003   1.814787E+004   2.324515E+004
   1.964487E+000   7.337815E+001   3.364140E+003   9.635426E+003   1.848185E+004   2.367265E+004
   1.973526E+000   7.468058E+001   3.425471E+003   9.811092E+003   1.881868E+004   2.410381E+004
   1.982986E+000   7.599363E+001   3.487287E+003   9.988144E+003   1.915817E+004   2.453837E+004
   1.992878E+000   7.731651E+001   3.549550E+003   1.016648E+004   1.950012E+004   2.497608E+004
   2.003214E+000   7.864844E+001   3.612222E+003   1.034598E+004   1.984432E+004   2.541666E+004
   2.014002E+000   7.998854E+001   3.675262E+003   1.052654E+004   2.019053E+004   2.585982E+004
   2.025254E+000   8.133593E+001   3.738627E+003   1.070803E+004   2.053852E+004   2.630527E+004
   2.036978E+000   8.268967E+001   3.802273E+003   1.089032E+004   2.088806E+004   2.675268E+004
   2.049182E+000   8.404879E+001   3.866151E+003   1.107328E+004   2.123887E+004   2.720173E+004
   2.061874E+000   8.541228E+001   3.930216E+003   1.125677E+004   2.159071E+004   2.765209E+004
   2.075059E+000   8.677910E+001   3.994417E+003   1.144065E+004   2.194329E+004   2.810341E+004
   2.088743E+000   8.814820E+001   4.058704E+003   1.162477E+004   2.229634E+004   2.855533E+004
   2.102931E+000   8.951849E+001   4.123025E+003   1.180900E+004   2.264958E+004   2.900748E+004
   2.117623E+000   9.088886E+001   4.187327E+003   1.199317E+004   2.300271E+004   2.945950E+004
   2.132823E+000   9.225819E+001   4.251558E+003   1.217713E+004   2.335546E+004   2.991102E+004
   2.148530E+000   9.362535E+001   4.315664E+003   1.236073E+004   2.370751E+004   3.036166E+004
   2.164743E+000   9.498921E+001   4.379591E+003   1.254383E+004   2.405858E+004   3.081103E+004
   2.181460E+000   9.634864E+001   4.443285E+003   1.272625E+004   2.440836E+004   3.125877E+004
   2.198675E+000   9.770250E+001   4.506694E+003   1.290786E+004   2.475658E+004   3.170450E+004
   2.216385E+000   9.904966E+001   4.569763E+003   1.308849E+004   2.510294E+004   3.214784E+004
   2.234583E+000   1.003890E+002   4.632442E+003   1.326800E+004   2.544714E+004   3.258844E+004
   2.253259E+000   1.017195E+002   4.694678E+003   1.344625E+004   2.578892E+004   3.302592E+004
   2.272404E+000   1.030401E+002   4.756422E+003   1.362308E+004   2.612799E+004   3.345994E+004
   2.292008E+000   1.043496E+002   4.817625E+003   1.379837E+004   2.646409E+004   3.389015E+004
   2.312058E+000   1.056472E+002   4.878241E+003   1.397197E+004   2.679696E+004   3.431624E+004
   2.332540E+000   1.069318E+002   4.938223E+003   1.414376E+004   2.712635E+004   3.473786E+004
   2.353440E+000   1.082026E+002   4.997529E+003   1.431361E+004   2.745203E+004   3.515474E+004
   2.374742E+000   1.094586E+002   5.056117E+003   1.448140E+004   2.777376E+004   3.556656E+004
   2.396430E+000   1.106990E+002   5.113949E+003   1.464703E+004   2.809134E+004   3.597307E+004
   2.418484E+000   1.119229E+002   5.170987E+003   1.481038E+004   2.840455E+004   3.637399E+004
   2.440888E+000   1.131298E+002   5.227198E+003   1.497136E+004   2.871322E+004   3.676910E+004
   2.463620E+000   1.143188E+002   5.282549E+003   1.512988E+004   2.901717E+004   3.715816E+004
