   0.000000E+000   0.000000E+000   0.000000E+000   0.000000E+000   0.000000E+000   0.000000E+000
  -7.536104E-006  -7.536131E-006  -7.538865E-006  -7.558569E-006  -7.687811E-006  -7.910204E-006
  -7.045768E-006  -7.045792E-006  -7.048354E-006  -7.066821E-006  -7.187944E-006  -7.396366E-006
  -6.617991E-006  -6.618014E-006  -6.620431E-006  -6.637853E-006  -6.752121E-006  -6.948748E-006
  -6.246645E-006  -6.246667E-006  -6.248964E-006  -6.265517E-006  -6.374095E-006  -6.560929E-006
  -5.926258E-006  -5.926279E-006  -5.928478E-006  -5.944328E-006  -6.048291E-006  -6.227183E-006
  -5.651948E-006  -5.651968E-006  -5.654091E-006  -5.669390E-006  -5.769737E-006  -5.942410E-006
  -5.419361E-006  -5.419381E-006  -5.421447E-006  -5.436338E-006  -5.534005E-006  -5.702065E-006
  -5.224617E-006  -5.224637E-006  -5.226665E-006  -5.241280E-006  -5.337147E-006  -5.502108E-006
  -5.064260E-006  -5.064279E-006  -5.066287E-006  -5.080755E-006  -5.175654E-006  -5.338950E-006
  -4.935214E-006  -4.935233E-006  -4.937237E-006  -4.951679E-006  -5.046406E-006  -5.209406E-006
  -4.834747E-006  -4.834766E-006  -4.836783E-006  -4.851315E-006  -4.946635E-006  -5.110656E-006
  -4.760431E-006  -4.760451E-006  -4.762496E-006  -4.777232E-006  -4.873887E-006  -5.040206E-006
  -4.710117E-006  -4.710137E-006  -4.712225E-006  -4.727275E-006  -4.825992E-006  -4.995858E-006
  -4.681898E-006  -4.681919E-006  -4.684066E-006  -4.699540E-006  -4.801034E-006  -4.975680E-006
  -4.674095E-006  -4.674116E-006  -4.676337E-006  -4.692343E-006  -4.797328E-006  -4.977979E-006
  -4.685225E-006  -4.685247E-006  -4.687557E-006  -4.704204E-006  -4.813393E-006  -5.001281E-006
  -4.713985E-006  -4.714008E-006  -4.716423E-006  -4.733821E-006  -4.847938E-006  -5.044304E-006
  -4.759236E-006  -4.759260E-006  -4.761794E-006  -4.780056E-006  -4.899837E-006  -5.105949E-006
  -4.819983E-006  -4.820008E-006  -4.822678E-006  -4.841918E-006  -4.968117E-006  -5.185274E-006
  -4.895363E-006  -4.895390E-006  -4.898212E-006  -4.918549E-006  -5.051945E-006  -5.281486E-006
  -4.984632E-006  -4.984661E-006  -4.987652E-006  -5.009210E-006  -5.150611E-006  -5.393926E-006
  -5.087155E-006  -5.087185E-006  -5.090364E-006  -5.113271E-006  -5.263520E-006  -5.522061E-006
  -5.202390E-006  -5.202423E-006  -5.205807E-006  -5.230198E-006  -5.390179E-006  -5.665465E-006
  -5.329889E-006  -5.329924E-006  -5.333534E-006  -5.359550E-006  -5.530192E-006  -5.823824E-006
  -5.469281E-006  -5.469318E-006  -5.473174E-006  -5.500965E-006  -5.683249E-006  -5.996914E-006
  -5.620267E-006  -5.620306E-006  -5.624431E-006  -5.654155E-006  -5.849121E-006  -6.184607E-006
  -5.782617E-006  -5.782659E-006  -5.787076E-006  -5.818902E-006  -6.027651E-006  -6.386857E-006
  -5.956162E-006  -5.956207E-006  -5.960940E-006  -5.995046E-006  -6.218753E-006  -6.603697E-006
  -6.140787E-006  -6.140836E-006  -6.145911E-006  -6.182489E-006  -6.422405E-006  -6.835239E-006
  -6.336432E-006  -6.336484E-006  -6.341930E-006  -6.381183E-006  -6.638642E-006  -7.081665E-006
  -6.543080E-006  -6.543136E-006  -6.548984E-006  -6.591129E-006  -6.867560E-006  -7.343227E-006
  -6.760764E-006  -6.760824E-006  -6.767106E-006  -6.812375E-006  -7.109305E-006  -7.620247E-006
  -6.989553E-006  -6.989617E-006  -6.996367E-006  -7.045012E-006  -7.364078E-006  -7.913109E-006
  -7.229557E-006  -7.229626E-006  -7.236882E-006  -7.289169E-006  -7.632125E-006  -8.222267E-006
  -7.480923E-006  -7.480997E-006  -7.488798E-006  -7.545015E-006  -7.913744E-006  -8.548235E-006
  -7.743830E-006  -7.743911E-006  -7.752299E-006  -7.812753E-006  -8.209277E-006  -8.891595E-006
  -8.018492E-006  -8.018579E-006  -8.027601E-006  -8.092624E-006  -8.519112E-006  -9.252992E-006
  -8.305153E-006  -8.305246E-006  -8.314951E-006  -8.384898E-006  -8.843683E-006  -9.633137E-006
  -8.604085E-006  -8.604185E-006  -8.614627E-006  -8.689880E-006  -9.183468E-006  -1.003281E-005
  -8.915592E-006  -8.915700E-006  -8.926935E-006  -9.007904E-006  -9.538990E-006  -1.045285E-005
  -9.240004E-006  -9.240120E-006  -9.252210E-006  -9.339338E-006  -9.910817E-006  -1.089419E-005
  -9.577678E-006  -9.577803E-006  -9.590813E-006  -9.684574E-006  -1.029956E-005  -1.135781E-005
  -9.928999E-006  -9.929133E-006  -9.943134E-006  -1.004404E-005  -1.070589E-005  -1.184477E-005
  -1.029438E-005  -1.029452E-005  -1.030959E-005  -1.041819E-005  -1.113051E-005  -1.235623E-005
  -1.067425E-005  -1.067440E-005  -1.069062E-005  -1.080751E-005  -1.157417E-005  -1.289341E-005
  -1.106907E-005  -1.106924E-005  -1.108670E-005  -1.121251E-005  -1.203769E-005  -1.345762E-005
  -1.147934E-005  -1.147952E-005  -1.149831E-005  -1.163373E-005  -1.252193E-005  -1.405029E-005
  -1.190557E-005  -1.190577E-005  -1.192599E-005  -1.207175E-005  -1.302779E-005  -1.467290E-005
  -1.234830E-005  -1.234851E-005  -1.237028E-005  -1.252717E-005  -1.355626E-005  -1.532707E-005
  -1.280809E-005  -1.280832E-005  -1.283175E-005  -1.300064E-005  -1.410837E-005  -1.601451E-005
  -1.328554E-005  -1.328578E-005  -1.331101E-005  -1.349280E-005  -1.468521E-005  -1.673705E-005
  -1.378127E-005  -1.378153E-005  -1.380868E-005  -1.400438E-005  -1.528795E-005  -1.749665E-005
  -1.429593E-005  -1.429621E-005  -1.432544E-005  -1.453609E-005  -1.591780E-005  -1.829538E-005
  -1.483019E-005  -1.483049E-005  -1.486195E-005  -1.508872E-005  -1.657608E-005  -1.913546E-005
  -1.538475E-005  -1.538508E-005  -1.541895E-005  -1.566305E-005  -1.726416E-005  -2.001927E-005
  -1.596036E-005  -1.596071E-005  -1.599717E-005  -1.625995E-005  -1.798351E-005  -2.094932E-005
  -1.655778E-005  -1.655816E-005  -1.659741E-005  -1.688028E-005  -1.873566E-005  -2.192830E-005
  -1.717780E-005  -1.717821E-005  -1.722046E-005  -1.752497E-005  -1.952226E-005  -2.295910E-005
  -1.782126E-005  -1.782169E-005  -1.786718E-005  -1.819498E-005  -2.034504E-005  -2.404476E-005
  -1.848901E-005  -1.848947E-005  -1.853844E-005  -1.889131E-005  -2.120584E-005  -2.518855E-005
  -1.918194E-005  -1.918245E-005  -1.923516E-005  -1.961502E-005  -2.210659E-005  -2.639395E-005
  -1.990100E-005  -1.990154E-005  -1.995828E-005  -2.036721E-005  -2.304937E-005  -2.766469E-005
  -2.064714E-005  -2.064773E-005  -2.070881E-005  -2.114901E-005  -2.403635E-005  -2.900471E-005
  -2.142138E-005  -2.142201E-005  -2.148776E-005  -2.196164E-005  -2.506984E-005  -3.041826E-005
  -2.222474E-005  -2.222542E-005  -2.229621E-005  -2.280633E-005  -2.615230E-005  -3.190985E-005
  -2.305833E-005  -2.305906E-005  -2.313526E-005  -2.368441E-005  -2.728633E-005  -3.348431E-005
  -2.392325E-005  -2.392404E-005  -2.400607E-005  -2.459723E-005  -2.847468E-005  -3.514678E-005
  -2.482069E-005  -2.482153E-005  -2.490984E-005  -2.554621E-005  -2.972028E-005  -3.690276E-005
  -2.575184E-005  -2.575275E-005  -2.584781E-005  -2.653287E-005  -3.102623E-005  -3.875814E-005
  -2.671797E-005  -2.671895E-005  -2.682128E-005  -2.755874E-005  -3.239582E-005  -4.071918E-005
  -2.772039E-005  -2.772144E-005  -2.783160E-005  -2.862547E-005  -3.383256E-005  -4.279261E-005
  -2.876044E-005  -2.876157E-005  -2.888016E-005  -2.973476E-005  -3.534016E-005  -4.498559E-005
  -2.983953E-005  -2.984075E-005  -2.996841E-005  -3.088838E-005  -3.692256E-005  -4.730579E-005
  -3.095913E-005  -3.096045E-005  -3.109787E-005  -3.208821E-005  -3.858395E-005  -4.976142E-005
  -3.212075E-005  -3.212216E-005  -3.227009E-005  -3.333619E-005  -4.032880E-005  -5.236123E-005
  -3.332595E-005  -3.332747E-005  -3.348672E-005  -3.463436E-005  -4.216183E-005  -5.511463E-005
  -3.457636E-005  -3.457800E-005  -3.474943E-005  -3.598486E-005  -4.408810E-005  -5.803163E-005
  -3.587368E-005  -3.587545E-005  -3.605999E-005  -3.738991E-005  -4.611295E-005  -6.112299E-005
  -3.721966E-005  -3.722157E-005  -3.742022E-005  -3.885186E-005  -4.824210E-005  -6.440020E-005
  -3.861612E-005  -3.861817E-005  -3.883202E-005  -4.037316E-005  -5.048162E-005  -6.787557E-005
  -4.006495E-005  -4.006715E-005  -4.029736E-005  -4.195638E-005  -5.283797E-005  -7.156227E-005
  -4.156810E-005  -4.157047E-005  -4.181829E-005  -4.360419E-005  -5.531804E-005  -7.547441E-005
  -4.312761E-005  -4.313016E-005  -4.339693E-005  -4.531942E-005  -5.792916E-005  -7.962710E-005
  -4.474558E-005  -4.474833E-005  -4.503550E-005  -4.710502E-005  -6.067916E-005  -8.403653E-005
  -4.642420E-005  -4.642716E-005  -4.673629E-005  -4.896409E-005  -6.357635E-005  -8.872003E-005
  -4.816574E-005  -4.816892E-005  -4.850169E-005  -5.089987E-005  -6.662963E-005  -9.369618E-005
  -4.997254E-005  -4.997597E-005  -5.033419E-005  -5.291577E-005  -6.984845E-005  -9.898488E-005
  -5.184705E-005  -5.185074E-005  -5.223635E-005  -5.501535E-005  -7.324294E-005  -1.046075E-004
  -5.379179E-005  -5.379576E-005  -5.421087E-005  -5.720239E-005  -7.682386E-005  -1.105868E-004
  -5.580940E-005  -5.581368E-005  -5.626052E-005  -5.948080E-005  -8.060272E-005  -1.169475E-004
  -5.790259E-005  -5.790719E-005  -5.838821E-005  -6.185474E-005  -8.459179E-005  -1.237157E-004
  -6.007419E-005  -6.007914E-005  -6.059694E-005  -6.432854E-005  -8.880419E-005  -1.309196E-004
  -6.232712E-005  -6.233245E-005  -6.288984E-005  -6.690677E-005  -9.325391E-005  -1.385896E-004
  -6.466442E-005  -6.467016E-005  -6.527018E-005  -6.959425E-005  -9.795591E-005  -1.467579E-004
  -6.708924E-005  -6.709543E-005  -6.774131E-005  -7.239600E-005  -1.029262E-004  -1.554593E-004
  -6.960486E-005  -6.961151E-005  -7.030678E-005  -7.531735E-005  -1.081817E-004  -1.647312E-004
  -7.221464E-005  -7.222181E-005  -7.297024E-005  -7.836389E-005  -1.137409E-004  -1.746136E-004
  -7.492212E-005  -7.492983E-005  -7.573548E-005  -8.154149E-005  -1.196231E-004  -1.851495E-004
  -7.773093E-005  -7.773923E-005  -7.860647E-005  -8.485635E-005  -1.258492E-004  -1.963848E-004
  -8.064485E-005  -8.065379E-005  -8.158733E-005  -8.831499E-005  -1.324415E-004  -2.083690E-004
  -8.366781E-005  -8.367742E-005  -8.468232E-005  -9.192427E-005  -1.394240E-004  -2.211553E-004
  -8.680385E-005  -8.681420E-005  -8.789592E-005  -9.569145E-005  -1.468220E-004  -2.348005E-004
  -9.005721E-005  -9.006835E-005  -9.123275E-005  -9.962416E-005  -1.546629E-004  -2.493658E-004
  -9.343224E-005  -9.344423E-005  -9.469763E-005  -1.037304E-004  -1.629760E-004  -2.649168E-004
  -9.693347E-005  -9.694639E-005  -9.829559E-005  -1.080188E-004  -1.717924E-004  -2.815241E-004
  -1.005656E-004  -1.005795E-004  -1.020318E-004  -1.124982E-004  -1.811458E-004  -2.992632E-004
  -1.043335E-004  -1.043485E-004  -1.059118E-004  -1.171780E-004  -1.910718E-004  -3.182154E-004
  -1.082423E-004  -1.082584E-004  -1.099412E-004  -1.220684E-004  -2.016090E-004  -3.384680E-004
  -1.122971E-004  -1.123144E-004  -1.141258E-004  -1.271797E-004  -2.127984E-004  -3.601145E-004
  -1.165034E-004  -1.165221E-004  -1.184719E-004  -1.325233E-004  -2.246841E-004  -3.832556E-004
  -1.208669E-004  -1.208869E-004  -1.229857E-004  -1.381108E-004  -2.373133E-004  -4.079994E-004
  -1.253933E-004  -1.254149E-004  -1.276740E-004  -1.439547E-004  -2.507364E-004  -4.344618E-004
  -1.300887E-004  -1.301119E-004  -1.325437E-004  -1.500682E-004  -2.650076E-004  -4.627675E-004
  -1.349594E-004  -1.349844E-004  -1.376019E-004  -1.564652E-004  -2.801851E-004  -4.930504E-004
  -1.400118E-004  -1.400388E-004  -1.428563E-004  -1.631606E-004  -2.963310E-004  -5.254543E-004
  -1.452528E-004  -1.452819E-004  -1.483145E-004  -1.701698E-004  -3.135120E-004  -5.601336E-004
  -1.506894E-004  -1.507206E-004  -1.539849E-004  -1.775095E-004  -3.317996E-004  -5.972543E-004
  -1.563286E-004  -1.563623E-004  -1.598759E-004  -1.851972E-004  -3.512705E-004  -6.369947E-004
  -1.621782E-004  -1.622144E-004  -1.659963E-004  -1.932514E-004  -3.720068E-004  -6.795464E-004
  -1.682457E-004  -1.682847E-004  -1.723555E-004  -2.016919E-004  -3.940967E-004  -7.251150E-004
  -1.745394E-004  -1.745814E-004  -1.789630E-004  -2.105395E-004  -4.176347E-004  -7.739218E-004
  -1.810676E-004  -1.811127E-004  -1.858289E-004  -2.198163E-004  -4.427222E-004  -8.262042E-004
  -1.878389E-004  -1.878874E-004  -1.929637E-004  -2.295459E-004  -4.694680E-004  -8.822174E-004
  -1.948622E-004  -1.949145E-004  -2.003783E-004  -2.397531E-004  -4.979888E-004  -9.422357E-004
  -2.021470E-004  -2.022033E-004  -2.080841E-004  -2.504645E-004  -5.284096E-004  -1.006554E-003
  -2.097028E-004  -2.097634E-004  -2.160931E-004  -2.617082E-004  -5.608647E-004  -1.075488E-003
  -2.175396E-004  -2.176048E-004  -2.244176E-004  -2.735139E-004  -5.954983E-004  -1.149379E-003
  -2.256678E-004  -2.257380E-004  -2.330707E-004  -2.859135E-004  -6.324649E-004  -1.228591E-003
  -2.340981E-004  -2.341736E-004  -2.420658E-004  -2.989406E-004  -6.719304E-004  -1.313519E-003
  -2.428416E-004  -2.429229E-004  -2.514172E-004  -3.126312E-004  -7.140729E-004  -1.404583E-003
  -2.519097E-004  -2.519972E-004  -2.611395E-004  -3.270232E-004  -7.590834E-004  -1.502237E-003
  -2.613145E-004  -2.614087E-004  -2.712483E-004  -3.421574E-004  -8.071669E-004  -1.606968E-003
  -2.710682E-004  -2.711695E-004  -2.817597E-004  -3.580767E-004  -8.585434E-004  -1.719301E-003
  -2.811836E-004  -2.812927E-004  -2.926904E-004  -3.748271E-004  -9.134494E-004  -1.839796E-003
  -2.916740E-004  -2.917914E-004  -3.040582E-004  -3.924576E-004  -9.721381E-004  -1.969058E-003
  -3.025531E-004  -3.026794E-004  -3.158815E-004  -4.110200E-004  -1.034882E-003  -2.107738E-003
  -3.138350E-004  -3.139710E-004  -3.281794E-004  -4.305700E-004  -1.101973E-003  -2.256531E-003
  -3.255345E-004  -3.256809E-004  -3.409722E-004  -4.511664E-004  -1.173724E-003  -2.416187E-003
  -3.376668E-004  -3.378243E-004  -3.542809E-004  -4.728722E-004  -1.250473E-003  -2.587513E-003
  -3.502476E-004  -3.504171E-004  -3.681276E-004  -4.957544E-004  -1.332580E-003  -2.771371E-003
  -3.632933E-004  -3.634757E-004  -3.825354E-004  -5.198845E-004  -1.420434E-003  -2.968691E-003
  -3.768206E-004  -3.770169E-004  -3.975284E-004  -5.453387E-004  -1.514451E-003  -3.180471E-003
  -3.908472E-004  -3.910584E-004  -4.131320E-004  -5.721983E-004  -1.615078E-003  -3.407782E-003
  -4.053910E-004  -4.056183E-004  -4.293727E-004  -6.005498E-004  -1.722794E-003  -3.651776E-003
  -4.204708E-004  -4.207154E-004  -4.462781E-004  -6.304857E-004  -1.838116E-003  -3.913689E-003
  -4.361059E-004  -4.363691E-004  -4.638775E-004  -6.621047E-004  -1.961595E-003  -4.194847E-003
  -4.523164E-004  -4.525996E-004  -4.822014E-004  -6.955119E-004  -2.093825E-003  -4.496676E-003
  -4.691229E-004  -4.694277E-004  -5.012816E-004  -7.308198E-004  -2.235443E-003  -4.820708E-003
  -4.865469E-004  -4.868749E-004  -5.211518E-004  -7.681483E-004  -2.387134E-003  -5.168583E-003
  -5.046105E-004  -5.049635E-004  -5.418471E-004  -8.076254E-004  -2.549630E-003  -5.542067E-003
  -5.233367E-004  -5.237165E-004  -5.634044E-004  -8.493879E-004  -2.723720E-003  -5.943051E-003
  -5.427491E-004  -5.431578E-004  -5.858625E-004  -8.935817E-004  -2.910250E-003  -6.373568E-003
  -5.628723E-004  -5.633120E-004  -6.092620E-004  -9.403628E-004  -3.110126E-003  -6.835798E-003
  -5.837314E-004  -5.842046E-004  -6.336457E-004  -9.898979E-004  -3.324323E-003  -7.332080E-003
  -6.053528E-004  -6.058619E-004  -6.590582E-004  -1.042365E-003  -3.553884E-003  -7.864923E-003
  -6.277634E-004  -6.283112E-004  -6.855468E-004  -1.097954E-003  -3.799931E-003  -8.437019E-003
  -6.509912E-004  -6.515805E-004  -7.131610E-004  -1.156869E-003  -4.063667E-003  -9.051254E-003
  -6.750650E-004  -6.756990E-004  -7.419527E-004  -1.219326E-003  -4.346383E-003  -9.710724E-003
  -7.000145E-004  -7.006967E-004  -7.719766E-004  -1.285557E-003  -4.649461E-003  -1.041875E-002
  -7.258707E-004  -7.266045E-004  -8.032903E-004  -1.355812E-003  -4.974387E-003  -1.117888E-002
  -7.526651E-004  -7.534546E-004  -8.359543E-004  -1.430354E-003  -5.322753E-003  -1.199493E-002
  -7.804307E-004  -7.812800E-004  -8.700321E-004  -1.509469E-003  -5.696267E-003  -1.287099E-002
  -8.092012E-004  -8.101149E-004  -9.055909E-004  -1.593458E-003  -6.096758E-003  -1.381142E-002
  -8.390116E-004  -8.399945E-004  -9.427011E-004  -1.682645E-003  -6.526190E-003  -1.482091E-002
  -8.698979E-004  -8.709552E-004  -9.814369E-004  -1.777378E-003  -6.986666E-003  -1.590447E-002
  -9.018972E-004  -9.030345E-004  -1.021877E-003  -1.878027E-003  -7.480441E-003  -1.706746E-002
  -9.350479E-004  -9.362712E-004  -1.064103E-003  -1.984988E-003  -8.009931E-003  -1.831563E-002
  -9.693893E-004  -9.707052E-004  -1.108202E-003  -2.098684E-003  -8.577724E-003  -1.965511E-002
  -1.004962E-003  -1.006378E-003  -1.154265E-003  -2.219569E-003  -9.186593E-003  -2.109245E-002
  -1.041809E-003  -1.043331E-003  -1.202390E-003  -2.348126E-003  -9.839506E-003  -2.263467E-002
  -1.079972E-003  -1.081609E-003  -1.252677E-003  -2.484874E-003  -1.053964E-002  -2.428924E-002
  -1.119496E-003  -1.121256E-003  -1.305234E-003  -2.630366E-003  -1.129041E-002  -2.606417E-002
  -1.160427E-003  -1.162320E-003  -1.360174E-003  -2.785194E-003  -1.209544E-002  -2.796796E-002
  -1.202811E-003  -1.204848E-003  -1.417616E-003  -2.949991E-003  -1.295864E-002  -3.000973E-002
  -1.246698E-003  -1.248888E-003  -1.477687E-003  -3.125433E-003  -1.388417E-002  -3.219914E-002
  -1.292138E-003  -1.294492E-003  -1.540519E-003  -3.312245E-003  -1.487649E-002  -3.454652E-002
  -1.339180E-003  -1.341712E-003  -1.606253E-003  -3.511199E-003  -1.594036E-002  -3.706284E-002
  -1.387879E-003  -1.390601E-003  -1.675037E-003  -3.723122E-003  -1.708086E-002  -3.975979E-002
  -1.438288E-003  -1.441215E-003  -1.747028E-003  -3.948897E-003  -1.830344E-002  -4.264976E-002
  -1.490462E-003  -1.493609E-003  -1.822390E-003  -4.189468E-003  -1.961390E-002  -4.574593E-002
  -1.544459E-003  -1.547842E-003  -1.901300E-003  -4.445844E-003  -2.101842E-002  -4.906227E-002
  -1.600336E-003  -1.603973E-003  -1.983940E-003  -4.719103E-003  -2.252362E-002  -5.261357E-002
  -1.658155E-003  -1.662064E-003  -2.070507E-003  -5.010397E-003  -2.413652E-002  -5.641549E-002
  -1.717976E-003  -1.722178E-003  -2.161207E-003  -5.320955E-003  -2.586465E-002  -6.048459E-002
  -1.779861E-003  -1.784378E-003  -2.256257E-003  -5.652090E-003  -2.771598E-002  -6.483832E-002
  -1.843877E-003  -1.848731E-003  -2.355889E-003  -6.005206E-003  -2.969903E-002  -6.949511E-002
  -1.910087E-003  -1.915304E-003  -2.460345E-003  -6.381799E-003  -3.182282E-002  -7.447431E-002
  -1.978560E-003  -1.984166E-003  -2.569883E-003  -6.783468E-003  -3.409698E-002  -7.979626E-002
  -2.049364E-003  -2.055389E-003  -2.684777E-003  -7.211918E-003  -3.653171E-002  -8.548230E-002
  -2.122570E-003  -2.129043E-003  -2.805313E-003  -7.668969E-003  -3.913783E-002  -9.155471E-002
  -2.198249E-003  -2.205204E-003  -2.931798E-003  -8.156560E-003  -4.192683E-002  -9.803676E-002
  -2.276475E-003  -2.283947E-003  -3.064552E-003  -8.676763E-003  -4.491087E-002  -1.049527E-001
  -2.357321E-003  -2.365349E-003  -3.203918E-003  -9.231782E-003  -4.810280E-002  -1.123275E-001
  -2.440864E-003  -2.449487E-003  -3.350255E-003  -9.823968E-003  -5.151621E-002  -1.201872E-001
  -2.527181E-003  -2.536443E-003  -3.503945E-003  -1.045583E-002  -5.516545E-002  -1.285585E-001
  -2.616349E-003  -2.626297E-003  -3.665391E-003  -1.113002E-002  -5.906562E-002  -1.374689E-001
  -2.708449E-003  -2.719132E-003  -3.835020E-003  -1.184940E-002  -6.323264E-002  -1.469461E-001
  -2.803561E-003  -2.815033E-003  -4.013284E-003  -1.261697E-002  -6.768320E-002  -1.570187E-001
  -2.901767E-003  -2.914085E-003  -4.200659E-003  -1.343596E-002  -7.243485E-002  -1.677150E-001
  -3.003149E-003  -3.016374E-003  -4.397650E-003  -1.430978E-002  -7.750591E-002  -1.790635E-001
  -3.107791E-003  -3.121988E-003  -4.604790E-003  -1.524206E-002  -8.291555E-002  -1.910924E-001
  -3.215777E-003  -3.231017E-003  -4.822643E-003  -1.623666E-002  -8.868372E-002  -2.038293E-001
  -3.327191E-003  -3.343549E-003  -5.051806E-003  -1.729768E-002  -9.483118E-002  -2.173006E-001
  -3.442120E-003  -3.459676E-003  -5.292909E-003  -1.842945E-002  -1.013794E-001  -2.315313E-001
  -3.560649E-003  -3.579488E-003  -5.546617E-003  -1.963659E-002  -1.083506E-001  -2.465443E-001
  -3.682864E-003  -3.703077E-003  -5.813634E-003  -2.092397E-002  -1.157676E-001  -2.623600E-001
  -3.808851E-003  -3.830536E-003  -6.094703E-003  -2.229677E-002  -1.236538E-001  -2.789955E-001
  -3.938695E-003  -3.961958E-003  -6.390608E-003  -2.376046E-002  -1.320330E-001  -2.964635E-001
  -4.072483E-003  -4.097434E-003  -6.702178E-003  -2.532082E-002  -1.409295E-001  -3.147720E-001
  -4.210300E-003  -4.237059E-003  -7.030287E-003  -2.698395E-002  -1.503676E-001  -3.339228E-001
  -4.352229E-003  -4.380923E-003  -7.375858E-003  -2.875631E-002  -1.603717E-001  -3.539105E-001
  -4.498355E-003  -4.529119E-003  -7.739862E-003  -3.064470E-002  -1.709659E-001  -3.747215E-001
  -4.648759E-003  -4.681737E-003  -8.123327E-003  -3.265628E-002  -1.821739E-001  -3.963321E-001
  -4.803522E-003  -4.838869E-003  -8.527332E-003  -3.479858E-002  -1.940185E-001  -4.187074E-001
  -4.962722E-003  -5.000603E-003  -8.953017E-003  -3.707953E-002  -2.065215E-001  -4.417994E-001
  -5.126437E-003  -5.167027E-003  -9.401581E-003  -3.950745E-002  -2.197032E-001  -4.655455E-001
  -5.294739E-003  -5.338225E-003  -9.874285E-003  -4.209104E-002  -2.335816E-001  -4.898663E-001
  -5.467702E-003  -5.514282E-003  -1.037246E-002  -4.483943E-002  -2.481725E-001  -5.146636E-001
  -5.645392E-003  -5.695278E-003  -1.089750E-002  -4.776216E-002  -2.634883E-001  -5.398185E-001
  -5.827875E-003  -5.881292E-003  -1.145086E-002  -5.086917E-002  -2.795379E-001  -5.651894E-001
  -6.015211E-003  -6.072398E-003  -1.203410E-002  -5.417082E-002  -2.963253E-001  -5.906091E-001
  -6.207457E-003  -6.268668E-003  -1.264883E-002  -5.767787E-002  -3.138492E-001  -6.158838E-001
  -6.404663E-003  -6.470169E-003  -1.329674E-002  -6.140148E-002  -3.321020E-001  -6.407903E-001
  -6.606876E-003  -6.676965E-003  -1.397960E-002  -6.535321E-002  -3.510686E-001  -6.650745E-001
  -6.814136E-003  -6.889112E-003  -1.469928E-002  -6.954496E-002  -3.707254E-001  -6.884502E-001
  -7.026477E-003  -7.106665E-003  -1.545773E-002  -7.398899E-002  -3.910392E-001  -7.105978E-001
  -7.243926E-003  -7.329669E-003  -1.625697E-002  -7.869786E-002  -4.119655E-001  -7.311643E-001
  -7.466504E-003  -7.558166E-003  -1.709912E-002  -8.368442E-002  -4.334476E-001  -7.497634E-001
  -7.694222E-003  -7.792188E-003  -1.798641E-002  -8.896172E-002  -4.554146E-001  -7.659771E-001
  -7.927084E-003  -8.031763E-003  -1.892114E-002  -9.454301E-002  -4.777804E-001  -7.793585E-001
  -8.165084E-003  -8.276908E-003  -1.990571E-002  -1.004416E-001  -5.004417E-001  -7.894356E-001
  -8.408207E-003  -8.527634E-003  -2.094262E-002  -1.066709E-001  -5.232767E-001  -7.957177E-001
  -8.656428E-003  -8.783941E-003  -2.203447E-002  -1.132442E-001  -5.461432E-001  -7.977024E-001
  -8.909710E-003  -9.045820E-003  -2.318394E-002  -1.201746E-001  -5.688774E-001  -7.948869E-001
  -9.168007E-003  -9.313254E-003  -2.439381E-002  -1.274749E-001  -5.912926E-001  -7.867794E-001
  -9.431259E-003  -9.586212E-003  -2.566697E-002  -1.351576E-001  -6.131778E-001  -7.729155E-001
  -9.699393E-003  -9.864653E-003  -2.700639E-002  -1.432345E-001  -6.342967E-001  -7.528756E-001
  -9.972325E-003  -1.014852E-002  -2.841513E-002  -1.517165E-001  -6.543875E-001  -7.263062E-001
  -1.024995E-002  -1.043776E-002  -2.989633E-002  -1.606139E-001  -6.731626E-001  -6.929436E-001
  -1.053217E-002  -1.073228E-002  -3.145324E-002  -1.699355E-001  -6.903093E-001  -6.526399E-001
  -1.081884E-002  -1.103200E-002  -3.308915E-002  -1.796888E-001  -7.054909E-001  -6.053906E-001
  -1.110983E-002  -1.133681E-002  -3.480745E-002  -1.898796E-001  -7.183490E-001  -5.513641E-001
  -1.140497E-002  -1.164658E-002  -3.661160E-002  -2.005117E-001  -7.285067E-001  -4.909293E-001
  -1.170409E-002  -1.196119E-002  -3.850508E-002  -2.115867E-001  -7.355729E-001  -4.246831E-001
  -1.200700E-002  -1.228048E-002  -4.049146E-002  -2.231035E-001  -7.391481E-001  -3.534726E-001
  -1.231348E-002  -1.260429E-002  -4.257433E-002  -2.350577E-001  -7.388321E-001  -2.784121E-001
  -1.262331E-002  -1.293243E-002  -4.475729E-002  -2.474419E-001  -7.342326E-001  -2.008897E-001
  -1.293625E-002  -1.326470E-002  -4.704397E-002  -2.602445E-001  -7.249760E-001  -1.225630E-001
  -1.325203E-002  -1.360088E-002  -4.943798E-002  -2.734498E-001  -7.107204E-001  -4.533871E-002
  -1.357038E-002  -1.394075E-002  -5.194292E-002  -2.870373E-001  -6.911698E-001   2.866708E-002
  -1.389099E-002  -1.428405E-002  -5.456233E-002  -3.009809E-001  -6.660903E-001   9.718891E-002
  -1.421354E-002  -1.463051E-002  -5.729970E-002  -3.152491E-001  -6.353278E-001   1.578962E-001
  -1.453771E-002  -1.497985E-002  -6.015843E-002  -3.298040E-001  -5.988271E-001   2.085015E-001
  -1.486314E-002  -1.533177E-002  -6.314180E-002  -3.446006E-001  -5.566514E-001   2.468912E-001
  -1.518945E-002  -1.568595E-002  -6.625296E-002  -3.595868E-001  -5.090017E-001   2.712757E-001
  -1.551627E-002  -1.604205E-002  -6.949487E-002  -3.747026E-001  -4.562352E-001   2.803521E-001
  -1.584319E-002  -1.639971E-002  -7.287031E-002  -3.898797E-001  -3.988820E-001   2.734685E-001
  -1.616979E-002  -1.675858E-002  -7.638180E-002  -4.050410E-001  -3.376578E-001   2.507762E-001
  -1.649563E-002  -1.711826E-002  -8.003161E-002  -4.201002E-001  -2.734716E-001   2.133536E-001
  -1.682026E-002  -1.747836E-002  -8.382167E-002  -4.349619E-001  -2.074268E-001   1.632801E-001
  -1.714321E-002  -1.783847E-002  -8.775356E-002  -4.495208E-001  -1.408135E-001   1.036393E-001
  -1.746402E-002  -1.819816E-002  -9.182848E-002  -4.636621E-001  -7.509031E-002   3.843305E-002
  -1.778219E-002  -1.855698E-002  -9.604716E-002  -4.772615E-001  -1.185420E-002  -2.761104E-002
  -1.809722E-002  -1.891450E-002  -1.004099E-001  -4.901851E-001   4.720358E-002  -8.934482E-002
  -1.840860E-002  -1.927024E-002  -1.049163E-001  -5.022905E-001   1.003553E-001  -1.416125E-001
  -1.871582E-002  -1.962375E-002  -1.095655E-001  -5.134269E-001   1.459090E-001  -1.797494E-001
  -1.901834E-002  -1.997454E-002  -1.143560E-001  -5.234362E-001   1.822938E-001  -2.001276E-001
  -1.931566E-002  -2.032213E-002  -1.192856E-001  -5.321546E-001   2.081555E-001  -2.006852E-001
  -1.960723E-002  -2.066603E-002  -1.243513E-001  -5.394137E-001   2.224590E-001  -1.813656E-001
  -1.989252E-002  -2.100575E-002  -1.295491E-001  -5.450424E-001   2.245903E-001  -1.443781E-001
  -2.017100E-002  -2.134080E-002  -1.348746E-001  -5.488698E-001   2.144527E-001  -9.419616E-002
  -2.044214E-002  -2.167068E-002  -1.403221E-001  -5.507270E-001   1.925456E-001  -3.723011E-002
  -2.070542E-002  -2.199490E-002  -1.458849E-001  -5.504509E-001   1.600170E-001   1.885345E-002
  -2.096032E-002  -2.231297E-002  -1.515556E-001  -5.478871E-001   1.186780E-001   6.613174E-002
  -2.120633E-002  -2.262440E-002  -1.573255E-001  -5.428940E-001   7.097064E-002   9.764199E-002
  -2.144294E-002  -2.292873E-002  -1.631847E-001  -5.353469E-001   1.987778E-002   1.086366E-001
  -2.166968E-002  -2.322547E-002  -1.691223E-001  -5.251425E-001  -3.122618E-002   9.763999E-002
  -2.188606E-002  -2.351418E-002  -1.751262E-001  -5.122036E-001  -7.878593E-002   6.704583E-002
  -2.209164E-002  -2.379440E-002  -1.811829E-001  -4.964838E-001  -1.193281E-001   2.302823E-002
  -2.228597E-002  -2.406571E-002  -1.872777E-001  -4.779726E-001  -1.497617E-001  -2.536186E-002
  -2.246863E-002  -2.432769E-002  -1.933948E-001  -4.567001E-001  -1.676912E-001  -6.787389E-002
  -2.263923E-002  -2.457994E-002  -1.995168E-001  -4.327416E-001  -1.717103E-001  -9.525685E-002
  -2.279740E-002  -2.482209E-002  -2.056252E-001  -4.062216E-001  -1.616369E-001  -1.015250E-001
  -2.294279E-002  -2.505376E-002  -2.117002E-001  -3.773172E-001  -1.386509E-001  -8.569653E-002
  -2.307507E-002  -2.527464E-002  -2.177206E-001  -3.462611E-001  -1.052940E-001  -5.242252E-002
  -2.319396E-002  -2.548439E-002  -2.236641E-001  -3.133421E-001  -6.530743E-002  -1.111653E-002
  -2.329918E-002  -2.568274E-002  -2.295072E-001  -2.789061E-001  -2.329477E-002   2.641888E-002
  -2.339052E-002  -2.586943E-002  -2.352251E-001  -2.433541E-001   1.577425E-002   4.937668E-002
  -2.346776E-002  -2.604420E-002  -2.407921E-001  -2.071386E-001   4.717720E-002   5.139224E-002
  -2.353074E-002  -2.620687E-002  -2.461816E-001  -1.707586E-001   6.709665E-002   3.286891E-002
  -2.357933E-002  -2.635724E-002  -2.513658E-001  -1.347514E-001   7.322744E-002   1.172069E-003
  -2.361341E-002  -2.649516E-002  -2.563166E-001  -9.968287E-002   6.522119E-002  -3.176825E-002
  -2.363293E-002  -2.662052E-002  -2.610050E-001  -6.613509E-002   4.486736E-002  -5.364204E-002
  -2.363784E-002  -2.673321E-002  -2.654017E-001  -3.469175E-002   1.593240E-002  -5.649699E-002
  -2.362813E-002  -2.683316E-002  -2.694772E-001  -5.921652E-003  -1.636622E-002  -4.027382E-002
  -2.360378E-002  -2.692029E-002  -2.732018E-001   1.963954E-002  -4.620776E-002  -1.297381E-002
  -2.356472E-002  -2.699444E-002  -2.765460E-001   4.150864E-002  -6.821710E-002   1.274585E-002
  -2.351052E-002  -2.705513E-002  -2.794809E-001   5.927486E-002  -7.867219E-002   2.537118E-002
  -2.344212E-002  -2.710290E-002  -2.819718E-001   7.264865E-002  -7.578909E-002   2.008560E-002
  -2.343123E-002  -2.710753E-002  -2.822678E-001   7.407037E-002  -7.444837E-002   1.817462E-002
  -2.342009E-002  -2.711194E-002  -2.825558E-001   7.541045E-002  -7.289977E-002   1.603654E-002
  -2.340853E-002  -2.711597E-002  -2.828354E-001   7.666863E-002  -7.115058E-002   1.369506E-002
  -2.339649E-002  -2.711955E-002  -2.831067E-001   7.784466E-002  -6.920881E-002   1.117579E-002
  -2.338394E-002  -2.712264E-002  -2.833697E-001   7.893834E-002  -6.708328E-002   8.505905E-003
  -2.337085E-002  -2.712522E-002  -2.836243E-001   7.994949E-002  -6.478349E-002   5.713923E-003
  -2.335717E-002  -2.712724E-002  -2.838703E-001   8.087800E-002  -6.231962E-002   2.829410E-003
  -2.334289E-002  -2.712870E-002  -2.841078E-001   8.172377E-002  -5.970252E-002  -1.173242E-004
  -2.332800E-002  -2.712957E-002  -2.843367E-001   8.248675E-002  -5.694362E-002  -3.095527E-003
  -2.331246E-002  -2.712983E-002  -2.845570E-001   8.316694E-002  -5.405492E-002  -6.074318E-003
  -2.329615E-002  -2.712934E-002  -2.847686E-001   8.376439E-002  -5.104895E-002  -9.023010E-003
  -2.327895E-002  -2.712801E-002  -2.849714E-001   8.427920E-002  -4.793867E-002  -1.191142E-002
  -2.326083E-002  -2.712579E-002  -2.851654E-001   8.471149E-002  -4.473747E-002  -1.471019E-002
  -2.324174E-002  -2.712263E-002  -2.853505E-001   8.506141E-002  -4.145908E-002  -1.739108E-002
  -2.322161E-002  -2.711847E-002  -2.855268E-001   8.532918E-002  -3.811756E-002  -1.992724E-002
  -2.320027E-002  -2.711314E-002  -2.856941E-001   8.551505E-002  -3.472721E-002  -2.229357E-002
  -2.317762E-002  -2.710654E-002  -2.858524E-001   8.561934E-002  -3.130250E-002  -2.446686E-002
  -2.315359E-002  -2.709861E-002  -2.860018E-001   8.564236E-002  -2.785806E-002  -2.642617E-002
  -2.312811E-002  -2.708926E-002  -2.861420E-001   8.558447E-002  -2.440858E-002  -2.815295E-002
  -2.310115E-002  -2.707848E-002  -2.862731E-001   8.544607E-002  -2.096875E-002  -2.963129E-002
  -2.307271E-002  -2.706627E-002  -2.863951E-001   8.522760E-002  -1.755325E-002  -3.084812E-002
  -2.304276E-002  -2.705260E-002  -2.865079E-001   8.492953E-002  -1.417662E-002  -3.179331E-002
  -2.301122E-002  -2.703738E-002  -2.866115E-001   8.455241E-002  -1.085323E-002  -3.245982E-002
  -2.297801E-002  -2.702054E-002  -2.867058E-001   8.409680E-002  -7.597222E-003  -3.284378E-002
  -2.294311E-002  -2.700206E-002  -2.867909E-001   8.356333E-002  -4.422431E-003  -3.294451E-002
  -2.290649E-002  -2.698191E-002  -2.868666E-001   8.295264E-002  -1.342321E-003  -3.276459E-002
  -2.286806E-002  -2.696001E-002  -2.869329E-001   8.226543E-002   1.630073E-003  -3.230976E-002
  -2.282772E-002  -2.693624E-002  -2.869898E-001   8.150247E-002   4.482210E-003  -3.158894E-002
  -2.278537E-002  -2.691054E-002  -2.870373E-001   8.066455E-002   7.202100E-003  -3.061403E-002
  -2.274105E-002  -2.688291E-002  -2.870754E-001   7.975246E-002   9.778360E-003  -2.939988E-002
  -2.269473E-002  -2.685335E-002  -2.871039E-001   7.876707E-002   1.220028E-002  -2.796406E-002
  -2.264633E-002  -2.682177E-002  -2.871230E-001   7.770931E-002   1.445790E-002  -2.632668E-002
  -2.259572E-002  -2.678803E-002  -2.871324E-001   7.658014E-002   1.654200E-002  -2.451014E-002
  -2.254281E-002  -2.675208E-002  -2.871323E-001   7.538057E-002   1.844422E-002  -2.253884E-002
  -2.248764E-002  -2.671392E-002  -2.871226E-001   7.411161E-002   2.015707E-002  -2.043889E-002
  -2.243015E-002  -2.667351E-002  -2.871032E-001   7.277435E-002   2.167397E-002  -1.823783E-002
  -2.237023E-002  -2.663074E-002  -2.870742E-001   7.136993E-002   2.298933E-002  -1.596424E-002
  -2.230771E-002  -2.658546E-002  -2.870355E-001   6.989954E-002   2.409856E-002  -1.364739E-002
  -2.224256E-002  -2.653761E-002  -2.869871E-001   6.836439E-002   2.499807E-002  -1.131684E-002
  -2.217476E-002  -2.648719E-002  -2.869289E-001   6.676571E-002   2.568535E-002  -9.002102E-003
  -2.210422E-002  -2.643412E-002  -2.868610E-001   6.510480E-002   2.615898E-002  -6.732227E-003
  -2.203082E-002  -2.637828E-002  -2.867833E-001   6.338302E-002   2.641865E-002  -4.535413E-003
  -2.195440E-002  -2.631949E-002  -2.866959E-001   6.160176E-002   2.646515E-002  -2.438633E-003
  -2.187491E-002  -2.625773E-002  -2.865986E-001   5.976244E-002   2.630040E-002  -4.671941E-004
  -2.179228E-002  -2.619293E-002  -2.864914E-001   5.786651E-002   2.592742E-002   1.355558E-003
  -2.170641E-002  -2.612498E-002  -2.863744E-001   5.591549E-002   2.535039E-002   3.008071E-003
  -2.161715E-002  -2.605374E-002  -2.862475E-001   5.391093E-002   2.457458E-002   4.472007E-003
  -2.152434E-002  -2.597906E-002  -2.861108E-001   5.185443E-002   2.360637E-002   5.731608E-003
  -2.142791E-002  -2.590087E-002  -2.859642E-001   4.974761E-002   2.245318E-002   6.774322E-003
  -2.132776E-002  -2.581907E-002  -2.858076E-001   4.759213E-002   2.112349E-002   7.590396E-003
  -2.122376E-002  -2.573353E-002  -2.856411E-001   4.538971E-002   1.962679E-002   8.174212E-003
  -2.111574E-002  -2.564410E-002  -2.854647E-001   4.314211E-002   1.797352E-002   8.523095E-003
  -2.100355E-002  -2.555063E-002  -2.852783E-001   4.085111E-002   1.617506E-002   8.638045E-003
  -2.088709E-002  -2.545302E-002  -2.850819E-001   3.851854E-002   1.424361E-002   8.523581E-003
  -2.076623E-002  -2.535114E-002  -2.848756E-001   3.614627E-002   1.219219E-002   8.187666E-003
  -2.064081E-002  -2.524485E-002  -2.846593E-001   3.373621E-002   1.003456E-002   7.641580E-003
  -2.051068E-002  -2.513400E-002  -2.844330E-001   3.129029E-002   7.785102E-003   6.899736E-003
  -2.037570E-002  -2.501844E-002  -2.841966E-001   2.881051E-002   5.458802E-003   5.979440E-003
  -2.023571E-002  -2.489803E-002  -2.839503E-001   2.629888E-002   3.071113E-003   4.900602E-003
  -2.009058E-002  -2.477265E-002  -2.836939E-001   2.375747E-002   6.378865E-004   3.685402E-003
  -1.994016E-002  -2.464214E-002  -2.834274E-001   2.118836E-002  -1.824729E-003   2.357906E-003
  -1.978432E-002  -2.450640E-002  -2.831509E-001   1.859370E-002  -4.300389E-003   9.436459E-004
  -1.962290E-002  -2.436525E-002  -2.828643E-001   1.597566E-002  -6.772666E-003  -5.308325E-004
  -1.945574E-002  -2.421855E-002  -2.825676E-001   1.333646E-002  -9.225153E-003  -2.038450E-003
  -1.928271E-002  -2.406617E-002  -2.822607E-001   1.067833E-002  -1.164159E-002  -3.552087E-003
  -1.910371E-002  -2.390803E-002  -2.819437E-001   8.003571E-003  -1.400596E-002  -5.045079E-003
  -1.891862E-002  -2.374400E-002  -2.816165E-001   5.314492E-003  -1.630263E-002  -6.491722E-003
  -1.872729E-002  -2.357395E-002  -2.812791E-001   2.613466E-003  -1.851646E-002  -7.867500E-003
  -1.852958E-002  -2.339773E-002  -2.809314E-001  -9.710530E-005  -2.063293E-002  -9.150819E-003
  -1.832540E-002  -2.321527E-002  -2.805735E-001  -2.814789E-003  -2.263825E-002  -1.032090E-002
  -1.811471E-002  -2.302654E-002  -2.802052E-001  -5.537118E-003  -2.451949E-002  -1.136074E-002
  -1.789744E-002  -2.283145E-002  -2.798266E-001  -8.261581E-003  -2.626469E-002  -1.225608E-002
  -1.767343E-002  -2.262988E-002  -2.794375E-001  -1.098562E-002  -2.786298E-002  -1.299602E-002
  -1.744262E-002  -2.242175E-002  -2.790380E-001  -1.370665E-002  -2.930466E-002  -1.357315E-002
  -1.720499E-002  -2.220707E-002  -2.786279E-001  -1.642205E-002  -3.058135E-002  -1.398397E-002
  -1.696059E-002  -2.198587E-002  -2.782072E-001  -1.912918E-002  -3.168601E-002  -1.422794E-002
  -1.670937E-002  -2.175813E-002  -2.777757E-001  -2.182534E-002  -3.261311E-002  -1.430890E-002
  -1.645126E-002  -2.152376E-002  -2.773335E-001  -2.450780E-002  -3.335863E-002  -1.423407E-002
  -1.618626E-002  -2.128279E-002  -2.768805E-001  -2.717379E-002  -3.392013E-002  -1.401409E-002
  -1.591447E-002  -2.103531E-002  -2.764165E-001  -2.982055E-002  -3.429685E-002  -1.366113E-002
  -1.563604E-002  -2.078146E-002  -2.759413E-001  -3.244524E-002  -3.448967E-002  -1.319214E-002
  -1.535095E-002  -2.052126E-002  -2.754550E-001  -3.504503E-002  -3.450117E-002  -1.262489E-002
  -1.505922E-002  -2.025471E-002  -2.749574E-001  -3.761703E-002  -3.433561E-002  -1.197901E-002
  -1.476099E-002  -1.998196E-002  -2.744484E-001  -4.015834E-002  -3.399890E-002  -1.127511E-002
  -1.445647E-002  -1.970323E-002  -2.739277E-001  -4.266606E-002  -3.349859E-002  -1.053441E-002
  -1.414588E-002  -1.941872E-002  -2.733954E-001  -4.513726E-002  -3.284376E-002  -9.777951E-003
  -1.382928E-002  -1.912851E-002  -2.728511E-001  -4.756898E-002  -3.204500E-002  -9.026034E-003
  -1.350680E-002  -1.883274E-002  -2.722948E-001  -4.995826E-002  -3.111424E-002  -8.297690E-003
  -1.317870E-002  -1.853165E-002  -2.717263E-001  -5.230214E-002  -3.006469E-002  -7.610132E-003
  -1.284532E-002  -1.822559E-002  -2.711454E-001  -5.459766E-002  -2.891064E-002  -6.978100E-003
  -1.250692E-002  -1.791482E-002  -2.705518E-001  -5.684187E-002  -2.766735E-002  -6.414430E-003
  -1.216364E-002  -1.759949E-002  -2.699455E-001  -5.903181E-002  -2.635090E-002  -5.927994E-003
  -1.181575E-002  -1.727985E-002  -2.693263E-001  -6.116455E-002  -2.497781E-002  -5.525026E-003
  -1.146360E-002  -1.695627E-002  -2.686938E-001  -6.323719E-002  -2.356510E-002  -5.208375E-003
  -1.110763E-002  -1.662917E-002  -2.680479E-001  -6.524685E-002  -2.212990E-002  -4.978255E-003
  -1.074811E-002  -1.629884E-002  -2.673884E-001  -6.719069E-002  -2.068929E-002  -4.830934E-003
  -1.038530E-002  -1.596551E-002  -2.667150E-001  -6.906591E-002  -1.926005E-002  -4.760627E-003
  -1.001953E-002  -1.562953E-002  -2.660276E-001  -7.086978E-002  -1.785841E-002  -4.758678E-003
  -9.651255E-003  -1.529135E-002  -2.653258E-001  -7.259963E-002  -1.649987E-002  -4.814778E-003
  -9.280943E-003  -1.495142E-002  -2.646094E-001  -7.425285E-002  -1.519895E-002  -4.916922E-003
  -8.908883E-003  -1.461003E-002  -2.638783E-001  -7.582691E-002  -1.396899E-002  -5.052309E-003
  -8.535390E-003  -1.426751E-002  -2.631321E-001  -7.731939E-002  -1.282197E-002  -5.207786E-003
  -8.160869E-003  -1.392424E-002  -2.623706E-001  -7.872795E-002  -1.176830E-002  -5.370125E-003
  -7.785816E-003  -1.358072E-002  -2.615936E-001  -8.005037E-002  -1.081669E-002  -5.526992E-003
  -7.410670E-003  -1.323738E-002  -2.608008E-001  -8.128455E-002  -9.974037E-003  -5.670256E-003
  -7.035728E-003  -1.289451E-002  -2.599920E-001  -8.242852E-002  -9.245320E-003  -5.787724E-003
  -6.661338E-003  -1.255246E-002  -2.591669E-001  -8.348046E-002  -8.633590E-003  -5.873180E-003
  -6.287927E-003  -1.221165E-002  -2.583254E-001  -8.443868E-002  -8.139708E-003  -5.923248E-003
  -5.915984E-003  -1.187256E-002  -2.574670E-001  -8.530166E-002  -7.762686E-003  -5.933313E-003
  -5.545881E-003  -1.153555E-002  -2.565917E-001  -8.606805E-002  -7.499468E-003  -5.906911E-003
  -5.177908E-003  -1.120092E-002  -2.556992E-001  -8.673669E-002  -7.345333E-003  -5.844842E-003
  -4.812410E-003  -1.086899E-002  -2.547892E-001  -8.730660E-002  -7.293598E-003  -5.751784E-003
  -4.449795E-003  -1.054018E-002  -2.538616E-001  -8.777700E-002  -7.336018E-003  -5.633665E-003
  -4.090496E-003  -1.021491E-002  -2.529162E-001  -8.814729E-002  -7.463027E-003  -5.498114E-003
  -3.734802E-003  -9.893456E-003  -2.519526E-001  -8.841711E-002  -7.663556E-003  -5.356058E-003
  -3.382977E-003  -9.576081E-003  -2.509709E-001  -8.858633E-002  -7.925733E-003  -5.214585E-003
  -3.035331E-003  -9.263091E-003  -2.499707E-001  -8.865502E-002  -8.237165E-003  -5.082302E-003
  -2.692222E-003  -8.954833E-003  -2.489519E-001  -8.862350E-002  -8.584753E-003  -4.967619E-003
  -2.353986E-003  -8.651639E-003  -2.479143E-001  -8.849229E-002  -8.955287E-003  -4.877657E-003
  -2.020836E-003  -8.353714E-003  -2.468578E-001  -8.826220E-002  -9.335683E-003  -4.818868E-003
  -1.692987E-003  -8.061270E-003  -2.457822E-001  -8.793425E-002  -9.713346E-003  -4.792326E-003
  -1.370693E-003  -7.774554E-003  -2.446874E-001  -8.750972E-002  -1.007606E-002  -4.802078E-003
  -1.054239E-003  -7.493843E-003  -2.435732E-001  -8.699013E-002  -1.041281E-002  -4.848140E-003
  -7.438504E-004  -7.219356E-003  -2.424397E-001  -8.637724E-002  -1.071362E-002  -4.927148E-003
  -4.396680E-004  -6.951231E-003  -2.412866E-001  -8.567307E-002  -1.096991E-002  -5.035253E-003
  -1.418506E-004  -6.689620E-003  -2.401139E-001  -8.487986E-002  -1.117460E-002  -5.166530E-003
   1.494176E-004  -6.434703E-003  -2.389215E-001  -8.400013E-002  -1.132226E-002  -5.312469E-003
   4.339377E-004  -6.186670E-003  -2.377094E-001  -8.303657E-002  -1.140924E-002  -5.467373E-003
   7.115884E-004  -5.945639E-003  -2.364775E-001  -8.199217E-002  -1.143368E-002  -5.622726E-003
   9.822906E-004  -5.711685E-003  -2.352258E-001  -8.087010E-002  -1.139554E-002  -5.770786E-003
   1.245948E-003  -5.484900E-003  -2.339543E-001  -7.967377E-002  -1.129657E-002  -5.899407E-003
   1.502446E-003  -5.265391E-003  -2.326630E-001  -7.840678E-002  -1.114021E-002  -6.003023E-003
   1.751674E-003  -5.053266E-003  -2.313520E-001  -7.707292E-002  -1.093146E-002  -6.075386E-003
   1.993594E-003  -4.848557E-003  -2.300211E-001  -7.567620E-002  -1.067677E-002  -6.110953E-003
   2.228180E-003  -4.651288E-003  -2.286706E-001  -7.422078E-002  -1.038378E-002  -6.105959E-003
   2.455396E-003  -4.461491E-003  -2.273005E-001  -7.271100E-002  -1.006113E-002  -6.065343E-003
   2.675189E-003  -4.279213E-003  -2.259108E-001  -7.115133E-002  -9.718253E-003  -5.980890E-003
   2.887529E-003  -4.104481E-003  -2.245016E-001  -6.954638E-002  -9.365010E-003  -5.858460E-003
   3.092436E-003  -3.937270E-003  -2.230731E-001  -6.790089E-002  -9.011491E-003  -5.704859E-003
   3.289931E-003  -3.777559E-003  -2.216253E-001  -6.621971E-002  -8.667723E-003  -5.523090E-003
   3.480023E-003  -3.625334E-003  -2.201585E-001  -6.450776E-002  -8.343383E-003  -5.318202E-003
   3.662716E-003  -3.480587E-003  -2.186727E-001  -6.277005E-002  -8.047547E-003  -5.098478E-003
   3.838041E-003  -3.343285E-003  -2.171681E-001  -6.101161E-002  -7.788439E-003  -4.870340E-003
   4.006058E-003  -3.213365E-003  -2.156450E-001  -5.923755E-002  -7.573214E-003  -4.647759E-003
   4.166819E-003  -3.090772E-003  -2.141034E-001  -5.745296E-002  -7.407774E-003  -4.432519E-003
   4.320373E-003  -2.975454E-003  -2.125437E-001  -5.566296E-002  -7.296608E-003  -4.230843E-003
   4.466765E-003  -2.867363E-003  -2.109659E-001  -5.387262E-002  -7.242673E-003  -4.049603E-003
   4.606067E-003  -2.766425E-003  -2.093705E-001  -5.208699E-002  -7.247391E-003  -3.904066E-003
   4.738363E-003  -2.672555E-003  -2.077576E-001  -5.031105E-002  -7.310473E-003  -3.779159E-003
   4.863731E-003  -2.585671E-003  -2.061275E-001  -4.854971E-002  -7.430085E-003  -3.692871E-003
   4.982244E-003  -2.505699E-003  -2.044804E-001  -4.680778E-002  -7.602838E-003  -3.644305E-003
   5.093977E-003  -2.432560E-003  -2.028167E-001  -4.508996E-002  -7.823902E-003  -3.638558E-003
   5.199027E-003  -2.366157E-003  -2.011367E-001  -4.340081E-002  -8.087135E-003  -3.646388E-003
   5.297490E-003  -2.306390E-003  -1.994406E-001  -4.174475E-002  -8.385294E-003  -3.681269E-003
   5.389460E-003  -2.253166E-003  -1.977288E-001  -4.012601E-002  -8.710156E-003  -3.739992E-003
   5.475026E-003  -2.206392E-003  -1.960017E-001  -3.854866E-002  -9.052865E-003  -3.834274E-003
   5.554283E-003  -2.165971E-003  -1.942596E-001  -3.701655E-002  -9.404041E-003  -3.917706E-003
   5.627337E-003  -2.131796E-003  -1.925028E-001  -3.553332E-002  -9.754113E-003  -4.012983E-003
   5.694293E-003  -2.103761E-003  -1.907317E-001  -3.410239E-002  -1.009355E-002  -4.106025E-003
   5.755251E-003  -2.081762E-003  -1.889468E-001  -3.272692E-002  -1.041311E-002  -4.198298E-003
   5.810311E-003  -2.065701E-003  -1.871484E-001  -3.140982E-002  -1.070406E-002  -4.261973E-003
   5.859575E-003  -2.055471E-003  -1.853370E-001  -3.015372E-002  -1.095841E-002  -4.325613E-003
   5.903154E-003  -2.050961E-003  -1.835129E-001  -2.896100E-002  -1.116912E-002  -4.355283E-003
   5.941155E-003  -2.052062E-003  -1.816765E-001  -2.783371E-002  -1.133024E-002  -4.368631E-003
   5.973681E-003  -2.058671E-003  -1.798284E-001  -2.677364E-002  -1.143704E-002  -4.360844E-003
   6.000833E-003  -2.070683E-003  -1.779689E-001  -2.578227E-002  -1.148615E-002  -4.332843E-003
   6.022720E-003  -2.087989E-003  -1.760986E-001  -2.486075E-002  -1.147554E-002  -4.284804E-003
   6.039449E-003  -2.110480E-003  -1.742179E-001  -2.400994E-002  -1.140474E-002  -4.235148E-003
   6.051126E-003  -2.138049E-003  -1.723272E-001  -2.323039E-002  -1.127451E-002  -4.167249E-003
   6.057854E-003  -2.170593E-003  -1.704271E-001  -2.252231E-002  -1.108709E-002  -4.093781E-003
   6.059734E-003  -2.208006E-003  -1.685180E-001  -2.188562E-002  -1.084594E-002  -4.028197E-003
   6.056873E-003  -2.250184E-003  -1.666005E-001  -2.131992E-002  -1.055572E-002  -3.965317E-003
   6.049374E-003  -2.297018E-003  -1.646751E-001  -2.082449E-002  -1.022211E-002  -3.906338E-003
   6.037340E-003  -2.348408E-003  -1.627423E-001  -2.039831E-002  -9.851642E-003  -3.879891E-003
   6.020870E-003  -2.404251E-003  -1.608025E-001  -2.004008E-002  -9.451545E-003  -3.853349E-003
   6.000064E-003  -2.464446E-003  -1.588565E-001  -1.974819E-002  -9.029553E-003  -3.862747E-003
   5.975023E-003  -2.528891E-003  -1.569046E-001  -1.952076E-002  -8.593700E-003  -3.880952E-003
   5.945847E-003  -2.597485E-003  -1.549474E-001  -1.935563E-002  -8.152132E-003  -3.911908E-003
   5.912632E-003  -2.670129E-003  -1.529856E-001  -1.925040E-002  -7.712909E-003  -3.956774E-003
   5.875475E-003  -2.746728E-003  -1.510196E-001  -1.920241E-002  -7.283770E-003  -3.999823E-003
   5.834470E-003  -2.827184E-003  -1.490500E-001  -1.920877E-002  -6.872203E-003  -4.049556E-003
   5.789712E-003  -2.911401E-003  -1.470773E-001  -1.926640E-002  -6.484945E-003  -4.083999E-003
   5.741297E-003  -2.999283E-003  -1.451023E-001  -1.937199E-002  -6.127952E-003  -4.101796E-003
   5.689314E-003  -3.090738E-003  -1.431254E-001  -1.952208E-002  -5.806388E-003  -4.100342E-003
   5.633855E-003  -3.185674E-003  -1.411472E-001  -1.971303E-002  -5.524773E-003  -4.079633E-003
   5.575008E-003  -3.284000E-003  -1.391683E-001  -1.994109E-002  -5.286146E-003  -4.023717E-003
   5.512865E-003  -3.385625E-003  -1.371893E-001  -2.020236E-002  -5.092782E-003  -3.920864E-003
   5.447511E-003  -3.490461E-003  -1.352109E-001  -2.049285E-002  -4.945899E-003  -3.824406E-003
   5.379033E-003  -3.598421E-003  -1.332335E-001  -2.080852E-002  -4.845754E-003  -3.667491E-003
   5.307515E-003  -3.709418E-003  -1.312578E-001  -2.114524E-002  -4.791202E-003  -3.537869E-003
   5.233042E-003  -3.823368E-003  -1.292844E-001  -2.149887E-002  -4.780669E-003  -3.372832E-003
   5.155696E-003  -3.940186E-003  -1.273139E-001  -2.186527E-002  -4.811210E-003  -3.182591E-003
   5.075558E-003  -4.059790E-003  -1.253469E-001  -2.224031E-002  -4.879297E-003  -3.019357E-003
   4.992707E-003  -4.182099E-003  -1.233841E-001  -2.261988E-002  -4.980650E-003  -2.869474E-003
   4.907224E-003  -4.307032E-003  -1.214259E-001  -2.299995E-002  -5.110397E-003  -2.760421E-003
   4.819185E-003  -4.434511E-003  -1.194731E-001  -2.337658E-002  -5.263162E-003  -2.724978E-003
   4.728668E-003  -4.564458E-003  -1.175263E-001  -2.374591E-002  -5.433222E-003  -2.640290E-003
   4.635747E-003  -4.696796E-003  -1.155859E-001  -2.410423E-002  -5.614741E-003  -2.610055E-003
   4.540496E-003  -4.831450E-003  -1.136527E-001  -2.444795E-002  -5.801682E-003  -2.643368E-003
   4.442987E-003  -4.968347E-003  -1.117273E-001  -2.477369E-002  -5.988181E-003  -2.706847E-003
   3.990007E-003  -5.594031E-003  -1.033816E-001  -2.591406E-002  -6.667957E-003  -3.278167E-003
   3.500668E-003  -6.255652E-003  -9.524703E-002  -2.643098E-002  -6.890494E-003  -3.539915E-003
   2.980340E-003  -6.947731E-003  -8.737254E-002  -2.620039E-002  -6.594771E-003  -3.260442E-003
   2.433985E-003  -7.665197E-003  -7.980469E-002  -2.520594E-002  -6.035747E-003  -2.900397E-003
   1.866183E-003  -8.403364E-003  -7.258728E-002  -2.353741E-002  -5.628679E-003  -2.889687E-003
   1.281144E-003  -9.157912E-003  -6.576055E-002  -2.137611E-002  -5.658059E-003  -2.954130E-003
   6.827331E-004  -9.924872E-003  -5.936061E-002  -1.896889E-002  -6.041079E-003  -2.687606E-003
   7.448915E-005  -1.070060E-002  -5.341882E-002  -1.659392E-002  -6.211645E-003  -2.311311E-003
  -5.403559E-004  -1.148176E-002  -4.796125E-002  -1.452226E-002  -6.050032E-003  -2.302027E-003
  -1.158858E-003  -1.226529E-002  -4.300818E-002  -1.298100E-002  -5.069975E-003  -2.616255E-003
  -1.778341E-003  -1.304844E-002  -3.857368E-002  -1.212234E-002  -3.859458E-003  -2.770033E-003
  -2.396382E-003  -1.382867E-002  -3.466535E-002  -1.200356E-002  -3.146806E-003  -2.548172E-003
  -3.010793E-003  -1.460369E-002  -3.128403E-002  -1.258050E-002  -3.375665E-003  -2.246293E-003
  -3.619603E-003  -1.537145E-002  -2.842374E-002  -1.371573E-002  -4.286876E-003  -2.146444E-003
  -4.221047E-003  -1.613007E-002  -2.607167E-002  -1.520019E-002  -5.102026E-003  -2.176675E-003
  -4.813548E-003  -1.687789E-002  -2.420833E-002  -1.678486E-002  -5.174177E-003  -2.080033E-003
  -5.395705E-003  -1.761342E-002  -2.280779E-002  -1.821761E-002  -4.581184E-003  -1.928398E-003
  -5.966280E-003  -1.833533E-002  -2.183812E-002  -1.927939E-002  -3.903178E-003  -2.055847E-003
  -6.524187E-003  -1.904244E-002  -2.126190E-002  -1.981391E-002  -3.713711E-003  -2.232065E-003
  -7.068477E-003  -1.973372E-002  -2.103688E-002  -1.974648E-002  -3.956962E-003  -2.059649E-003
  -7.598332E-003  -2.040828E-002  -2.111677E-002  -1.908908E-002  -4.094600E-003  -1.719499E-003
  -8.113053E-003  -2.106532E-002  -2.145212E-002  -1.793172E-002  -3.737688E-003  -1.692252E-003
  -8.612049E-003  -2.170419E-002  -2.199134E-002  -1.642210E-002  -3.066248E-003  -1.799400E-003
  -9.094832E-003  -2.232431E-002  -2.268168E-002  -1.473818E-002  -2.071783E-003  -1.739936E-003
  -9.561003E-003  -2.292521E-002  -2.347044E-002  -1.305878E-002  -2.713246E-003  -1.671888E-003
  -1.001025E-002  -2.350652E-002  -2.430602E-002  -1.153718E-002  -3.371636E-003  -1.766491E-003
  -1.044234E-002  -2.406791E-002  -2.513913E-002  -1.028335E-002  -3.740085E-003  -1.715952E-003
  -1.085711E-002  -2.460917E-002  -2.592382E-002  -9.355163E-003  -3.637659E-003  -1.410925E-003
  -1.125447E-002  -2.513012E-002  -2.661863E-002  -8.759844E-003  -3.206671E-003  -1.415693E-003
  -1.163436E-002  -2.563066E-002  -2.718742E-002  -8.462775E-003  -2.794338E-003  -1.502898E-003
  -1.199680E-002  -2.611074E-002  -2.760031E-002  -8.402822E-003  -2.644300E-003  -1.522810E-003
  -1.234187E-002  -2.657036E-002  -2.783427E-002  -8.502913E-003  -2.699935E-003  -1.430742E-003
  -1.266965E-002  -2.700957E-002  -2.787365E-002  -8.685669E-003  -2.709300E-003  -1.421863E-003
  -1.298030E-002  -2.742846E-002  -2.771044E-002  -8.879831E-003  -2.541339E-003  -1.370619E-003
  -1.327400E-002  -2.782715E-002  -2.734436E-002  -9.027708E-003  -2.343611E-003  -1.216787E-003
  -1.355096E-002  -2.820579E-002  -2.678265E-002  -9.085144E-003  -2.389451E-003  -1.253698E-003
  -1.381141E-002  -2.856458E-002  -2.603971E-002  -9.027838E-003  -2.702606E-003  -1.337999E-003
  -1.405563E-002  -2.890373E-002  -2.513640E-002  -8.852703E-003  -2.857499E-003  -1.255347E-003
  -1.428389E-002  -2.922348E-002  -2.409920E-002  -8.580540E-003  -2.548377E-003  -7.227544E-004
  -1.449651E-002  -2.952408E-002  -2.295916E-002  -8.255244E-003  -2.053403E-003  -1.185300E-003
  -1.469381E-002  -2.980581E-002  -2.175064E-002  -7.939028E-003  -1.897935E-003  -1.083391E-003
  -1.487611E-002  -3.006896E-002  -2.050994E-002  -7.697119E-003  -1.979349E-003  -9.289389E-004
  -1.504378E-002  -3.031384E-002  -1.927389E-002  -7.581818E-003  -2.196965E-003  -1.177602E-003
  -1.519716E-002  -3.054077E-002  -1.807836E-002  -7.612154E-003  -2.057086E-003  -1.066144E-003
  -1.533663E-002  -3.075006E-002  -1.695680E-002  -7.758683E-003  -1.909695E-003  -9.985547E-004
  -1.546255E-002  -3.094206E-002  -1.593887E-002  -7.944918E-003  -2.074791E-003  -1.014226E-003
  -1.557530E-002  -3.111710E-002  -1.504930E-002  -8.059381E-003  -2.194854E-003  -9.777330E-004
  -1.567527E-002  -3.127553E-002  -1.430679E-002  -7.989795E-003  -1.941575E-003  -9.877758E-004
  -1.576284E-002  -3.141770E-002  -1.372334E-002  -7.661217E-003  -1.627649E-003  -9.970285E-004
  -1.583838E-002  -3.154396E-002  -1.330373E-002  -7.069167E-003  -1.581246E-003  -8.813895E-004
  -1.590230E-002  -3.165465E-002  -1.304543E-002  -6.294272E-003  -1.754979E-003  -4.060803E-004
  -1.595496E-002  -3.175014E-002  -1.293881E-002  -5.487349E-003  -1.822172E-003  -8.192482E-004
  -1.599675E-002  -3.183077E-002  -1.296766E-002  -4.826634E-003  -1.718979E-003  -8.560536E-004
  -1.602805E-002  -3.189690E-002  -1.311008E-002  -4.458871E-003  -1.637961E-003  -7.985229E-004
  -1.604924E-002  -3.194887E-002  -1.333965E-002  -4.446240E-003  -1.651193E-003  -7.940071E-004
  -1.606069E-002  -3.198703E-002  -1.362679E-002  -4.736986E-003  -1.613538E-003  -7.755548E-004
  -1.606276E-002  -3.201172E-002  -1.394036E-002  -5.181426E-003  -1.433416E-003  -8.176223E-004
  -1.605582E-002  -3.202328E-002  -1.424925E-002  -5.586235E-003  -1.304995E-003  -7.678728E-004
  -1.604023E-002  -3.202204E-002  -1.452404E-002  -5.780945E-003  -1.443840E-003  -7.541896E-004
  -1.601633E-002  -3.200833E-002  -1.473855E-002  -5.692136E-003  -1.572322E-003  -6.268305E-004
  -1.598447E-002  -3.198248E-002  -1.487117E-002  -5.365944E-003  -1.412833E-003  -7.073504E-004
  -1.594499E-002  -3.194480E-002  -1.490597E-002  -4.940951E-003  -1.283528E-003  -7.330266E-004
  -1.589822E-002  -3.189561E-002  -1.483337E-002  -4.585943E-003  -1.317983E-003  -6.678847E-004
  -1.584449E-002  -3.183520E-002  -1.465057E-002  -4.418122E-003  -1.095072E-003  -6.667447E-004
  -1.578411E-002  -3.176390E-002  -1.436142E-002  -4.454522E-003  -1.152513E-003  -6.401019E-004
  -1.571739E-002  -3.168198E-002  -1.397592E-002  -4.593996E-003  -1.221999E-003  -6.476235E-004
  -1.564465E-002  -3.158974E-002  -1.350941E-002  -4.690342E-003  -1.299769E-003  -6.316569E-004
  -1.556616E-002  -3.148746E-002  -1.298125E-002  -4.615727E-003  -1.196771E-003  -5.914310E-004
  -1.548223E-002  -3.137542E-002  -1.241344E-002  -4.336916E-003  -1.089787E-003  -6.005572E-004
  -1.539313E-002  -3.125388E-002  -1.182897E-002  -3.922587E-003  -1.094314E-003  -5.839657E-004
  -1.529913E-002  -3.112311E-002  -1.125023E-002  -3.515402E-003  -1.103146E-003  -5.826213E-004
  -1.520051E-002  -3.098337E-002  -1.069742E-002  -3.254650E-003  -1.038961E-003  -5.279682E-004
  -1.509751E-002  -3.083491E-002  -1.018727E-002  -3.203200E-003  -1.040659E-003  -5.533099E-004
  -1.499040E-002  -3.067796E-002  -9.732029E-003  -3.335805E-003  -1.097149E-003  -5.319485E-004
  -1.487940E-002  -3.051278E-002  -9.338885E-003  -3.535667E-003  -1.001472E-003  -5.260955E-004
  -1.476477E-002  -3.033960E-002  -9.009793E-003  -3.686010E-003  -8.934019E-004  -4.918509E-004
  -1.464672E-002  -3.015863E-002  -8.741784E-003  -3.713160E-003  -9.702815E-004  -5.001673E-004
  -1.452548E-002  -2.997011E-002  -8.527680E-003  -3.614171E-003  -9.638414E-004  -4.873229E-004
  -1.440126E-002  -2.977424E-002  -8.357155E-003  -3.440033E-003  -8.918436E-004  -4.472491E-004
  -1.427427E-002  -2.957124E-002  -8.218027E-003  -3.256455E-003  -7.932767E-004  -4.343987E-004
  -1.414471E-002  -2.936132E-002  -8.097651E-003  -3.108822E-003  -8.764137E-004  -4.653509E-004
  -1.401278E-002  -2.914466E-002  -7.984270E-003  -3.010272E-003  -7.354413E-004  -4.411787E-004
  -1.387865E-002  -2.892148E-002  -7.868172E-003  -2.946955E-003  -8.611064E-004  -4.334932E-004
  -1.374250E-002  -2.869195E-002  -7.742543E-003  -2.896478E-003  -7.013973E-004  -4.224368E-004
  -1.360452E-002  -2.845627E-002  -7.603922E-003  -2.832699E-003  -7.963558E-004  -4.098877E-004
  -1.346487E-002  -2.821462E-002  -7.452206E-003  -2.602053E-003  -7.798681E-004  -3.924387E-004
  -1.332371E-002  -2.796717E-002  -7.290264E-003  -2.618928E-003  -7.480426E-004  -3.845548E-004
  -1.318120E-002  -2.771410E-002  -7.123108E-003  -2.508083E-003  -7.115595E-004   1.137387E-003
  -1.303748E-002  -2.745558E-002  -6.956908E-003  -2.444639E-003  -7.702506E-004  -3.554502E-004
  -1.289269E-002  -2.719178E-002  -6.797840E-003  -2.462030E-003  -7.345861E-004  -3.668933E-004
  -1.274698E-002  -2.692285E-002  -6.651018E-003  -2.545814E-003  -6.792719E-004  -3.625728E-004
  -1.260048E-002  -2.664897E-002  -6.519637E-003  -2.619688E-003  -6.231043E-004  -3.505887E-004
  -1.245331E-002  -2.637029E-002  -6.404468E-003  -2.604114E-003  -4.211311E-004  -3.335837E-004
  -1.230560E-002  -2.608697E-002  -6.303774E-003  -2.460529E-003  -6.704765E-004  -3.199622E-004
  -1.215746E-002  -2.579916E-002  -6.213664E-003  -2.255806E-003  -6.674639E-004  -3.198889E-004
  -1.200901E-002  -2.550701E-002  -6.128826E-003  -1.969722E-003  -5.966906E-004  -3.068535E-004
  -1.186034E-002  -2.521068E-002  -6.043514E-003  -2.043817E-003  -5.497148E-004  -2.845074E-004
  -1.171157E-002  -2.491031E-002  -5.952623E-003  -2.074820E-003  -5.968267E-004  -3.058548E-004
  -1.156279E-002  -2.460606E-002  -5.852648E-003  -2.094410E-003   3.986832E-005  -3.085494E-004
  -1.141409E-002  -2.429806E-002  -5.742349E-003  -2.057595E-003  -5.769016E-004  -3.012523E-004
  -1.126556E-002  -2.398647E-002  -5.622980E-003  -1.946276E-003  -5.389307E-004  -2.840936E-004
  -1.111730E-002  -2.367142E-002  -5.498014E-003  -1.867472E-003  -5.521164E-004  -2.519857E-004
  -1.096937E-002  -2.335308E-002  -5.372400E-003  -1.874154E-003  -5.458268E-004  -2.797760E-004
  -1.082186E-002  -2.303158E-002  -5.251460E-003  -1.939761E-003  -5.142034E-004  -2.692206E-004
  -1.067484E-002  -2.270707E-002  -5.139658E-003  -1.962037E-003  -5.162630E-004  -2.163330E-004
  -1.052838E-002  -2.237969E-002  -5.039461E-003  -1.866311E-003  -4.806268E-004  -2.606759E-004
  -1.038255E-002  -2.204960E-002  -4.950583E-003  -1.729814E-003  -5.000021E-004  -2.564663E-004
  -1.023740E-002  -2.171694E-002  -4.869778E-003  -1.613462E-003  -4.783039E-004  -2.583195E-004
  -1.009301E-002  -2.138185E-002  -4.791314E-003  -1.587797E-003  -4.717346E-004  -2.545382E-004
  -9.949420E-003  -2.104450E-002  -4.708067E-003  -1.586940E-003  -4.532849E-004  -2.400393E-004
  -9.806693E-003  -2.070503E-002  -4.613071E-003  -1.611303E-003  -4.646657E-004  -2.344016E-004
  -9.664877E-003  -2.036360E-002  -4.501219E-003  -1.581814E-003  -4.080831E-004  -2.319535E-004
  -9.524021E-003  -2.002036E-002  -4.370734E-003  -1.451051E-003  -4.203237E-004  -2.383188E-004
  -9.384170E-003  -1.967547E-002  -4.224056E-003  -1.480329E-003  -4.261243E-004  -1.919177E-004
  -9.245367E-003  -1.932909E-002  -4.067870E-003  -1.458053E-003  -4.167741E-004  -2.943045E-004
  -9.107654E-003  -1.898138E-002  -3.912160E-003  -1.461225E-003  -4.113226E-004  -2.311376E-004
  -8.971067E-003  -1.863251E-002  -3.768405E-003  -1.435530E-003   4.790182E-004  -2.056128E-004
  -8.835644E-003  -1.828264E-002  -3.647242E-003  -1.366013E-003  -3.902915E-004  -1.959225E-004
  -8.701418E-003  -1.793194E-002  -3.556087E-003  -1.292905E-003  -3.636449E-004  -1.979830E-004
  -8.568421E-003  -1.758060E-002  -3.497798E-003   3.349591E-004  -3.393531E-004  -6.786324E-005
  -8.436683E-003  -1.722878E-002  -3.467091E-003  -1.174693E-003  -3.565881E-004  -1.227769E-004
  -8.306232E-003  -1.687666E-002  -3.456708E-003  -1.288250E-003   8.331949E-005  -3.511214E-004
  -8.177095E-003  -1.652442E-002  -3.453040E-003  -1.277752E-003  -4.097897E-004  -1.718144E-004
  -8.049296E-003  -1.617226E-002  -3.443453E-003  -1.160333E-003   9.301118E-005  -2.973806E-004
  -7.922859E-003  -1.582036E-002  -3.414277E-003  -1.008425E-003  -3.963277E-004  -1.788707E-004
  -7.797806E-003  -1.546890E-002  -3.359837E-003  -1.148183E-003  -2.835097E-004  -3.592611E-004
  -7.674155E-003  -1.511810E-002  -3.279933E-003  -1.151174E-003  -3.934650E-004  -9.606111E-005
  -7.551928E-003  -1.476813E-002  -3.180745E-003  -7.887892E-004  -1.191095E-004  -1.626511E-004
  -7.431141E-003  -1.441921E-002  -3.073458E-003  -1.023604E-003  -2.766791E-004  -1.584226E-004
  -7.311812E-003  -1.407155E-002  -2.970959E-003  -1.033461E-003  -2.963489E-004  -2.051133E-004
  -7.193955E-003  -1.372534E-002  -2.883657E-003  -1.045294E-003  -2.879528E-004  -1.449838E-004
  -7.077587E-003  -1.338079E-002  -2.820405E-003  -1.002036E-003  -2.739122E-004  -9.677378E-005
  -6.962720E-003  -1.303813E-002  -2.778194E-003  -9.436666E-004  -2.808045E-004  -1.190420E-004
  -6.849368E-003  -1.269757E-002  -2.751190E-003  -9.561266E-004  -6.611653E-005  -3.231637E-005
  -6.737544E-003  -1.235932E-002  -2.728127E-003  -9.210301E-004  -2.637077E-004  -1.822399E-004
  -6.627260E-003  -1.202360E-002  -2.697155E-003  -8.633389E-004   4.625331E-004   1.781739E-005
  -6.518526E-003  -1.169064E-002  -2.649346E-003   6.317549E-003  -2.404708E-004   3.182296E-003
  -6.411354E-003  -1.136066E-002  -2.581509E-003  -8.704081E-004  -2.455882E-004   6.350641E-004
  -6.305755E-003  -1.103388E-002  -2.497376E-003  -8.356192E-004   1.711643E-004  -1.241325E-004
  -6.201738E-003  -1.071054E-002  -2.406312E-003  -7.081852E-004  -4.862992E-005  -2.399992E-005
  -6.099315E-003  -1.039086E-002  -2.320310E-003  -8.346194E-004  -2.412484E-004  -1.037947E-004
  -5.998495E-003  -1.007506E-002  -2.249412E-003  -8.051538E-004  -2.172920E-004  -2.783299E-004
  -5.899289E-003  -9.763385E-003  -2.199847E-003   4.080619E-004  -2.140993E-004  -1.725634E-004
  -5.801706E-003  -9.456048E-003  -2.170304E-003  -7.857453E-004  -2.274536E-004  -1.474726E-003
  -5.705759E-003  -9.153280E-003  -2.154061E-003  -7.702245E-004  -2.261286E-004   3.757972E-004
  -5.611456E-003  -8.855307E-003  -2.141265E-003  -7.490222E-004  -7.831956E-005  -1.489174E-004
  -5.518811E-003  -8.562353E-003  -2.121519E-003  -5.838240E-004  -2.090672E-004  -3.319573E-003
  -5.427834E-003  -8.274639E-003  -2.091914E-003  -6.764901E-004  -1.833312E-004  -9.804613E-004
  -5.338539E-003  -7.992384E-003  -2.050901E-003  -5.305663E-004   4.342783E-004  -1.821240E-005
  -5.250938E-003  -7.715804E-003  -2.000293E-003  -6.335502E-004   1.673576E-004  -6.536107E-005
  -5.165046E-003  -7.445111E-003  -1.948526E-003  -6.746056E-004  -2.153809E-004  -1.026308E-004
  -5.080877E-003  -7.180511E-003  -1.905307E-003  -6.783708E-004   9.196910E-005   7.876805E-004
  -4.998449E-003  -6.922207E-003  -1.867704E-003  -5.113254E-004   9.866734E-005  -5.086692E-004
  -4.917779E-003  -6.670396E-003  -1.834586E-003  -6.425661E-004  -1.839408E-004  -9.585119E-005
  -4.838885E-003  -6.425269E-003  -1.802049E-003  -6.278041E-004  -9.737627E-005   7.649829E-005
  -4.761788E-003  -6.187010E-003  -1.769964E-003  -6.064639E-004  -1.290540E-003  -5.868188E-005
  -4.686510E-003  -5.955795E-003  -1.733715E-003  -5.982901E-004  -1.817918E-004  -8.887120E-005
  -4.613076E-003  -5.731793E-003  -1.697017E-003  -5.784169E-004  -1.731716E-004  -3.689570E-005
  -4.541510E-003  -5.515164E-003  -1.660362E-003  -5.765282E-004  -9.824700E-005  -5.715738E-005
  -4.471843E-003  -5.306058E-003  -1.627007E-003  -5.757919E-004   5.618887E-004   2.655310E-004
  -4.404103E-003  -5.104618E-003  -1.593563E-003  -5.595268E-004  -1.533050E-004  -3.245042E-005
  -4.338324E-003  -4.910974E-003  -1.565114E-003  -5.368912E-004  -1.535542E-004  -8.532920E-004
  -4.274542E-003  -4.725247E-003  -1.547485E-003  -5.140252E-004  -2.630700E-002  -3.688601E-005
  -4.212796E-003  -4.547547E-003  -1.522572E-003  -5.270192E-004  -1.211174E-004   3.985269E-005
  -4.153128E-003  -4.377970E-003  -1.498474E-003  -5.285040E-004  -1.145193E-004  -7.783536E-004
  -4.095584E-003  -4.216603E-003  -1.477701E-003  -5.228853E-004  -1.216846E-004  -1.092128E-005
  -4.040212E-003  -4.063519E-003  -1.461697E-003  -5.058687E-004   3.115358E-004  -3.309040E-004
  -3.987065E-003  -3.918780E-003  -1.449100E-003   8.052987E-006   1.703717E-004  -7.066189E-005
  -3.936203E-003  -3.782434E-003  -1.428099E-003  -2.455892E-004  -1.519417E-005  -7.721276E-005
  -3.887685E-003  -3.654517E-003  -1.407686E-003  -4.662464E-004  -1.397002E-004  -2.105566E-004
  -3.841580E-003  -3.535052E-003  -1.394514E-003  -4.333264E-004  -1.389889E-004  -6.836659E-005
  -3.797959E-003  -3.424049E-003  -1.366139E-003  -4.828359E-004  -1.798347E-004  -3.428701E-005
  -3.756900E-003  -3.321505E-003  -1.338868E-003  -3.271916E-004  -2.352249E-004  -1.472701E-004
  -3.718486E-003  -3.227407E-003  -1.319170E-003  -4.486054E-004  -1.019821E-003  -1.338886E-004
  -3.682808E-003  -3.141729E-003  -1.310016E-003   4.701144E-004  -8.543484E-005  -1.172460E-004
  -3.649962E-003  -3.064432E-003  -1.306941E-003  -4.311651E-004  -3.252140E-004  -8.996469E-004
  -3.620053E-003  -2.995469E-003  -1.299008E-003  -3.174562E-004  -4.862942E-004   3.916482E-005
  -3.593192E-003  -2.934782E-003  -1.292479E-003  -1.493036E-004  -6.095366E-004  -2.417580E-004
  -3.569499E-003  -2.882304E-003  -1.279942E-003  -4.383214E-004   5.175846E-003   4.197150E-003
  -3.549103E-003  -2.837961E-003  -1.257074E-003  -4.218890E-004  -1.304093E-004  -1.246232E-004
  -3.532142E-003  -2.801672E-003  -1.256268E-003  -4.363568E-004   1.386509E-004   6.212224E-005
  -3.518765E-003  -2.773351E-003  -1.265016E-003  -4.353979E-004  -1.493448E-005   2.604874E-003
  -3.509129E-003  -2.752907E-003  -1.272036E-003  -4.433054E-004  -7.074778E-005  -2.672535E-003
  -3.503406E-003  -2.740250E-003  -1.125104E-003  -4.377262E-004  -4.321170E-005  -1.699517E-005
  -3.501778E-003  -2.735289E-003  -1.274121E-003  -2.152030E-004  -5.045021E-004  -1.150123E-004
  -3.504439E-003  -2.737933E-003  -1.269675E-003  -1.196807E-004  -1.227246E-004  -2.731340E-004
  -3.511599E-003  -2.748099E-003  -1.258043E-003  -4.434698E-004  -8.656736E-005  -6.901021E-005
  -3.523480E-003  -2.765707E-003  -1.255431E-003  -4.459515E-004  -1.398548E-003   7.081230E-003
  -3.540323E-003  -2.790690E-003  -1.279314E-003  -4.497277E-004  -1.270082E-004  -1.810468E-004
  -3.562382E-003  -2.822991E-003  -1.299057E-003   7.308277E-004   1.088653E-002  -1.836167E-004
  -3.589931E-003  -2.862567E-003  -9.840089E-004   3.449271E-006  -1.473918E-004  -1.577903E-001
  -3.623261E-003  -2.909394E-003  -1.330398E-003  -4.635165E-004   3.751666E-004   1.078626E-004
  -3.662684E-003  -2.963469E-003  -1.351167E-003  -4.482870E-004  -2.858449E-004  -2.682934E-004
  -3.708533E-003  -3.024813E-003  -1.376481E-003  -4.544452E-004  -8.425456E-004  -9.315328E-005
  -3.761164E-003  -3.093474E-003  -1.400157E-003  -2.710100E-004  -1.404166E-004  -6.315580E-005
  -3.820955E-003  -3.169530E-003  -1.435153E-003  -3.264773E-004  -5.007645E-004   4.363099E-005
  -3.888313E-003  -3.253096E-003  -1.465769E-003  -5.079938E-004  -1.876267E-004  -1.596162E-004
  -3.963667E-003  -3.344322E-003  -1.499594E-003  -2.673899E-004  -1.477191E-004  -2.435357E-004
  -4.047480E-003  -3.443400E-003  -1.536248E-003  -5.335786E-004  -9.658230E-005   1.944739E-002
  -4.140242E-003  -3.550567E-003  -1.578413E-003  -5.435174E-004  -3.661718E-004   1.735519E-004
  -4.242477E-003  -3.666109E-003  -1.309272E-003  -4.512353E-004  -3.005536E-004   3.723473E-004
  -4.354743E-003  -3.790364E-003  -1.618329E-003  -5.709660E-004  -7.906681E-005  -7.735925E-005
  -4.477635E-003  -3.923724E-003  -1.724739E-003  -5.763649E-004   9.467624E-003   7.486976E-004
  -4.611785E-003  -4.066641E-003  -1.789692E-003  -6.294489E-004  -1.880345E-004  -1.019812E-004
  -4.757869E-003  -4.219629E-003  -1.556581E-003  -6.473641E-004  -1.748079E-004   2.425116E-004
  -4.916604E-003  -4.383266E-003  -1.926255E-003  -6.767626E-004   3.867311E-005  -2.107807E-003
  -5.088754E-003  -4.558201E-003  -2.000502E-003  -7.016605E-004   1.372696E-003  -1.002802E-004
  -5.275133E-003  -4.745152E-003  -2.067472E-003  -6.749665E-004  -1.069451E-004  -3.457664E-004
  -5.476606E-003  -4.944911E-003  -2.170960E-003  -7.518073E-004  -3.088274E-004  -1.341562E-004
  -5.694093E-003  -5.158347E-003  -2.266088E-003  -5.710601E-004  -2.831700E-003  -5.017074E-004
  -5.928572E-003  -5.386411E-003  -2.361259E-003  -8.230138E-004  -4.573957E-004   7.354598E-003
  -6.181082E-003  -5.630131E-003  -2.469747E-003  -8.593862E-004  -3.666785E-004  -7.497454E-005
  -6.452728E-003  -5.890621E-003  -2.343827E-003  -8.985708E-004   4.995683E-003  -3.940855E-004
  -6.744683E-003  -6.169079E-003  -1.583292E-003  -9.385112E-004  -4.734107E-003  -1.367907E-004
  -7.058192E-003  -6.466793E-003  -2.850401E-003  -9.931394E-004  -8.687540E-005  -1.288717E-004
  -7.394577E-003  -6.785136E-003  -3.004693E-003  -1.055458E-003  -3.031521E-004   1.775991E-004
  -7.755240E-003  -7.125575E-003  -2.061113E-003  -1.068552E-003  -6.777526E-003   2.315243E-004
  -8.141669E-003  -7.489666E-003  -3.276596E-003  -6.970308E-004  -1.101723E-004  -2.576217E-004
  -8.555438E-003  -7.879059E-003  -3.484021E-003  -1.223710E-003  -3.450127E-004  -1.663200E-004
  -8.998219E-003  -8.295501E-003  -3.692313E-003   1.019618E-002  -6.387596E-004  -1.946635E-004
  -9.471778E-003  -8.740830E-003  -3.901355E-003  -3.912292E-004  -3.139141E-004   1.369262E-002
  -9.977989E-003  -9.216987E-003  -4.115567E-003  -1.446547E-003  -3.672599E-004  -2.089062E-004
  -1.051883E-002  -9.726008E-003  -4.348693E-003  -1.358941E-003  -2.824219E-004   2.109513E-004
  -1.109639E-002  -1.027003E-002  -4.599318E-003  -1.530820E-003  -4.558315E-004  -2.005777E-003
  -1.171289E-002  -1.085129E-002  -4.828843E-003  -9.968600E-004  -4.920919E-004  -3.330918E-004
  -1.237065E-002  -1.147214E-002  -5.102782E-003  -1.763683E-003   9.038532E-004  -1.402735E-004
  -1.307215E-002  -1.213502E-002  -5.428468E-003  -1.881925E-003  -5.426739E-004  -7.017144E-003
  -1.381997E-002  -1.284250E-002  -5.757779E-003  -2.002067E-003   1.041847E-004   5.766764E-004
  -1.461685E-002  -1.359725E-002  -6.099577E-003  -1.453646E-003  -2.011587E-004   6.112652E-004
  -1.546567E-002  -1.440205E-002  -6.345020E-003  -2.214964E-003  -2.319059E-004  -5.396199E-002
  -1.636946E-002  -1.525980E-002  -6.759859E-003  -2.270940E-003  -4.647993E-003   1.248382E-003
  -1.733138E-002  -1.617355E-002  -7.240853E-003  -2.618631E-003  -7.322320E-004  -3.649906E-004
  -1.835478E-002  -1.714643E-002  -7.703099E-003  -2.745830E-003  -1.232861E-003  -3.720790E-004
  -1.944315E-002  -1.818173E-002  -8.072195E-003  -2.625704E-003  -8.203530E-004  -2.945785E-003
  -2.060014E-002  -1.928288E-002  -8.635727E-003  -3.098935E-003  -6.602390E-004  -5.600373E-004
  -2.182958E-002  -2.045341E-002  -9.148666E-003  -3.233635E-003  -2.351362E-003  -4.777037E-004
  -2.313546E-002  -2.169704E-002  -9.713991E-003  -3.338863E-003  -9.665916E-004  -1.646823E-003
  -2.452193E-002  -2.301759E-002  -1.023362E-002  -3.614499E-003  -1.474087E-003  -7.551325E-004
  -2.599333E-002  -2.441907E-002  -1.017830E-002  -3.853602E-003  -9.382221E-003  -9.440757E-004
  -2.755412E-002  -2.590559E-002  -1.154013E-002  -4.098698E-003  -1.496639E-003  -3.030234E-003
  -2.920899E-002  -2.748147E-002  -1.212484E-002  -4.335287E-003  -7.828718E-004  -9.380601E-004
  -3.096273E-002  -2.915112E-002  -1.301096E-002  -4.574326E-003  -1.324366E-003  -6.665803E-004
  -3.282030E-002  -3.091914E-002  -1.313117E-002  -4.802889E-003  -1.293982E-003  -7.165945E-004
  -3.478683E-002  -3.279026E-002  -1.468248E-002  -5.177175E-003  -1.479112E-003  -2.575401E-004
  -3.686756E-002  -3.476934E-002  -1.558338E-002  -5.471194E-003  -1.865388E-003  -1.146342E-003
  -3.906784E-002  -3.686136E-002  -1.654031E-002  -5.430539E-003  -2.106450E-003  -6.356744E-004
  -4.139316E-002  -3.907145E-002  -1.745890E-002  -6.176803E-003  -2.241754E-003  -8.482387E-003
  -4.384906E-002  -4.140480E-002  -1.857762E-002  -1.338097E-004  -1.444047E-003  -6.686458E-004
  -4.644118E-002  -4.386670E-002  -1.966121E-002  -6.933639E-003  -1.943442E-003   1.948494E-002
  -4.917517E-002  -4.646251E-002  -2.072154E-002  -7.349509E-003   3.340812E-004  -1.439178E-004
  -5.205671E-002  -4.919758E-002  -2.207374E-002  -7.492742E-003  -1.699114E-003  -3.405055E-003
  -5.509146E-002  -5.207730E-002  -2.330303E-002  -8.245585E-003  -2.385198E-003  -1.676926E-003
  -5.828500E-002  -5.510701E-002  -2.463566E-002  -8.709340E-003  -2.126306E-003  -1.582759E-003
  -6.164284E-002  -5.829197E-002  -2.603156E-002  -9.196156E-003  -2.375196E-003  -1.635329E-003
  -6.517034E-002  -6.163730E-002  -2.761807E-002  -9.738352E-003  -3.402407E-003  -1.425875E-003
  -6.887264E-002  -6.514796E-002  -2.924655E-002  -1.032977E-002  -3.990777E-003  -8.545504E-004
  -7.275466E-002  -6.882871E-002  -3.089984E-002  -1.075416E-002  -3.360922E-003  -8.716124E-004
  -7.682102E-002  -7.268397E-002  -3.262602E-002  -1.145016E-002  -1.605487E-003  -1.487239E-003
  -8.107593E-002  -7.671785E-002  -3.440193E-002  -1.030167E-002  -3.377564E-003  -1.764013E-003
  -8.552321E-002  -8.093402E-002  -3.636141E-002  -1.288768E-002  -3.650244E-003  -2.090051E-003
  -9.016615E-002  -8.533570E-002  -3.830293E-002  -1.304749E-002  -3.670133E-003  -2.356169E-003
  -9.500746E-002  -8.992550E-002  -4.038058E-002  -1.421320E-002   5.176520E-003  -2.087215E-003
  -1.000492E-001  -9.470544E-002  -4.255351E-002  -1.601616E-002  -4.281533E-003  -2.279438E-003
  -1.052928E-001  -9.967683E-002  -4.476270E-002  -1.278105E-002  -4.448406E-003  -2.622059E-003
  -1.107386E-001  -1.048402E-001  -4.665611E-002  -1.569284E-002  -4.436785E-003  -1.081587E-002
  -1.163864E-001  -1.101952E-001  -4.947969E-002  -1.708233E-002  -5.229207E-003  -2.822571E-003
  -1.222348E-001  -1.157405E-001  -5.194228E-002  -1.793623E-002  -6.211289E-003  -8.338493E-003
  -1.282815E-001  -1.214741E-001  -5.457061E-002  -1.931589E-002  -4.958050E-003   6.831867E-003
  -1.345231E-001  -1.273924E-001  -5.723855E-002  -8.204597E-003  -6.388802E-003  -2.944440E-003
  -1.409548E-001  -1.334912E-001  -5.998208E-002  -2.111037E-002  -6.237408E-003  -3.107175E-003
  -1.475710E-001  -1.397649E-001  -6.259000E-002  -1.847828E-002  -6.048951E-003  -7.741192E-003
  -1.543644E-001  -1.462066E-001  -5.706231E-002  -2.363123E-002  -6.572100E-003   2.484763E-005
  -1.613267E-001  -1.528084E-001  -6.866062E-002  -2.507995E-002  -6.860559E-003  -4.676370E-003
  -1.684482E-001  -1.595611E-001  -7.165577E-002  -2.524142E-002  -6.646030E-003  -3.580599E-003
  -1.757178E-001  -1.664540E-001  -7.476046E-002  -2.623602E-002  -6.933801E-003  -4.673275E-003
  -1.831232E-001  -1.734754E-001  -7.794323E-002  -2.743733E-002  -8.677960E-003  -3.748502E-003
  -1.906505E-001  -1.806124E-001  -8.000474E-002  -2.646376E-002  -9.668948E-003  -4.154247E-003
  -1.982850E-001  -1.878506E-001  -8.423262E-002  -2.829481E-002  -8.435870E-003  -4.380030E-003
  -2.060103E-001  -1.951748E-001  -8.768683E-002  -3.264528E-002  -9.263163E-003  -4.535649E-003
  -2.138092E-001  -2.025684E-001  -9.101572E-002  -3.203546E-002  -8.080829E-003  -4.385049E-003
  -2.216632E-001  -2.100141E-001  -9.434427E-002  -3.308069E-002  -9.463913E-003  -5.147637E-003
  -2.295530E-001  -2.174936E-001  -9.772094E-002  -3.439773E-002  -1.014192E-002  -5.202304E-003
  -2.374585E-001  -2.249876E-001  -1.010721E-001  -3.540388E-002  -1.023334E-002  -5.226739E-003
  -2.453586E-001  -2.324764E-001  -1.043297E-001  -3.679070E-002  -2.026326E-002  -5.413625E-003
  -2.532320E-001  -2.399396E-001  -1.078029E-001  -3.792937E-002  -1.110764E-002  -6.301416E-003
  -2.610568E-001  -2.473567E-001  -1.111364E-001  -3.940808E-002  -1.102503E-002  -5.391696E-003
  -2.688109E-001  -2.547066E-001  -1.144322E-001  -4.027055E-002  -1.171968E-002  -1.069369E-002
  -2.764721E-001  -2.619684E-001  -1.176263E-001  -4.145747E-002  -1.171044E-002  -6.283984E-003
  -2.840185E-001  -2.691212E-001  -1.170898E-001  -4.256165E-002  -1.210911E-002  -6.295164E-003
  -2.914281E-001  -2.761443E-001  -1.240801E-001  -4.365591E-002  -1.629893E-002  -6.441092E-003
  -2.986796E-001  -2.830176E-001  -1.264789E-001  -4.475467E-002  -1.270544E-002  -5.503775E-003
  -3.057524E-001  -2.897214E-001  -1.301853E-001  -4.318978E-002  -2.325678E-002  -6.647704E-003
  -3.126265E-001  -2.962368E-001  -1.331092E-001  -4.692440E-002  -1.330077E-002  -4.453856E-003
  -3.192827E-001  -3.025457E-001  -1.359310E-001  -4.784561E-002  -2.825290E-002  -4.774633E-003
  -3.257032E-001  -3.086311E-001  -1.386555E-001  -4.891532E-002  -1.335485E-002  -1.355842E-002
  -3.318710E-001  -3.144771E-001  -1.394701E-001  -4.973206E-002  -1.412141E-002  -7.328783E-003
  -3.377706E-001  -3.200688E-001  -1.438173E-001  -5.072899E-002  -1.438549E-002  -4.927908E-003
  -3.433879E-001  -3.253929E-001  -1.462115E-001  -5.178678E-002  -1.470458E-002  -7.271420E-003
  -3.487100E-001  -3.304372E-001  -1.484118E-001  -5.227019E-002  -1.474282E-002  -7.679904E-003
  -3.537257E-001  -3.351911E-001  -1.506141E-001  -5.372310E-002  -1.494571E-002  -7.827282E-003
