   0.000000E+000   0.000000E+000   0.000000E+000   0.000000E+000   0.000000E+000   0.000000E+000
   7.536364E-006   7.536131E-006   7.538865E-006   7.558569E-006   7.687811E-006   7.910204E-006
   7.046047E-006   7.045792E-006   7.048354E-006   7.066821E-006   7.187944E-006   7.396366E-006
   6.618291E-006   6.618014E-006   6.620431E-006   6.637853E-006   6.752121E-006   6.948748E-006
   6.246968E-006   6.246667E-006   6.248964E-006   6.265517E-006   6.374095E-006   6.560929E-006
   5.926606E-006   5.926279E-006   5.928478E-006   5.944328E-006   6.048291E-006   6.227183E-006
   5.652323E-006   5.651968E-006   5.654091E-006   5.669390E-006   5.769737E-006   5.942410E-006
   5.419765E-006   5.419381E-006   5.421447E-006   5.436338E-006   5.534005E-006   5.702065E-006
   5.225052E-006   5.224637E-006   5.226665E-006   5.241280E-006   5.337147E-006   5.502108E-006
   5.064728E-006   5.064279E-006   5.066287E-006   5.080755E-006   5.175654E-006   5.338950E-006
   4.935718E-006   4.935233E-006   4.937237E-006   4.951679E-006   5.046406E-006   5.209406E-006
   4.835289E-006   4.834766E-006   4.836783E-006   4.851315E-006   4.946635E-006   5.110656E-006
   4.761015E-006   4.760451E-006   4.762496E-006   4.777232E-006   4.873887E-006   5.040206E-006
   4.710745E-006   4.710137E-006   4.712225E-006   4.727275E-006   4.825992E-006   4.995858E-006
   4.682575E-006   4.681919E-006   4.684066E-006   4.699540E-006   4.801034E-006   4.975680E-006
   4.674824E-006   4.674116E-006   4.676337E-006   4.692343E-006   4.797328E-006   4.977979E-006
   4.686009E-006   4.685247E-006   4.687557E-006   4.704204E-006   4.813393E-006   5.001281E-006
   4.714829E-006   4.714008E-006   4.716423E-006   4.733821E-006   4.847938E-006   5.044304E-006
   4.760145E-006   4.759260E-006   4.761794E-006   4.780056E-006   4.899837E-006   5.105949E-006
   4.820961E-006   4.820008E-006   4.822678E-006   4.841918E-006   4.968117E-006   5.185274E-006
   4.896416E-006   4.895390E-006   4.898212E-006   4.918549E-006   5.051945E-006   5.281486E-006
   4.985766E-006   4.984661E-006   4.987652E-006   5.009210E-006   5.150611E-006   5.393926E-006
   5.088375E-006   5.087185E-006   5.090364E-006   5.113271E-006   5.263520E-006   5.522061E-006
   5.203704E-006   5.202423E-006   5.205807E-006   5.230198E-006   5.390179E-006   5.665465E-006
   5.331304E-006   5.329924E-006   5.333534E-006   5.359550E-006   5.530192E-006   5.823824E-006
   5.470803E-006   5.469318E-006   5.473174E-006   5.500965E-006   5.683249E-006   5.996914E-006
   5.621906E-006   5.620306E-006   5.624431E-006   5.654155E-006   5.849121E-006   6.184607E-006
   5.784381E-006   5.782659E-006   5.787076E-006   5.818902E-006   6.027651E-006   6.386857E-006
   5.958061E-006   5.956207E-006   5.960940E-006   5.995046E-006   6.218753E-006   6.603697E-006
   6.142832E-006   6.140836E-006   6.145911E-006   6.182489E-006   6.422405E-006   6.835239E-006
   6.338633E-006   6.336484E-006   6.341930E-006   6.381183E-006   6.638642E-006   7.081665E-006
   6.545450E-006   6.543136E-006   6.548984E-006   6.591129E-006   6.867560E-006   7.343227E-006
   6.763315E-006   6.760824E-006   6.767106E-006   6.812375E-006   7.109305E-006   7.620247E-006
   6.992299E-006   6.989617E-006   6.996367E-006   7.045012E-006   7.364078E-006   7.913109E-006
   7.232513E-006   7.229626E-006   7.236882E-006   7.289169E-006   7.632125E-006   8.222267E-006
   7.484105E-006   7.480997E-006   7.488798E-006   7.545015E-006   7.913744E-006   8.548235E-006
   7.747256E-006   7.743911E-006   7.752299E-006   7.812753E-006   8.209277E-006   8.891595E-006
   8.022180E-006   8.018579E-006   8.027601E-006   8.092624E-006   8.519112E-006   9.252992E-006
   8.309123E-006   8.305246E-006   8.314951E-006   8.384898E-006   8.843683E-006   9.633137E-006
   8.608359E-006   8.604185E-006   8.614627E-006   8.689880E-006   9.183468E-006   1.003281E-005
   8.920193E-006   8.915700E-006   8.926935E-006   9.007904E-006   9.538990E-006   1.045285E-005
   9.244957E-006   9.240120E-006   9.252210E-006   9.339338E-006   9.910817E-006   1.089419E-005
   9.583010E-006   9.577803E-006   9.590813E-006   9.684574E-006   1.029956E-005   1.135781E-005
   9.934739E-006   9.929133E-006   9.943134E-006   1.004404E-005   1.070589E-005   1.184477E-005
   1.030056E-005   1.029452E-005   1.030959E-005   1.041819E-005   1.113051E-005   1.235623E-005
   1.068090E-005   1.067440E-005   1.069062E-005   1.080751E-005   1.157417E-005   1.289341E-005
   1.107623E-005   1.106924E-005   1.108670E-005   1.121251E-005   1.203769E-005   1.345762E-005
   1.148705E-005   1.147952E-005   1.149831E-005   1.163373E-005   1.252193E-005   1.405029E-005
   1.191387E-005   1.190577E-005   1.192599E-005   1.207175E-005   1.302779E-005   1.467290E-005
   1.235723E-005   1.234851E-005   1.237028E-005   1.252717E-005   1.355626E-005   1.532707E-005
   1.281771E-005   1.280832E-005   1.283175E-005   1.300064E-005   1.410837E-005   1.601451E-005
   1.329590E-005   1.328578E-005   1.331101E-005   1.349280E-005   1.468521E-005   1.673705E-005
   1.379242E-005   1.378153E-005   1.380868E-005   1.400438E-005   1.528795E-005   1.749665E-005
   1.430792E-005   1.429621E-005   1.432544E-005   1.453609E-005   1.591780E-005   1.829538E-005
   1.484310E-005   1.483049E-005   1.486195E-005   1.508872E-005   1.657608E-005   1.913546E-005
   1.539866E-005   1.538508E-005   1.541895E-005   1.566305E-005   1.726416E-005   2.001927E-005
   1.597533E-005   1.596071E-005   1.599717E-005   1.625995E-005   1.798351E-005   2.094932E-005
   1.657389E-005   1.655816E-005   1.659741E-005   1.688028E-005   1.873566E-005   2.192830E-005
   1.719515E-005   1.717821E-005   1.722046E-005   1.752497E-005   1.952226E-005   2.295910E-005
   1.783993E-005   1.782169E-005   1.786718E-005   1.819498E-005   2.034504E-005   2.404476E-005
   1.850911E-005   1.848947E-005   1.853844E-005   1.889131E-005   2.120584E-005   2.518855E-005
   1.920358E-005   1.918245E-005   1.923516E-005   1.961502E-005   2.210659E-005   2.639395E-005
   1.992430E-005   1.990154E-005   1.995828E-005   2.036721E-005   2.304937E-005   2.766469E-005
   2.067222E-005   2.064773E-005   2.070881E-005   2.114901E-005   2.403635E-005   2.900471E-005
   2.144837E-005   2.142201E-005   2.148776E-005   2.196164E-005   2.506984E-005   3.041826E-005
   2.225381E-005   2.222542E-005   2.229621E-005   2.280633E-005   2.615230E-005   3.190985E-005
   2.308962E-005   2.305906E-005   2.313526E-005   2.368441E-005   2.728633E-005   3.348431E-005
   2.395693E-005   2.392404E-005   2.400607E-005   2.459723E-005   2.847468E-005   3.514678E-005
   2.485694E-005   2.482153E-005   2.490984E-005   2.554621E-005   2.972028E-005   3.690276E-005
   2.579087E-005   2.575275E-005   2.584781E-005   2.653287E-005   3.102623E-005   3.875814E-005
   2.675999E-005   2.671895E-005   2.682128E-005   2.755874E-005   3.239582E-005   4.071918E-005
   2.776562E-005   2.772144E-005   2.783160E-005   2.862547E-005   3.383256E-005   4.279261E-005
   2.880913E-005   2.876157E-005   2.888016E-005   2.973476E-005   3.534016E-005   4.498559E-005
   2.989195E-005   2.984075E-005   2.996841E-005   3.088838E-005   3.692256E-005   4.730579E-005
   3.101556E-005   3.096045E-005   3.109787E-005   3.208821E-005   3.858395E-005   4.976142E-005
   3.218149E-005   3.212216E-005   3.227009E-005   3.333619E-005   4.032880E-005   5.236123E-005
   3.339134E-005   3.332747E-005   3.348672E-005   3.463436E-005   4.216183E-005   5.511463E-005
   3.464676E-005   3.457800E-005   3.474943E-005   3.598486E-005   4.408810E-005   5.803163E-005
   3.594947E-005   3.587545E-005   3.605999E-005   3.738991E-005   4.611295E-005   6.112299E-005
   3.730124E-005   3.722157E-005   3.742022E-005   3.885186E-005   4.824210E-005   6.440020E-005
   3.870395E-005   3.861817E-005   3.883202E-005   4.037316E-005   5.048162E-005   6.787557E-005
   4.015949E-005   4.006715E-005   4.029736E-005   4.195638E-005   5.283797E-005   7.156227E-005
   4.166988E-005   4.157047E-005   4.181829E-005   4.360419E-005   5.531804E-005   7.547441E-005
   4.323717E-005   4.313016E-005   4.339693E-005   4.531942E-005   5.792916E-005   7.962710E-005
   4.486352E-005   4.474833E-005   4.503550E-005   4.710502E-005   6.067916E-005   8.403653E-005
   4.655116E-005   4.642716E-005   4.673629E-005   4.896409E-005   6.357635E-005   8.872003E-005
   4.830241E-005   4.816892E-005   4.850169E-005   5.089987E-005   6.662963E-005   9.369618E-005
   5.011967E-005   4.997597E-005   5.033419E-005   5.291577E-005   6.984845E-005   9.898488E-005
   5.200543E-005   5.185074E-005   5.223635E-005   5.501535E-005   7.324294E-005   1.046075E-004
   5.396229E-005   5.379577E-005   5.421087E-005   5.720239E-005   7.682386E-005   1.105868E-004
   5.599294E-005   5.581368E-005   5.626052E-005   5.948080E-005   8.060272E-005   1.169475E-004
   5.810017E-005   5.790719E-005   5.838821E-005   6.185474E-005   8.459179E-005   1.237157E-004
   6.028688E-005   6.007914E-005   6.059694E-005   6.432854E-005   8.880419E-005   1.309196E-004
   6.255608E-005   6.233245E-005   6.288984E-005   6.690677E-005   9.325391E-005   1.385896E-004
   6.491089E-005   6.467016E-005   6.527018E-005   6.959425E-005   9.795591E-005   1.467579E-004
   6.735457E-005   6.709543E-005   6.774131E-005   7.239600E-005   1.029262E-004   1.554593E-004
   6.989047E-005   6.961151E-005   7.030678E-005   7.531735E-005   1.081817E-004   1.647312E-004
   7.252210E-005   7.222181E-005   7.297024E-005   7.836389E-005   1.137409E-004   1.746136E-004
   7.525310E-005   7.492983E-005   7.573548E-005   8.154149E-005   1.196231E-004   1.851495E-004
   7.808722E-005   7.773923E-005   7.860647E-005   8.485635E-005   1.258492E-004   1.963848E-004
   8.102839E-005   8.065379E-005   8.158733E-005   8.831499E-005   1.324415E-004   2.083690E-004
   8.408067E-005   8.367742E-005   8.468232E-005   9.192427E-005   1.394240E-004   2.211553E-004
   8.724829E-005   8.681420E-005   8.789592E-005   9.569145E-005   1.468220E-004   2.348005E-004
   9.053563E-005   9.006835E-005   9.123275E-005   9.962416E-005   1.546629E-004   2.493658E-004
   9.394725E-005   9.344423E-005   9.469763E-005   1.037304E-004   1.629760E-004   2.649168E-004
   9.748787E-005   9.694639E-005   9.829559E-005   1.080188E-004   1.717924E-004   2.815241E-004
   1.011624E-004   1.005795E-004   1.020318E-004   1.124982E-004   1.811458E-004   2.992632E-004
   1.049760E-004   1.043485E-004   1.059118E-004   1.171780E-004   1.910718E-004   3.182154E-004
   1.089338E-004   1.082584E-004   1.099412E-004   1.220684E-004   2.016090E-004   3.384680E-004
   1.130415E-004   1.123144E-004   1.141258E-004   1.271797E-004   2.127984E-004   3.601145E-004
   1.173048E-004   1.165221E-004   1.184719E-004   1.325233E-004   2.246841E-004   3.832556E-004
   1.217295E-004   1.208869E-004   1.229857E-004   1.381108E-004   2.373133E-004   4.079994E-004
   1.263218E-004   1.254149E-004   1.276740E-004   1.439547E-004   2.507364E-004   4.344618E-004
   1.310882E-004   1.301119E-004   1.325437E-004   1.500682E-004   2.650076E-004   4.627675E-004
   1.360353E-004   1.349844E-004   1.376019E-004   1.564652E-004   2.801851E-004   4.930504E-004
   1.411700E-004   1.400388E-004   1.428563E-004   1.631606E-004   2.963310E-004   5.254543E-004
   1.464996E-004   1.452819E-004   1.483145E-004   1.701698E-004   3.135120E-004   5.601336E-004
   1.520314E-004   1.507206E-004   1.539849E-004   1.775095E-004   3.317996E-004   5.972543E-004
   1.577733E-004   1.563623E-004   1.598759E-004   1.851972E-004   3.512705E-004   6.369947E-004
   1.637332E-004   1.622144E-004   1.659963E-004   1.932514E-004   3.720068E-004   6.795464E-004
   1.699196E-004   1.682847E-004   1.723555E-004   2.016919E-004   3.940967E-004   7.251150E-004
   1.763413E-004   1.745814E-004   1.789630E-004   2.105395E-004   4.176347E-004   7.739218E-004
   1.830071E-004   1.811127E-004   1.858289E-004   2.198163E-004   4.427222E-004   8.262042E-004
   1.899266E-004   1.878874E-004   1.929637E-004   2.295459E-004   4.694680E-004   8.822174E-004
   1.971095E-004   1.949145E-004   2.003783E-004   2.397531E-004   4.979888E-004   9.422357E-004
   2.045660E-004   2.022033E-004   2.080841E-004   2.504645E-004   5.284096E-004   1.006554E-003
   2.123066E-004   2.097634E-004   2.160931E-004   2.617082E-004   5.608647E-004   1.075488E-003
   2.203424E-004   2.176048E-004   2.244176E-004   2.735139E-004   5.954983E-004   1.149379E-003
   2.286847E-004   2.257380E-004   2.330707E-004   2.859135E-004   6.324649E-004   1.228591E-003
   2.373455E-004   2.341736E-004   2.420658E-004   2.989406E-004   6.719304E-004   1.313519E-003
   2.463370E-004   2.429229E-004   2.514172E-004   3.126312E-004   7.140729E-004   1.404583E-003
   2.556721E-004   2.519972E-004   2.611395E-004   3.270232E-004   7.590834E-004   1.502237E-003
   2.653643E-004   2.614087E-004   2.712483E-004   3.421574E-004   8.071669E-004   1.606968E-003
   2.754273E-004   2.711696E-004   2.817597E-004   3.580767E-004   8.585434E-004   1.719301E-003
   2.858756E-004   2.812927E-004   2.926904E-004   3.748271E-004   9.134494E-004   1.839796E-003
   2.967243E-004   2.917914E-004   3.040582E-004   3.924576E-004   9.721381E-004   1.969058E-003
   3.079890E-004   3.026794E-004   3.158815E-004   4.110200E-004   1.034882E-003   2.107738E-003
   3.196859E-004   3.139710E-004   3.281794E-004   4.305700E-004   1.101973E-003   2.256531E-003
   3.318321E-004   3.256809E-004   3.409722E-004   4.511664E-004   1.173724E-003   2.416187E-003
   3.444451E-004   3.378243E-004   3.542809E-004   4.728722E-004   1.250473E-003   2.587513E-003
   3.575433E-004   3.504171E-004   3.681276E-004   4.957544E-004   1.332580E-003   2.771371E-003
   3.711458E-004   3.634757E-004   3.825354E-004   5.198845E-004   1.420434E-003   2.968691E-003
   3.852724E-004   3.770169E-004   3.975284E-004   5.453387E-004   1.514451E-003   3.180471E-003
   3.999439E-004   3.910584E-004   4.131320E-004   5.721983E-004   1.615078E-003   3.407782E-003
   4.151818E-004   4.056183E-004   4.293727E-004   6.005498E-004   1.722794E-003   3.651776E-003
   4.310085E-004   4.207154E-004   4.462781E-004   6.304857E-004   1.838116E-003   3.913689E-003
   4.474475E-004   4.363691E-004   4.638775E-004   6.621047E-004   1.961595E-003   4.194847E-003
   4.645230E-004   4.525996E-004   4.822014E-004   6.955119E-004   2.093825E-003   4.496676E-003
   4.822604E-004   4.694277E-004   5.012816E-004   7.308199E-004   2.235443E-003   4.820708E-003
   5.006862E-004   4.868749E-004   5.211518E-004   7.681483E-004   2.387134E-003   5.168583E-003
   5.198279E-004   5.049635E-004   5.418471E-004   8.076254E-004   2.549630E-003   5.542067E-003
   5.397142E-004   5.237165E-004   5.634044E-004   8.493879E-004   2.723721E-003   5.943051E-003
   5.603749E-004   5.431578E-004   5.858625E-004   8.935817E-004   2.910250E-003   6.373568E-003
   5.818414E-004   5.633120E-004   6.092620E-004   9.403628E-004   3.110126E-003   6.835798E-003
   6.041460E-004   5.842046E-004   6.336457E-004   9.898979E-004   3.324323E-003   7.332080E-003
   6.273228E-004   6.058619E-004   6.590582E-004   1.042365E-003   3.553884E-003   7.864923E-003
   6.514070E-004   6.283112E-004   6.855468E-004   1.097954E-003   3.799931E-003   8.437019E-003
   6.764355E-004   6.515805E-004   7.131610E-004   1.156869E-003   4.063667E-003   9.051254E-003
   7.024469E-004   6.756990E-004   7.419527E-004   1.219326E-003   4.346383E-003   9.710724E-003
   7.294812E-004   7.006967E-004   7.719766E-004   1.285557E-003   4.649461E-003   1.041875E-002
   7.575804E-004   7.266045E-004   8.032903E-004   1.355812E-003   4.974387E-003   1.117888E-002
   7.867882E-004   7.534546E-004   8.359543E-004   1.430354E-003   5.322753E-003   1.199493E-002
   8.171503E-004   7.812801E-004   8.700321E-004   1.509469E-003   5.696267E-003   1.287099E-002
   8.487142E-004   8.101149E-004   9.055909E-004   1.593458E-003   6.096758E-003   1.381142E-002
   8.815300E-004   8.399945E-004   9.427011E-004   1.682645E-003   6.526190E-003   1.482091E-002
   9.156494E-004   8.709552E-004   9.814369E-004   1.777378E-003   6.986666E-003   1.590447E-002
   9.511270E-004   9.030346E-004   1.021877E-003   1.878027E-003   7.480441E-003   1.706746E-002
   9.880194E-004   9.362712E-004   1.064103E-003   1.984988E-003   8.009931E-003   1.831563E-002
   1.026386E-003   9.707052E-004   1.108202E-003   2.098684E-003   8.577724E-003   1.965511E-002
   1.066289E-003   1.006378E-003   1.154265E-003   2.219569E-003   9.186593E-003   2.109245E-002
   1.107793E-003   1.043331E-003   1.202390E-003   2.348126E-003   9.839506E-003   2.263467E-002
   1.150965E-003   1.081609E-003   1.252677E-003   2.484874E-003   1.053964E-002   2.428924E-002
   1.195878E-003   1.121256E-003   1.305234E-003   2.630366E-003   1.129041E-002   2.606417E-002
   1.242605E-003   1.162320E-003   1.360174E-003   2.785194E-003   1.209544E-002   2.796796E-002
   1.291223E-003   1.204848E-003   1.417616E-003   2.949991E-003   1.295864E-002   3.000973E-002
   1.341815E-003   1.248888E-003   1.477687E-003   3.125433E-003   1.388417E-002   3.219914E-002
   1.394465E-003   1.294492E-003   1.540519E-003   3.312245E-003   1.487649E-002   3.454652E-002
   1.449262E-003   1.341712E-003   1.606253E-003   3.511199E-003   1.594036E-002   3.706284E-002
   1.506299E-003   1.390601E-003   1.675037E-003   3.723122E-003   1.708086E-002   3.975979E-002
   1.565675E-003   1.441215E-003   1.747028E-003   3.948897E-003   1.830344E-002   4.264976E-002
   1.627492E-003   1.493609E-003   1.822390E-003   4.189468E-003   1.961390E-002   4.574593E-002
   1.691858E-003   1.547842E-003   1.901300E-003   4.445844E-003   2.101842E-002   4.906227E-002
   1.758883E-003   1.603973E-003   1.983940E-003   4.719103E-003   2.252362E-002   5.261357E-002
   1.828688E-003   1.662064E-003   2.070507E-003   5.010397E-003   2.413652E-002   5.641549E-002
   1.901396E-003   1.722178E-003   2.161207E-003   5.320955E-003   2.586465E-002   6.048459E-002
   1.977136E-003   1.784378E-003   2.256257E-003   5.652090E-003   2.771598E-002   6.483832E-002
   2.056044E-003   1.848731E-003   2.355889E-003   6.005206E-003   2.969903E-002   6.949511E-002
   2.138264E-003   1.915304E-003   2.460345E-003   6.381799E-003   3.182282E-002   7.447431E-002
   2.223947E-003   1.984166E-003   2.569883E-003   6.783468E-003   3.409698E-002   7.979626E-002
   2.313248E-003   2.055389E-003   2.684777E-003   7.211918E-003   3.653171E-002   8.548230E-002
   2.406335E-003   2.129043E-003   2.805313E-003   7.668969E-003   3.913783E-002   9.155471E-002
   2.503380E-003   2.205205E-003   2.931798E-003   8.156561E-003   4.192683E-002   9.803676E-002
   2.604567E-003   2.283947E-003   3.064552E-003   8.676763E-003   4.491087E-002   1.049527E-001
   2.710087E-003   2.365349E-003   3.203918E-003   9.231782E-003   4.810280E-002   1.123275E-001
   2.820143E-003   2.449487E-003   3.350255E-003   9.823968E-003   5.151621E-002   1.201872E-001
   2.934947E-003   2.536443E-003   3.503945E-003   1.045583E-002   5.516545E-002   1.285585E-001
   3.054721E-003   2.626297E-003   3.665391E-003   1.113002E-002   5.906562E-002   1.374689E-001
   3.179700E-003   2.719132E-003   3.835021E-003   1.184940E-002   6.323264E-002   1.469461E-001
   3.310132E-003   2.815033E-003   4.013284E-003   1.261697E-002   6.768320E-002   1.570187E-001
   3.446277E-003   2.914085E-003   4.200659E-003   1.343596E-002   7.243485E-002   1.677150E-001
   3.588407E-003   3.016374E-003   4.397650E-003   1.430978E-002   7.750591E-002   1.790635E-001
   3.736811E-003   3.121989E-003   4.604790E-003   1.524206E-002   8.291555E-002   1.910924E-001
   3.891792E-003   3.231017E-003   4.822644E-003   1.623666E-002   8.868372E-002   2.038293E-001
   4.053669E-003   3.343549E-003   5.051807E-003   1.729768E-002   9.483118E-002   2.173006E-001
   4.222779E-003   3.459676E-003   5.292909E-003   1.842945E-002   1.013794E-001   2.315313E-001
   4.399476E-003   3.579488E-003   5.546617E-003   1.963659E-002   1.083506E-001   2.465443E-001
   4.584134E-003   3.703077E-003   5.813634E-003   2.092397E-002   1.157676E-001   2.623600E-001
   4.777145E-003   3.830537E-003   6.094703E-003   2.229677E-002   1.236538E-001   2.789955E-001
   4.978925E-003   3.961958E-003   6.390609E-003   2.376046E-002   1.320330E-001   2.964635E-001
   5.189911E-003   4.097435E-003   6.702179E-003   2.532082E-002   1.409295E-001   3.147720E-001
   5.410563E-003   4.237059E-003   7.030288E-003   2.698395E-002   1.503676E-001   3.339228E-001
   5.641368E-003   4.380923E-003   7.375858E-003   2.875631E-002   1.603717E-001   3.539105E-001
   5.882839E-003   4.529119E-003   7.739863E-003   3.064470E-002   1.709659E-001   3.747215E-001
   6.135517E-003   4.681738E-003   8.123327E-003   3.265628E-002   1.821739E-001   3.963321E-001
   6.399971E-003   4.838870E-003   8.527333E-003   3.479858E-002   1.940185E-001   4.187074E-001
   6.676804E-003   5.000604E-003   8.953018E-003   3.707953E-002   2.065215E-001   4.417994E-001
   6.966650E-003   5.167027E-003   9.401581E-003   3.950745E-002   2.197032E-001   4.655455E-001
   7.270180E-003   5.338226E-003   9.874286E-003   4.209104E-002   2.335816E-001   4.898663E-001
   7.588101E-003   5.514282E-003   1.037246E-002   4.483943E-002   2.481725E-001   5.146636E-001
   7.921158E-003   5.695279E-003   1.089750E-002   4.776216E-002   2.634883E-001   5.398185E-001
   8.270139E-003   5.881292E-003   1.145086E-002   5.086917E-002   2.795379E-001   5.651894E-001
   8.635875E-003   6.072399E-003   1.203410E-002   5.417082E-002   2.963253E-001   5.906091E-001
   9.019242E-003   6.268669E-003   1.264883E-002   5.767787E-002   3.138492E-001   6.158838E-001
   9.421168E-003   6.470170E-003   1.329674E-002   6.140148E-002   3.321020E-001   6.407903E-001
   9.842628E-003   6.676966E-003   1.397960E-002   6.535321E-002   3.510686E-001   6.650745E-001
   1.028465E-002   6.889114E-003   1.469928E-002   6.954496E-002   3.707254E-001   6.884502E-001
   1.074833E-002   7.106666E-003   1.545773E-002   7.398899E-002   3.910392E-001   7.105978E-001
   1.123482E-002   7.329671E-003   1.625697E-002   7.869786E-002   4.119655E-001   7.311643E-001
   1.174532E-002   7.558167E-003   1.709912E-002   8.368442E-002   4.334476E-001   7.497634E-001
   1.228111E-002   7.792190E-003   1.798641E-002   8.896172E-002   4.554146E-001   7.659771E-001
   1.284354E-002   8.031764E-003   1.892114E-002   9.454301E-002   4.777804E-001   7.793585E-001
   1.343405E-002   8.276910E-003   1.990571E-002   1.004416E-001   5.004417E-001   7.894356E-001
   1.405412E-002   8.527635E-003   2.094263E-002   1.066709E-001   5.232767E-001   7.957177E-001
   1.470535E-002   8.783943E-003   2.203447E-002   1.132442E-001   5.461432E-001   7.977024E-001
   1.538941E-002   9.045823E-003   2.318394E-002   1.201746E-001   5.688774E-001   7.948869E-001
   1.610806E-002   9.313256E-003   2.439382E-002   1.274749E-001   5.912926E-001   7.867794E-001
   1.686316E-002   9.586214E-003   2.566698E-002   1.351576E-001   6.131778E-001   7.729155E-001
   1.765667E-002   9.864655E-003   2.700639E-002   1.432345E-001   6.342967E-001   7.528756E-001
   1.849065E-002   1.014853E-002   2.841513E-002   1.517165E-001   6.543875E-001   7.263062E-001
   1.936729E-002   1.043776E-002   2.989634E-002   1.606139E-001   6.731626E-001   6.929436E-001
   2.028888E-002   1.073229E-002   3.145324E-002   1.699355E-001   6.903093E-001   6.526399E-001
   2.125783E-002   1.103200E-002   3.308915E-002   1.796888E-001   7.054909E-001   6.053906E-001
   2.227669E-002   1.133681E-002   3.480746E-002   1.898796E-001   7.183490E-001   5.513641E-001
   2.334815E-002   1.164659E-002   3.661160E-002   2.005117E-001   7.285067E-001   4.909293E-001
   2.447502E-002   1.196120E-002   3.850509E-002   2.115867E-001   7.355728E-001   4.246831E-001
   2.566027E-002   1.228049E-002   4.049147E-002   2.231035E-001   7.391481E-001   3.534726E-001
   2.690704E-002   1.260429E-002   4.257433E-002   2.350577E-001   7.388321E-001   2.784121E-001
   2.821860E-002   1.293243E-002   4.475730E-002   2.474419E-001   7.342326E-001   2.008897E-001
   2.959841E-002   1.326470E-002   4.704397E-002   2.602445E-001   7.249760E-001   1.225630E-001
   3.105011E-002   1.360089E-002   4.943799E-002   2.734498E-001   7.107204E-001   4.533871E-002
   3.257751E-002   1.394076E-002   5.194292E-002   2.870373E-001   6.911698E-001  -2.866708E-002
   3.418463E-002   1.428406E-002   5.456234E-002   3.009809E-001   6.660903E-001  -9.718891E-002
   3.587568E-002   1.463052E-002   5.729971E-002   3.152491E-001   6.353277E-001  -1.578962E-001
   3.765507E-002   1.497986E-002   6.015844E-002   3.298040E-001   5.988271E-001  -2.085015E-001
   3.952746E-002   1.533178E-002   6.314181E-002   3.446006E-001   5.566514E-001  -2.468912E-001
   4.149770E-002   1.568596E-002   6.625297E-002   3.595868E-001   5.090017E-001  -2.712757E-001
   4.357090E-002   1.604206E-002   6.949488E-002   3.747026E-001   4.562352E-001  -2.803521E-001
   4.575241E-002   1.639972E-002   7.287032E-002   3.898797E-001   3.988820E-001  -2.734685E-001
   4.804784E-002   1.675859E-002   7.638181E-002   4.050410E-001   3.376578E-001  -2.507762E-001
   5.046306E-002   1.711827E-002   8.003162E-002   4.201002E-001   2.734716E-001  -2.133536E-001
   5.300421E-002   1.747838E-002   8.382168E-002   4.349619E-001   2.074268E-001  -1.632801E-001
   5.567774E-002   1.783848E-002   8.775357E-002   4.495208E-001   1.408135E-001  -1.036393E-001
   5.849036E-002   1.819817E-002   9.182849E-002   4.636621E-001   7.509031E-002  -3.843305E-002
   6.144912E-002   1.855700E-002   9.604718E-002   4.772615E-001   1.185420E-002   2.761104E-002
   6.456137E-002   1.891451E-002   1.004099E-001   4.901851E-001  -4.720358E-002   8.934481E-002
   6.783479E-002   1.927026E-002   1.049163E-001   5.022905E-001  -1.003553E-001   1.416125E-001
   7.127741E-002   1.962377E-002   1.095655E-001   5.134269E-001  -1.459090E-001   1.797494E-001
   7.489761E-002   1.997456E-002   1.143561E-001   5.234362E-001  -1.822938E-001   2.001276E-001
   7.870414E-002   2.032215E-002   1.192856E-001   5.321546E-001  -2.081555E-001   2.006852E-001
   8.270609E-002   2.066605E-002   1.243513E-001   5.394136E-001  -2.224590E-001   1.813656E-001
   8.691300E-002   2.100578E-002   1.295492E-001   5.450424E-001  -2.245903E-001   1.443781E-001
   9.133475E-002   2.134083E-002   1.348746E-001   5.488698E-001  -2.144527E-001   9.419616E-002
   9.598166E-002   2.167071E-002   1.403221E-001   5.507270E-001  -1.925456E-001   3.723011E-002
   1.008645E-001   2.199493E-002   1.458850E-001   5.504509E-001  -1.600169E-001  -1.885345E-002
   1.059944E-001   2.231300E-002   1.515557E-001   5.478871E-001  -1.186780E-001  -6.613173E-002
   1.113831E-001   2.262443E-002   1.573255E-001   5.428940E-001  -7.097064E-002  -9.764198E-002
   1.170426E-001   2.292876E-002   1.631847E-001   5.353469E-001  -1.987778E-002  -1.086366E-001
   1.229856E-001   2.322550E-002   1.691224E-001   5.251425E-001   3.122618E-002  -9.763998E-002
   1.292250E-001   2.351421E-002   1.751262E-001   5.122036E-001   7.878593E-002  -6.704582E-002
   1.357746E-001   2.379444E-002   1.811829E-001   4.964837E-001   1.193281E-001  -2.302822E-002
   1.426484E-001   2.406575E-002   1.872778E-001   4.779725E-001   1.497617E-001   2.536186E-002
   1.498610E-001   2.432774E-002   1.933948E-001   4.567000E-001   1.676912E-001   6.787388E-002
   1.574278E-001   2.457999E-002   1.995168E-001   4.327415E-001   1.717102E-001   9.525684E-002
   1.653644E-001   2.482213E-002   2.056253E-001   4.062215E-001   1.616369E-001   1.015250E-001
   1.736873E-001   2.505381E-002   2.117002E-001   3.773172E-001   1.386509E-001   8.569653E-002
   1.824134E-001   2.527469E-002   2.177207E-001   3.462610E-001   1.052940E-001   5.242252E-002
   1.915603E-001   2.548445E-002   2.236642E-001   3.133421E-001   6.530743E-002   1.111653E-002
   2.011463E-001   2.568280E-002   2.295072E-001   2.789061E-001   2.329477E-002  -2.641887E-002
   2.111904E-001   2.586949E-002   2.352251E-001   2.433541E-001  -1.577424E-002  -4.937667E-002
   2.217120E-001   2.604427E-002   2.407922E-001   2.071386E-001  -4.717719E-002  -5.139224E-002
   2.327316E-001   2.620694E-002   2.461816E-001   1.707586E-001  -6.709664E-002  -3.286890E-002
   2.442702E-001   2.635731E-002   2.513658E-001   1.347514E-001  -7.322743E-002  -1.172067E-003
   2.563495E-001   2.649524E-002   2.563166E-001   9.968285E-002  -6.522117E-002   3.176733E-002
   2.689922E-001   2.662060E-002   2.610050E-001   6.613508E-002  -4.486735E-002   5.364147E-002
   2.822215E-001   2.673329E-002   2.654018E-001   3.469175E-002  -1.593239E-002   5.649704E-002
   2.960617E-001   2.683325E-002   2.694772E-001   5.921654E-003   1.636622E-002   4.027454E-002
   3.105378E-001   2.692038E-002   2.732018E-001  -1.963953E-002   4.620775E-002   1.297491E-002
   3.256756E-001   2.699454E-002   2.765460E-001  -4.150863E-002   6.821709E-002  -1.274486E-002
   3.415014E-001   2.705524E-002   2.794809E-001  -5.927484E-002   7.867170E-002  -2.537080E-002
   2.344288E-002   2.710363E-002   2.819711E-001  -7.264762E-002   7.578921E-002  -2.008607E-002
   2.343197E-002   2.710825E-002   2.822671E-001  -7.406936E-002   7.444858E-002  -1.817520E-002
   2.342085E-002   2.711268E-002   2.825550E-001  -7.540944E-002   7.290007E-002  -1.603722E-002
   2.340933E-002   2.711674E-002   2.828347E-001  -7.666763E-002   7.115096E-002  -1.369584E-002
   2.339733E-002   2.712036E-002   2.831060E-001  -7.784367E-002   6.920928E-002  -1.117666E-002
   2.338483E-002   2.712350E-002   2.833690E-001  -7.893735E-002   6.708383E-002  -8.506858E-003
   2.337178E-002   2.712612E-002   2.836235E-001  -7.994851E-002   6.478412E-002  -5.714951E-003
   2.335816E-002   2.712820E-002   2.838696E-001  -8.087703E-002   6.232033E-002  -2.830504E-003
   2.334394E-002   2.712972E-002   2.841071E-001  -8.172280E-002   5.970331E-002   1.161737E-004
   2.332911E-002   2.713065E-002   2.843360E-001  -8.248579E-002   5.694449E-002   3.094330E-003
   2.331365E-002   2.713098E-002   2.845562E-001  -8.316598E-002   5.405587E-002   6.073086E-003
   2.329742E-002   2.713058E-002   2.847678E-001  -8.376343E-002   5.104997E-002   9.021753E-003
   2.328033E-002   2.712936E-002   2.849706E-001  -8.427824E-002   4.793976E-002   1.191015E-002
   2.326232E-002   2.712724E-002   2.851645E-001  -8.471052E-002   4.473863E-002   1.470892E-002
   2.324335E-002   2.712420E-002   2.853497E-001  -8.506043E-002   4.146031E-002   1.738981E-002
   2.322336E-002   2.712018E-002   2.855259E-001  -8.532819E-002   3.811885E-002   1.992600E-002
   2.320219E-002   2.711501E-002   2.856932E-001  -8.551405E-002   3.472855E-002   2.229236E-002
   2.317972E-002   2.710859E-002   2.858515E-001  -8.561831E-002   3.130391E-002   2.446570E-002
   2.315588E-002   2.710084E-002   2.860008E-001  -8.564130E-002   2.785952E-002   2.642506E-002
   2.313060E-002   2.709170E-002   2.861410E-001  -8.558339E-002   2.441009E-002   2.815190E-002
   2.310385E-002   2.708112E-002   2.862721E-001  -8.544496E-002   2.097032E-002   2.963032E-002
   2.307563E-002   2.706913E-002   2.863941E-001  -8.522646E-002   1.755486E-002   3.084723E-002
   2.304590E-002   2.705567E-002   2.865069E-001  -8.492836E-002   1.417827E-002   3.179251E-002
   2.301460E-002   2.704069E-002   2.866104E-001  -8.455120E-002   1.085493E-002   3.245913E-002
   2.298165E-002   2.702410E-002   2.867047E-001  -8.409556E-002   7.598965E-003   3.284320E-002
   2.294701E-002   2.700588E-002   2.867897E-001  -8.356205E-002   4.424212E-003   3.294406E-002
   2.291067E-002   2.698600E-002   2.868653E-001  -8.295132E-002   1.344137E-003   3.276426E-002
   2.287254E-002   2.696439E-002   2.869316E-001  -8.226407E-002  -1.628227E-003   3.230957E-002
   2.283251E-002   2.694094E-002   2.869884E-001  -8.150107E-002  -4.480337E-003   3.158888E-002
   2.279049E-002   2.691556E-002   2.870359E-001  -8.066310E-002  -7.200203E-003   3.061412E-002
   2.274650E-002   2.688826E-002   2.870739E-001  -7.975097E-002  -9.776445E-003   2.940012E-002
   2.270053E-002   2.685904E-002   2.871023E-001  -7.876553E-002  -1.219836E-002   2.796446E-002
   2.265250E-002   2.682782E-002   2.871213E-001  -7.770772E-002  -1.445596E-002   2.632724E-002
   2.260229E-002   2.679447E-002   2.871307E-001  -7.657850E-002  -1.654006E-002   2.451085E-002
   2.254979E-002   2.675891E-002   2.871305E-001  -7.537888E-002  -1.844229E-002   2.253970E-002
   2.249503E-002   2.672116E-002   2.871207E-001  -7.410988E-002  -2.015515E-002   2.043990E-002
   2.243798E-002   2.668118E-002   2.871012E-001  -7.277257E-002  -2.167207E-002   1.823899E-002
   2.237852E-002   2.663887E-002   2.870721E-001  -7.136810E-002  -2.298746E-002   1.596554E-002
   2.231650E-002   2.659407E-002   2.870332E-001  -6.989766E-002  -2.409673E-002   1.364882E-002
   2.225184E-002   2.654671E-002   2.869847E-001  -6.836246E-002  -2.499629E-002   1.131839E-002
   2.218456E-002   2.649680E-002   2.869264E-001  -6.676374E-002  -2.568363E-002   9.003764E-003
   2.211457E-002   2.644427E-002   2.868584E-001  -6.510279E-002  -2.615733E-002   6.733985E-003
   2.204175E-002   2.638898E-002   2.867805E-001  -6.338096E-002  -2.641708E-002   4.537250E-003
   2.196594E-002   2.633080E-002   2.866929E-001  -6.159967E-002  -2.646367E-002   2.440532E-003
   2.188707E-002   2.626965E-002   2.865954E-001  -5.976031E-002  -2.629902E-002   4.691345E-004
   2.180509E-002   2.620548E-002   2.864881E-001  -5.786435E-002  -2.592616E-002  -1.353598E-003
   2.171991E-002   2.613820E-002   2.863709E-001  -5.591330E-002  -2.534927E-002  -3.006114E-003
   2.163137E-002   2.606767E-002   2.862439E-001  -5.390871E-002  -2.457361E-002  -4.470077E-003
   2.153931E-002   2.599373E-002   2.861069E-001  -5.185218E-002  -2.360556E-002  -5.729732E-003
   2.144366E-002   2.591630E-002   2.859600E-001  -4.974534E-002  -2.245255E-002  -6.772526E-003
   2.134433E-002   2.583530E-002   2.858033E-001  -4.758985E-002  -2.112306E-002  -7.588707E-003
   2.124117E-002   2.575059E-002   2.856365E-001  -4.538743E-002  -1.962656E-002  -8.172657E-003
   2.113405E-002   2.566204E-002   2.854598E-001  -4.313983E-002  -1.797352E-002  -8.521701E-003
   2.102280E-002   2.556948E-002   2.852732E-001  -4.084884E-002  -1.617530E-002  -8.636839E-003
   2.090730E-002   2.547282E-002   2.850765E-001  -3.851629E-002  -1.424410E-002  -8.522586E-003
   2.078745E-002   2.537192E-002   2.848699E-001  -3.614404E-002  -1.219295E-002  -8.186907E-003
   2.066308E-002   2.526666E-002   2.846533E-001  -3.373401E-002  -1.003560E-002  -7.641078E-003
   2.053406E-002   2.515688E-002   2.844266E-001  -3.128813E-002  -7.786434E-003  -6.899509E-003
   2.040022E-002   2.504244E-002   2.841900E-001  -2.880840E-002  -5.460436E-003  -5.979502E-003
   2.026142E-002   2.492320E-002   2.839432E-001  -2.629684E-002  -3.073058E-003  -4.900964E-003
   2.011752E-002   2.479902E-002   2.836865E-001  -2.375551E-002  -6.401507E-004  -3.686071E-003
   1.996838E-002   2.466976E-002   2.834196E-001  -2.118650E-002   1.822140E-003  -2.358883E-003
   1.981386E-002   2.453531E-002   2.831427E-001  -1.859195E-002   4.297474E-003  -9.449279E-004
   1.965382E-002   2.439551E-002   2.828556E-001  -1.597404E-002   6.769424E-003   5.292551E-004
   1.948809E-002   2.425021E-002   2.825584E-001  -1.333498E-002   9.221586E-003   2.036592E-003
   1.931654E-002   2.409927E-002   2.822511E-001  -1.067701E-002   1.163770E-002   3.549969E-003
   1.913905E-002   2.394260E-002   2.819336E-001  -8.002428E-003   1.400176E-002   5.042730E-003
   1.895554E-002   2.378011E-002   2.816059E-001  -5.313549E-003   1.629813E-002   6.489173E-003
   1.876583E-002   2.361165E-002   2.812679E-001  -2.612742E-003   1.851168E-002   7.864789E-003
   1.856980E-002   2.343706E-002   2.809197E-001   9.758692E-005   2.062789E-002   9.147989E-003
   1.836733E-002   2.325628E-002   2.805612E-001   2.815004E-003   2.263298E-002   1.031800E-002
   1.815840E-002   2.306925E-002   2.801924E-001   5.537042E-003   2.451401E-002   1.135782E-002
   1.794293E-002   2.287592E-002   2.798131E-001   8.261191E-003   2.625904E-002   1.225320E-002
   1.772078E-002   2.267617E-002   2.794234E-001   1.098489E-002   2.785719E-002   1.299323E-002
   1.749187E-002   2.246989E-002   2.790232E-001   1.370555E-002   2.929879E-002   1.357050E-002
   1.725617E-002   2.225708E-002   2.786124E-001   1.642056E-002   3.057542E-002   1.398152E-002
   1.701372E-002   2.203779E-002   2.781910E-001   1.912727E-002   3.168009E-002   1.422574E-002
   1.676451E-002   2.181200E-002   2.777589E-001   2.182298E-002   3.260724E-002   1.430700E-002
   1.650844E-002   2.157962E-002   2.773160E-001   2.450496E-002   3.335286E-002   1.423251E-002
   1.624552E-002   2.134067E-002   2.768622E-001   2.717046E-002   3.391454E-002   1.401291E-002
   1.597581E-002   2.109521E-002   2.763974E-001   2.981668E-002   3.429149E-002   1.366035E-002
   1.569947E-002   2.084341E-002   2.759215E-001   3.244082E-002   3.448459E-002   1.319179E-002
   1.541652E-002   2.058528E-002   2.754344E-001   3.504002E-002   3.449644E-002   1.262498E-002
   1.512696E-002   2.032084E-002   2.749359E-001   3.761140E-002   3.433130E-002   1.197952E-002
   1.483089E-002   2.005019E-002   2.744261E-001   4.015208E-002   3.399507E-002   1.127603E-002
   1.452851E-002   1.977354E-002   2.739046E-001   4.265914E-002   3.349529E-002   1.053573E-002
   1.422008E-002   1.949113E-002   2.733714E-001   4.512965E-002   3.284104E-002   9.779614E-003
   1.390565E-002   1.920303E-002   2.728263E-001   4.756066E-002   3.204291E-002   9.028001E-003
   1.358535E-002   1.890936E-002   2.722691E-001   4.994922E-002   3.111284E-002   8.299904E-003
   1.325940E-002   1.861036E-002   2.716998E-001   5.229235E-002   3.006400E-002   7.612529E-003
   1.292813E-002   1.830634E-002   2.711180E-001   5.458712E-002   2.891070E-002   6.980611E-003
   1.259184E-002   1.799761E-002   2.705236E-001   5.683056E-002   2.766818E-002   6.416983E-003
   1.225067E-002   1.768432E-002   2.699164E-001   5.901972E-002   2.635250E-002   5.930513E-003
   1.190485E-002   1.736668E-002   2.692963E-001   6.115167E-002   2.498020E-002   5.527438E-003
   1.155471E-002   1.704505E-002   2.686630E-001   6.322352E-002   2.356825E-002   5.210611E-003
   1.120071E-002   1.671985E-002   2.680163E-001   6.523239E-002   2.213380E-002   4.980251E-003
   1.084314E-002   1.639139E-002   2.673559E-001   6.717544E-002   2.069391E-002   4.832635E-003
   1.048224E-002   1.605991E-002   2.666817E-001   6.904989E-002   1.926533E-002   4.761989E-003
   1.011833E-002   1.572572E-002   2.659934E-001   7.085300E-002   1.786430E-002   4.759669E-003
   9.751832E-003   1.538924E-002   2.652908E-001   7.258210E-002   1.650631E-002   4.815381E-003
   9.383242E-003   1.505097E-002   2.645737E-001   7.423458E-002   1.520586E-002   4.917131E-003
   9.012866E-003   1.471120E-002   2.638418E-001   7.580794E-002   1.397629E-002   5.052135E-003
   8.641000E-003   1.437023E-002   2.630948E-001   7.729974E-002   1.282956E-002   5.207253E-003
   8.268028E-003   1.402844E-002   2.623326E-001   7.870766E-002   1.177607E-002   5.369271E-003
   7.894428E-003   1.368631E-002   2.615549E-001   8.002948E-002   1.082454E-002   5.525865E-003
   7.520678E-003   1.334429E-002   2.607614E-001   8.126310E-002   9.981856E-003   5.668914E-003
   7.147076E-003   1.300270E-002   2.599519E-001   8.240655E-002   9.252994E-003   5.786231E-003
   6.773953E-003   1.266185E-002   2.591262E-001   8.345802E-002   8.641007E-003   5.871604E-003
   6.401716E-003   1.232215E-002   2.582840E-001   8.441583E-002   8.146757E-003   5.921658E-003
   6.030849E-003   1.198407E-002   2.574251E-001   8.527847E-002   7.769264E-003   5.931775E-003
   5.661764E-003   1.164801E-002   2.565492E-001   8.604457E-002   7.505475E-003   5.905489E-003
   5.294741E-003   1.131426E-002   2.556561E-001   8.671300E-002   7.350681E-003   5.843590E-003
   4.930111E-003   1.098315E-002   2.547457E-001   8.728276E-002   7.298208E-003   5.750746E-003
   4.568265E-003   1.065504E-002   2.538177E-001   8.775308E-002   7.339824E-003   5.632874E-003
   4.209647E-003   1.033039E-002   2.528718E-001   8.812337E-002   7.465977E-003   5.497591E-003
   3.854574E-003   1.000949E-002   2.519079E-001   8.839328E-002   7.665612E-003   5.355809E-003
   3.503298E-003   9.692608E-003   2.509258E-001   8.856266E-002   7.926877E-003   5.214605E-003
   3.156117E-003   9.380023E-003   2.499253E-001   8.863160E-002   8.237392E-003   5.082573E-003
   2.813376E-003   9.072076E-003   2.489062E-001   8.860041E-002   8.584077E-003   4.968112E-003
   2.475438E-003   8.769121E-003   2.478684E-001   8.846962E-002   8.953740E-003   4.878333E-003
   2.142523E-003   8.471376E-003   2.468117E-001   8.824004E-002   9.333312E-003   4.819683E-003
   1.814841E-003   8.179042E-003   2.457359E-001   8.791269E-002   9.710215E-003   4.793232E-003
   1.492635E-003   7.892358E-003   2.446410E-001   8.748884E-002   1.007225E-002   4.803025E-003
   1.176183E-003   7.611595E-003   2.435268E-001   8.697002E-002   1.040840E-002   4.849079E-003
   8.657394E-004   7.337000E-003   2.423932E-001   8.635799E-002   1.070873E-002   4.928033E-003
   5.614462E-004   7.068711E-003   2.412401E-001   8.565476E-002   1.096464E-002   5.036046E-003
   2.634549E-004   6.806874E-003   2.400675E-001   8.486258E-002   1.116906E-002   5.167200E-003
  -2.805760E-005   6.551661E-003   2.388752E-001   8.398394E-002   1.131658E-002   5.312993E-003
  -3.128899E-004   6.303265E-003   2.376633E-001   8.302158E-002   1.140354E-002   5.467737E-003
  -5.908981E-004   6.061827E-003   2.364316E-001   8.197843E-002   1.142808E-002   5.622929E-003
  -8.620060E-004   5.827417E-003   2.351801E-001   8.085770E-002   1.139016E-002   5.770833E-003
  -1.126123E-003   5.600123E-003   2.339089E-001   7.966276E-002   1.129151E-002   5.899312E-003
  -1.383139E-003   5.380048E-003   2.326179E-001   7.839723E-002   1.113557E-002   6.002807E-003
  -1.632934E-003   5.167308E-003   2.313072E-001   7.706489E-002   1.092733E-002   6.075077E-003
  -1.875457E-003   4.961948E-003   2.299768E-001   7.566975E-002   1.067322E-002   6.110580E-003
  -2.110687E-003   4.763989E-003   2.286267E-001   7.421595E-002   1.038087E-002   6.105555E-003
  -2.338587E-003   4.573460E-003   2.272570E-001   7.270783E-002   1.005891E-002   6.064939E-003
  -2.559112E-003   4.390404E-003   2.258678E-001   7.114985E-002   9.716745E-003   5.980516E-003
  -2.772216E-003   4.214861E-003   2.244592E-001   6.954663E-002   9.364220E-003   5.858140E-003
  -2.977916E-003   4.046813E-003   2.230313E-001   6.790290E-002   9.011411E-003   5.704616E-003
  -3.176234E-003   3.886234E-003   2.215841E-001   6.622349E-002   8.668326E-003   5.522937E-003
  -3.367182E-003   3.733108E-003   2.201179E-001   6.451332E-002   8.344629E-003   5.318149E-003
  -3.550764E-003   3.587427E-003   2.186329E-001   6.277738E-002   8.049380E-003   5.098527E-003
  -3.726998E-003   3.449170E-003   2.171290E-001   6.102072E-002   7.790791E-003   4.870488E-003
  -3.895945E-003   3.318275E-003   2.156066E-001   5.924842E-002   7.576007E-003   4.647995E-003
  -4.057660E-003   3.194683E-003   2.140659E-001   5.746558E-002   7.410922E-003   4.432830E-003
  -4.212191E-003   3.078344E-003   2.125070E-001   5.567729E-002   7.300019E-003   4.231210E-003
  -4.359582E-003   2.969210E-003   2.109302E-001   5.388864E-002   7.246252E-003   4.050005E-003
  -4.499897E-003   2.867214E-003   2.093356E-001   5.210465E-002   7.251042E-003   3.904479E-003
  -4.633221E-003   2.772271E-003   2.077237E-001   5.033030E-002   7.314103E-003   3.779560E-003
  -4.759632E-003   2.684300E-003   2.060945E-001   4.857050E-002   7.433606E-003   3.693236E-003
  -4.879205E-003   2.603223E-003   2.044485E-001   4.683005E-002   7.606168E-003   3.644611E-003
  -4.992011E-003   2.528966E-003   2.027858E-001   4.511364E-002   7.826967E-003   3.638787E-003
  -5.098143E-003   2.461436E-003   2.011069E-001   4.342583E-002   8.089874E-003   3.646523E-003
  -5.197699E-003   2.400532E-003   1.994119E-001   4.177102E-002   8.387655E-003   3.681298E-003
  -5.290772E-003   2.346160E-003   1.977013E-001   4.015344E-002   8.712103E-003   3.739908E-003
  -5.377452E-003   2.298226E-003   1.959753E-001   3.857717E-002   9.054373E-003   3.834076E-003
  -5.457829E-003   2.256640E-003   1.942344E-001   3.704603E-002   9.405100E-003   3.917395E-003
  -5.532010E-003   2.221292E-003   1.924788E-001   3.556368E-002   9.754726E-003   4.012570E-003
  -5.600099E-003   2.192078E-003   1.907090E-001   3.413352E-002   1.009373E-002   4.105524E-003
  -5.662197E-003   2.168894E-003   1.889254E-001   3.275870E-002   1.041289E-002   4.197730E-003
  -5.718403E-003   2.151641E-003   1.871283E-001   3.144214E-002   1.070347E-002   4.261361E-003
  -5.768817E-003   2.140214E-003   1.853181E-001   3.018647E-002   1.095751E-002   4.324987E-003
  -5.813550E-003   2.134504E-003   1.834954E-001   2.899405E-002   1.116796E-002   4.354673E-003
  -5.852707E-003   2.134402E-003   1.816604E-001   2.786695E-002   1.132887E-002   4.368069E-003
  -5.886394E-003   2.139803E-003   1.798137E-001   2.680694E-002   1.143552E-002   4.360362E-003
  -5.914710E-003   2.150603E-003   1.779556E-001   2.581551E-002   1.148455E-002   4.332470E-003
  -5.937762E-003   2.166697E-003   1.760867E-001   2.489380E-002   1.147393E-002   4.284565E-003
  -5.955658E-003   2.187973E-003   1.742075E-001   2.404269E-002   1.140317E-002   4.235062E-003
  -5.968504E-003   2.214326E-003   1.723183E-001   2.326270E-002   1.127303E-002   4.167327E-003
  -5.976402E-003   2.245650E-003   1.704197E-001   2.255407E-002   1.108577E-002   4.094025E-003
  -5.979453E-003   2.281844E-003   1.685121E-001   2.191671E-002   1.084481E-002   4.028600E-003
  -5.977763E-003   2.322801E-003   1.665962E-001   2.135022E-002   1.055481E-002   3.965861E-003
  -5.971435E-003   2.368416E-003   1.646723E-001   2.085388E-002   1.022146E-002   3.906997E-003
  -5.960573E-003   2.418584E-003   1.627410E-001   2.042670E-002   9.851257E-003   3.880629E-003
  -5.945275E-003   2.473205E-003   1.608029E-001   2.006735E-002   9.451438E-003   3.854125E-003
  -5.925640E-003   2.532179E-003   1.588584E-001   1.977425E-002   9.029721E-003   3.863516E-003
  -5.901770E-003   2.595403E-003   1.569081E-001   1.954551E-002   8.594134E-003   3.881667E-003
  -5.873763E-003   2.662776E-003   1.549526E-001   1.937898E-002   8.152814E-003   3.912526E-003
  -5.841718E-003   2.734201E-003   1.529924E-001   1.927227E-002   7.713815E-003   3.957257E-003
  -5.805728E-003   2.809580E-003   1.510280E-001   1.922272E-002   7.284870E-003   4.000141E-003
  -5.765889E-003   2.888818E-003   1.490601E-001   1.922746E-002   6.873463E-003   4.049692E-003
  -5.722297E-003   2.971818E-003   1.470891E-001   1.928340E-002   6.486325E-003   4.083946E-003
  -5.675044E-003   3.058484E-003   1.451157E-001   1.938725E-002   6.129414E-003   4.101564E-003
  -5.624224E-003   3.148725E-003   1.431405E-001   1.953556E-002   5.807889E-003   4.099953E-003
  -5.569924E-003   3.242448E-003   1.411640E-001   1.972470E-002   5.526272E-003   4.079121E-003
  -5.512236E-003   3.339563E-003   1.391868E-001   1.995091E-002   5.287602E-003   4.023126E-003
  -5.451248E-003   3.439978E-003   1.372095E-001   2.021031E-002   5.094157E-003   3.920244E-003
  -5.387049E-003   3.543607E-003   1.352327E-001   2.049893E-002   4.947157E-003   3.823808E-003
  -5.319722E-003   3.650360E-003   1.332570E-001   2.081272E-002   4.846862E-003   3.666967E-003
  -5.249354E-003   3.760154E-003   1.312830E-001   2.114758E-002   4.792132E-003   3.537462E-003
  -5.176027E-003   3.872902E-003   1.293113E-001   2.149937E-002   4.781397E-003   3.372574E-003
  -5.099825E-003   3.988520E-003   1.273425E-001   2.186395E-002   4.811716E-003   3.182501E-003
  -5.020829E-003   4.106926E-003   1.253772E-001   2.223720E-002   4.879567E-003   3.019440E-003
  -4.939119E-003   4.228040E-003   1.234161E-001   2.261504E-002   4.980674E-003   2.869716E-003
  -4.854772E-003   4.351780E-003   1.214596E-001   2.299342E-002   5.110170E-003   2.760795E-003
  -4.767867E-003   4.478069E-003   1.195084E-001   2.336843E-002   5.262685E-003   2.725443E-003
  -4.678481E-003   4.606827E-003   1.175632E-001   2.373620E-002   5.432501E-003   2.640796E-003
  -4.586689E-003   4.737979E-003   1.156245E-001   2.409304E-002   5.613787E-003   2.610547E-003
  -4.492564E-003   4.871450E-003   1.136930E-001   2.443537E-002   5.800511E-003   2.643792E-003
  -4.396178E-003   5.007166E-003   1.117692E-001   2.475980E-002   5.986813E-003   2.707155E-003
  -3.948092E-003   5.627699E-003   1.034304E-001   2.589567E-002   6.666084E-003   3.277738E-003
  -3.463588E-003   6.284221E-003   9.530253E-002   2.641034E-002   6.888914E-003   3.539361E-003
  -2.948033E-003   6.971258E-003   8.743423E-002   2.617988E-002   6.594328E-003   3.260687E-003
  -2.406389E-003   7.683737E-003   7.987204E-002   2.518783E-002   6.036874E-003   2.901164E-003
  -1.843234E-003   8.416976E-003   7.265966E-002   2.352357E-002   5.630973E-003   2.889900E-003
  -1.262778E-003   9.166655E-003   6.583724E-002   2.136782E-002   5.660298E-003   2.953611E-003
  -6.688854E-004   9.928805E-003   5.944082E-002   1.896671E-002   6.041913E-003   2.687234E-003
  -6.509470E-005   1.069978E-002   5.350168E-002   1.659761E-002   6.210594E-003   2.311516E-003
   5.453617E-004   1.147625E-002   4.804583E-002   1.453086E-002   6.048006E-003   2.302264E-003
   1.159539E-003   1.225516E-002   4.309349E-002   1.299297E-002   5.068678E-003   2.616110E-003
   1.774762E-003   1.303373E-002   3.865873E-002   1.213583E-002   3.859970E-003   2.769847E-003
   2.388607E-003   1.380945E-002   3.474910E-002   1.201664E-002   3.148553E-003   2.548337E-003
   2.998884E-003   1.458002E-002   3.136547E-002   1.259147E-002   3.376849E-003   2.246631E-003
   3.603623E-003   1.534338E-002   2.850185E-002   1.372338E-002   4.286161E-003   2.146484E-003
   4.201057E-003   1.609766E-002   2.614549E-002   1.520394E-002   5.099938E-003   2.176307E-003
   4.789609E-003   1.684120E-002   2.427693E-002   1.678480E-002   5.172726E-003   2.079773E-003
   5.367877E-003   1.757251E-002   2.287034E-002   1.821449E-002   4.581913E-003   1.928657E-003
   5.934623E-003   1.829025E-002   2.189389E-002   1.927438E-002   3.905560E-003   2.056124E-003
   6.488759E-003   1.899325E-002   2.131025E-002   1.980843E-002   3.715615E-003   2.231855E-003
   7.029335E-003   1.968047E-002   2.107731E-002   1.974189E-002   3.956797E-003   2.059537E-003
   7.555533E-003   2.035103E-002   2.114894E-002   1.908647E-002   4.092862E-003   1.719851E-003
   8.066653E-003   2.100413E-002   2.147584E-002   1.793168E-002   3.736271E-003   1.692249E-003
   8.562103E-003   2.163910E-002   2.200657E-002   1.642469E-002   3.066361E-003   1.798927E-003
   9.041393E-003   2.225538E-002   2.268857E-002   1.474294E-002   2.072838E-003   1.739984E-003
   9.504125E-003   2.285249E-002   2.346930E-002   1.306490E-002   2.713832E-003   1.672303E-003
   9.949986E-003   2.343005E-002   2.429734E-002   1.154365E-002   3.371197E-003   1.766411E-003
   1.037874E-002   2.398776E-002   2.512355E-002   1.028923E-002   3.739340E-003   1.715763E-003
   1.079023E-002   2.452538E-002   2.590215E-002   9.359714E-003   3.637559E-003   1.411087E-003
   1.118434E-002   2.504274E-002   2.659179E-002   8.762663E-003   3.207381E-003   1.415705E-003
   1.156105E-002   2.553975E-002   2.715647E-002   8.463799E-003   2.795250E-003   1.502674E-003
   1.192035E-002   2.601634E-002   2.756636E-002   8.402262E-003   2.644667E-003   1.522838E-003
   1.226232E-002   2.647252E-002   2.779851E-002   8.501135E-003   2.699412E-003   1.431000E-003
   1.258706E-002   2.690834E-002   2.783729E-002   8.683077E-003   2.708259E-003   1.421866E-003
   1.289471E-002   2.732388E-002   2.767468E-002   8.876781E-003   2.540750E-003   1.370390E-003
   1.318545E-002   2.771928E-002   2.731035E-002   9.024487E-003   2.344140E-003   1.216866E-003
   1.345949E-002   2.809467E-002   2.675147E-002   9.082009E-003   2.390469E-003   1.253785E-003
   1.371708E-002   2.845026E-002   2.601231E-002   9.025080E-003   2.702782E-003   1.337792E-003
   1.395846E-002   2.878625E-002   2.511359E-002   8.850691E-003   2.856706E-003   1.255535E-003
   1.418394E-002   2.910289E-002   2.408162E-002   8.579706E-003   2.548058E-003   7.229127E-004
   1.439382E-002   2.940043E-002   2.294725E-002   8.255985E-003   2.054301E-003   1.184984E-003
   1.458840E-002   2.967914E-002   2.174461E-002   7.941544E-003   1.898658E-003   1.083466E-003
   1.476804E-002   2.993932E-002   2.050981E-002   7.701252E-003   1.978541E-003   9.290567E-004
   1.493308E-002   3.018127E-002   1.927944E-002   7.586965E-003   2.195734E-003   1.177462E-003
   1.508387E-002   3.040532E-002   1.808914E-002   7.617327E-003   2.057322E-003   1.066287E-003
   1.522078E-002   3.061178E-002   1.697218E-002   7.762731E-003   1.910918E-003   9.985738E-004
   1.534418E-002   3.080099E-002   1.595806E-002   7.946875E-003   2.075071E-003   1.014045E-003
   1.545445E-002   3.097328E-002   1.507135E-002   8.058828E-003   2.194118E-003   9.777997E-004
   1.555198E-002   3.112902E-002   1.433067E-002   7.987083E-003   1.941372E-003   9.878931E-004
   1.563713E-002   3.126853E-002   1.374796E-002   7.657441E-003   1.628203E-003   9.969155E-004
   1.571030E-002   3.139218E-002   1.332801E-002   7.065843E-003   1.581366E-003   8.814741E-004
   1.577186E-002   3.150032E-002   1.306833E-002   6.292810E-003   1.754414E-003   4.060404E-004
   1.582221E-002   3.159330E-002   1.295940E-002   5.488483E-003   1.821853E-003   8.191226E-004
   1.586173E-002   3.167146E-002   1.298514E-002   4.830071E-003   1.719361E-003   8.562944E-004
   1.589078E-002   3.173517E-002   1.312386E-002   4.463318E-003   1.638541E-003   7.983806E-004
   1.590975E-002   3.178477E-002   1.334934E-002   4.449871E-003   1.651240E-003   7.940359E-004
   1.591901E-002   3.182061E-002   1.363224E-002   4.738181E-003   1.613006E-003   7.755631E-004
   1.591893E-002   3.184303E-002   1.394166E-002   5.179506E-003   1.433215E-003   8.175429E-004
   1.590986E-002   3.185236E-002   1.424672E-002   5.581843E-003   1.305453E-003   7.680263E-004
   1.589217E-002   3.184894E-002   1.451822E-002   5.775864E-003   1.443848E-003   7.541082E-004
   1.586620E-002   3.183310E-002   1.473016E-002   5.688570E-003   1.571770E-003   6.267928E-004
   1.583230E-002   3.180517E-002   1.486108E-002   5.365546E-003   1.413152E-003   7.074184E-004
   1.579080E-002   3.176547E-002   1.489509E-002   4.944047E-003   1.284264E-003   7.329553E-004
   1.574205E-002   3.171430E-002   1.482266E-002   4.591336E-003   1.317518E-003   6.680172E-004
   1.568636E-002   3.165198E-002   1.464093E-002   4.423614E-003   1.094450E-003   6.665976E-004
   1.562404E-002   3.157881E-002   1.435365E-002   4.457938E-003   1.152998E-003   6.401719E-004
   1.555542E-002   3.149507E-002   1.397068E-002   4.594209E-003   1.222220E-003   6.476191E-004
   1.548079E-002   3.140108E-002   1.350711E-002   4.687777E-003   1.299351E-003   6.316691E-004
   1.540045E-002   3.129710E-002   1.298210E-002   4.612076E-003   1.196975E-003   5.914315E-004
   1.531469E-002   3.118341E-002   1.241740E-002   4.334199E-003   1.090149E-003   6.004945E-004
   1.522378E-002   3.106029E-002   1.183576E-002   3.922081E-003   1.094005E-003   5.840621E-004
   1.512800E-002   3.092799E-002   1.125935E-002   3.517029E-003   1.102838E-003   5.825597E-004
   1.502762E-002   3.078679E-002   1.070820E-002   3.257156E-003   1.039174E-003   5.280100E-004
   1.492289E-002   3.063692E-002   1.019892E-002   3.204991E-003   1.040942E-003   5.532356E-004
   1.481406E-002   3.047864E-002   9.743734E-003   3.335910E-003   1.096958E-003   5.320535E-004
   1.470138E-002   3.031218E-002   9.349835E-003   3.534245E-003   1.001404E-003   5.260128E-004
   1.458508E-002   3.013778E-002   9.019276E-003   3.684120E-003   8.937075E-004   4.919076E-004
   1.446539E-002   2.995567E-002   8.749244E-003   3.712014E-003   9.699235E-004   5.000958E-004
   1.434252E-002   2.976607E-002   8.532764E-003   3.614393E-003   9.636952E-004   4.874249E-004
   1.421670E-002   2.956919E-002   8.359737E-003   3.441412E-003   8.924340E-004   4.471609E-004
   1.408813E-002   2.936526E-002   8.218216E-003   3.258254E-003   7.930194E-004   4.344416E-004
   1.395701E-002   2.915447E-002   8.095769E-003   3.110325E-003   8.762314E-004   4.653331E-004
   1.382354E-002   2.893702E-002   7.980814E-003   3.011122E-003   7.357591E-004   4.412194E-004
   1.368789E-002   2.871312E-002   7.863750E-003   2.947117E-003   8.607917E-004   4.334195E-004
   1.355025E-002   2.848296E-002   7.737806E-003   2.896015E-003   7.014580E-004   4.225217E-004
   1.341079E-002   2.824672E-002   7.599488E-003   2.831706E-003   7.966628E-004   4.098137E-004
   1.326968E-002   2.800459E-002   7.448590E-003   2.600806E-003   7.796668E-004   3.925061E-004
   1.312708E-002   2.775675E-002   7.287823E-003   2.618004E-003   7.479233E-004   3.844899E-004
   1.298314E-002   2.750336E-002   7.122002E-003   2.508111E-003   7.117289E-004  -1.137333E-003
   1.283802E-002   2.724462E-002   6.957095E-003   2.445747E-003   7.701629E-004   3.554251E-004
   1.269185E-002   2.698068E-002   6.799094E-003   2.463520E-003   7.346017E-004   3.668879E-004
   1.254478E-002   2.671171E-002   6.652972E-003   2.546558E-003   6.795144E-004   3.626019E-004
   1.239693E-002   2.643787E-002   6.521851E-003   2.619097E-003   6.226959E-004   3.505435E-004
   1.224843E-002   2.615933E-002   6.406501E-003   2.602820E-003   4.213497E-004   3.336417E-004
   1.209941E-002   2.587624E-002   6.305263E-003   2.459973E-003   6.705238E-004   3.199107E-004
   1.194997E-002   2.558876E-002   6.214385E-003   2.256891E-003   6.673292E-004   3.199100E-004
   1.180024E-002   2.529704E-002   6.128734E-003   1.971777E-003   5.969284E-004   3.068674E-004
   1.165032E-002   2.500124E-002   6.042753E-003   2.045029E-003   5.494076E-004   2.844822E-004
   1.150030E-002   2.470150E-002   5.951500E-003   2.073945E-003   5.969810E-004   3.058814E-004
   1.135029E-002   2.439798E-002   5.851577E-003   2.092119E-003  -3.979285E-005   3.085131E-004
   1.120038E-002   2.409083E-002   5.741772E-003   2.055962E-003   5.767891E-004   3.012836E-004
   1.105066E-002   2.378019E-002   5.623277E-003   1.946762E-003   5.390197E-004   2.841114E-004
   1.090122E-002   2.346621E-002   5.499421E-003   1.869458E-003   5.519933E-004   2.519296E-004
   1.075213E-002   2.314904E-002   5.374947E-003   1.875637E-003   5.459093E-004   2.798032E-004
   1.060347E-002   2.282883E-002   5.254950E-003   1.939500E-003   5.143039E-004   2.692408E-004
   1.045531E-002   2.250572E-002   5.143682E-003   1.960781E-003   5.160526E-004   2.163097E-004
   1.030774E-002   2.217986E-002   5.043470E-003   1.865766E-003   4.808203E-004   2.606884E-004
   1.016080E-002   2.185141E-002   4.953981E-003   1.730622E-003   4.998081E-004   2.564732E-004
   1.001457E-002   2.152050E-002   4.872044E-003   1.614596E-003   4.785599E-004   2.582845E-004
   9.869103E-003   2.118730E-002   4.792113E-003   1.587948E-003   4.715116E-004   2.545380E-004
   9.724456E-003   2.085195E-002   4.707331E-003   1.586049E-003   4.533821E-004   2.400963E-004
   9.580685E-003   2.051461E-002   4.611034E-003   1.610404E-003   4.646516E-004   2.343821E-004
   9.437839E-003   2.017543E-002   4.498386E-003   1.581699E-003   4.080989E-004   2.319225E-004
   9.295966E-003   1.983457E-002   4.367789E-003   1.451585E-003   4.203494E-004   2.383537E-004
   9.155112E-003   1.949218E-002   4.221725E-003   1.480993E-003   4.259984E-004   1.919101E-004
   9.015320E-003   1.914843E-002   4.066759E-003   1.458537E-003   4.169583E-004   2.942731E-004
   8.876631E-003   1.880348E-002   3.912611E-003   1.461345E-003   4.111803E-004   2.311178E-004
   8.739081E-003   1.845749E-002   3.770403E-003   1.435166E-003  -4.789203E-004   2.056495E-004
   8.602709E-003   1.811064E-002   3.650397E-003   1.365501E-003   3.901843E-004   1.959495E-004
   8.467546E-003   1.776309E-002   3.559707E-003   1.292933E-003   3.637710E-004   1.979590E-004
   8.333625E-003   1.741502E-002   3.501038E-003  -3.343682E-004   3.392685E-004   6.785727E-005
   8.200976E-003   1.706659E-002   3.469157E-003   1.174880E-003   3.566205E-004   1.227895E-004
   8.069626E-003   1.671800E-002   3.457061E-003   1.287529E-003  -8.335981E-005   3.511693E-004
   7.939602E-003   1.636941E-002   3.451549E-003   1.277199E-003   4.099001E-004   1.718190E-004
   7.810929E-003   1.602102E-002   3.440454E-003   1.161095E-003  -9.316077E-005   2.973704E-004
   7.683630E-003   1.567301E-002   3.410516E-003   1.009649E-003   3.964380E-004   1.788440E-004
   7.557725E-003   1.532557E-002   3.356294E-003   1.148104E-003   2.834903E-004   3.592685E-004
   7.433236E-003   1.497890E-002   3.277575E-003   1.149994E-003   3.934181E-004   9.608515E-005
   7.310181E-003   1.463318E-002   3.180267E-003   7.884086E-004   1.191762E-004   1.626866E-004
   7.188578E-003   1.428862E-002   3.075077E-003   1.024435E-003   2.766219E-004   1.584408E-004
   7.068444E-003   1.394542E-002   2.974337E-003   1.033878E-003   2.964096E-004   2.051141E-004
   6.949794E-003   1.360378E-002   2.887979E-003   1.044657E-003   2.878675E-004   1.449674E-004
   6.832643E-003   1.326391E-002   2.824594E-003   1.001711E-003   2.740317E-004   9.675523E-005
   6.717005E-003   1.292602E-002   2.781217E-003   9.443433E-004   2.806861E-004   1.190244E-004
   6.602892E-003   1.259031E-002   2.752360E-003   9.566681E-004   6.617435E-005   3.231038E-005
   6.490318E-003   1.225700E-002   2.727308E-003   9.207049E-004   2.637518E-004   1.822370E-004
   6.379294E-003   1.192631E-002   2.694804E-003   8.628550E-004  -4.626387E-004  -1.780475E-005
   6.269830E-003   1.159844E-002   2.646362E-003  -6.317608E-003   2.405559E-004  -3.182284E-003
   6.161939E-003   1.127363E-002   2.578939E-003   8.706099E-004   2.455597E-004  -6.350337E-004
   6.055630E-003   1.095207E-002   2.496068E-003   8.358770E-004  -1.711484E-004   1.241533E-004
   5.950915E-003   1.063400E-002   2.406634E-003   7.082397E-004   4.861428E-005   2.402974E-005
   5.847802E-003   1.031964E-002   2.322037E-003   8.343991E-004   2.412098E-004   1.038045E-004
   5.746302E-003   1.000919E-002   2.251824E-003   8.052538E-004   2.173871E-004   2.783474E-004
   5.646426E-003   9.702882E-003   2.202011E-003  -4.076573E-004   2.140597E-004   1.725795E-004
   5.548183E-003   9.400933E-003   2.171430E-003   7.854473E-004   2.273973E-004   1.474750E-003
   5.451584E-003   9.103558E-003   2.153802E-003   7.696111E-004   2.261844E-004  -3.757743E-004
   5.356639E-003   8.810972E-003   2.139842E-003   7.494583E-004   7.831378E-005   1.489251E-004
   5.263361E-003   8.523388E-003   2.119606E-003   5.844699E-004   2.090576E-004   3.319594E-003
   5.171760E-003   8.241015E-003   2.090349E-003   6.760484E-004   1.833792E-004   9.804740E-004
   5.081850E-003   7.964062E-003   2.050330E-003   5.302824E-004  -4.343164E-004   1.821712E-005
   4.993642E-003   7.692730E-003   2.000907E-003   6.340779E-004  -1.674348E-004   6.535625E-005
   4.907152E-003   7.427220E-003   1.950009E-003   6.745018E-004   2.154600E-004   1.026182E-004
   4.822395E-003   7.167725E-003   1.907013E-003   6.778667E-004  -9.192412E-005  -7.876917E-004
   4.739386E-003   6.914436E-003   1.868976E-003   5.116335E-004  -9.873367E-005   5.086520E-004
   4.658143E-003   6.667535E-003   1.835059E-003   6.429365E-004   1.839786E-004   9.585126E-005
   4.578685E-003   6.427199E-003   1.801791E-003   6.276351E-004   9.740555E-005  -7.648500E-005
   4.501031E-003   6.193599E-003   1.769385E-003   6.063229E-004   1.290490E-003   5.869259E-005
   4.425205E-003   5.966898E-003   1.733296E-003   5.983054E-004   1.817236E-004   8.887678E-005
   4.351231E-003   5.747250E-003   1.697022E-003   5.785099E-004   1.731846E-004   3.688613E-005
   4.279133E-003   5.534801E-003   1.660703E-003   5.764608E-004   9.831778E-005   5.714660E-005
   4.208940E-003   5.329690E-003   1.627333E-003   5.757182E-004  -5.619140E-004  -2.655339E-004
   4.140682E-003   5.132045E-003   1.593527E-003   5.599133E-004   1.532822E-004   3.247066E-005
   4.074393E-003   4.941982E-003   1.564637E-003   5.367928E-004   1.535625E-004   8.532896E-004
   4.010109E-003   4.759610E-003   1.546842E-003   5.135847E-004   2.630708E-002   3.687323E-005
   3.947867E-003   4.585027E-003   1.522225E-003   5.274172E-004   1.211631E-004  -3.985392E-005
   3.887711E-003   4.418318E-003   1.498749E-003   5.285241E-004   1.145075E-004   7.783707E-004
   3.829685E-003   4.259558E-003   1.478528E-003   5.226112E-004   1.216544E-004   1.091137E-005
   3.773838E-003   4.108811E-003   1.462611E-003   5.062904E-004  -3.115425E-004   3.308965E-004
   3.720224E-003   3.966128E-003   1.449534E-003  -8.212441E-006  -1.703164E-004   7.067269E-005
   3.668900E-003   3.831550E-003   1.427791E-003   2.453260E-004   1.524912E-005   7.721467E-005
   3.619928E-003   3.705105E-003   1.406906E-003   4.665170E-004   1.397528E-004   2.105462E-004
   3.573374E-003   3.586810E-003   1.393918E-003   4.333296E-004   1.389829E-004   6.837181E-005
   3.529311E-003   3.476672E-003   1.366307E-003   4.827980E-004   1.798211E-004   3.428761E-005
   3.487816E-003   3.374683E-003   1.339848E-003   3.272227E-004   2.351833E-004   1.472705E-004
   3.448973E-003   3.280828E-003   1.320371E-003   4.486301E-004   1.019810E-003   1.338922E-004
   3.412872E-003   3.195082E-003   1.310594E-003  -4.703076E-004   8.541974E-005   1.172342E-004
   3.379609E-003   3.117407E-003   1.306423E-003   4.313667E-004   3.252308E-004   8.996577E-004
   3.349288E-003   3.047759E-003   1.297698E-003   3.175672E-004   4.863061E-004  -3.917074E-005
   3.322020E-003   2.986085E-003   1.291286E-003   1.490100E-004   6.095707E-004   2.417637E-004
   3.297927E-003   2.932327E-003   1.279726E-003   4.386070E-004  -5.175811E-003  -4.197154E-003
   3.277136E-003   2.886417E-003   1.257976E-003   4.216432E-004   1.304543E-004   1.246277E-004
   3.259785E-003   2.848288E-003   1.257591E-003   4.364821E-004  -1.386100E-004  -6.212805E-005
   3.246023E-003   2.817864E-003   1.265772E-003   4.355429E-004   1.495264E-005  -2.604870E-003
   3.236008E-003   2.795073E-003   1.271748E-003   4.430719E-004   7.076172E-005   2.672527E-003
   3.229911E-003   2.779840E-003   1.124181E-003   4.378537E-004   4.320966E-005   1.700310E-005
   3.227913E-003   2.772092E-003   1.273480E-003   2.151598E-004   5.045338E-004   1.150065E-004
   3.230209E-003   2.771762E-003   1.269921E-003   1.197018E-004   1.227473E-004   2.731401E-004
   3.237009E-003   2.778788E-003   1.258940E-003   4.435616E-004   8.659217E-005   6.901176E-005
   3.248535E-003   2.793117E-003   1.256155E-003   4.458230E-004   1.398563E-003  -7.081235E-003
   3.265027E-003   2.814705E-003   1.279240E-003   4.497358E-004   1.270365E-004   1.810534E-004
   3.286739E-003   2.843525E-003   1.298332E-003  -7.307005E-004  -1.088648E-002   1.836138E-004
   3.313945E-003   2.879563E-003   9.833500E-004  -3.590555E-006   1.474020E-004   1.577903E-001
   3.346936E-003   2.922825E-003   1.330363E-003   4.637029E-004  -3.751537E-004  -1.078584E-004
   3.386024E-003   2.973340E-003   1.351641E-003   4.480239E-004   2.858538E-004   2.682930E-004
   3.431542E-003   3.031159E-003   1.376908E-003   4.547012E-004   8.425168E-004   9.314422E-005
   3.483845E-003   3.096363E-003   1.400197E-003   2.708729E-004   1.403919E-004   6.315108E-005
   3.543312E-003   3.169062E-003   1.435005E-003   3.265531E-004   5.007509E-004  -4.362831E-005
   3.610348E-003   3.249402E-003   1.465813E-003   5.079337E-004   1.876180E-004   1.596182E-004
   3.685385E-003   3.337563E-003   1.499852E-003   2.673900E-004   1.477494E-004   2.435325E-004
   3.768883E-003   3.433769E-003   1.536363E-003   5.336973E-004   9.660265E-005  -1.944740E-002
   3.861332E-003   3.538283E-003   1.578182E-003   5.433548E-004   3.661626E-004  -1.735579E-004
   3.963258E-003   3.651419E-003   1.308987E-003   4.513850E-004   3.005461E-004  -3.723485E-004
   4.075216E-003   3.773538E-003   1.618399E-003   5.708074E-004   7.904066E-005   7.736379E-005
   4.197803E-003   3.905053E-003   1.725091E-003   5.765837E-004  -9.467603E-003  -7.486924E-004
   4.331650E-003   4.046435E-003   1.789806E-003   6.292276E-004   1.880515E-004   1.019852E-004
   4.477432E-003   4.198213E-003   1.556229E-003   6.475227E-004   1.748028E-004  -2.425053E-004
   4.635866E-003   4.360976E-003   1.925919E-003   6.766724E-004  -3.870329E-005   2.107811E-003
   4.807718E-003   4.535379E-003   2.000768E-003   7.017411E-004  -1.372672E-003   1.002833E-004
   4.993800E-003   4.722143E-003   2.068148E-003   6.748973E-004   1.069541E-004   3.457702E-004
   5.194976E-003   4.922060E-003   2.171224E-003   7.518402E-004   3.088111E-004   1.341574E-004
   5.412167E-003   5.135992E-003   2.265598E-003   5.710610E-004   2.831693E-003   5.017118E-004
   5.646350E-003   5.364877E-003   2.360683E-003   8.230548E-004   4.574174E-004  -7.354594E-003
   5.898564E-003   5.609728E-003   2.469858E-003   8.592625E-004   3.666701E-004   7.497974E-005
   6.169914E-003   5.871638E-003   2.344396E-003   8.987510E-004  -4.995693E-003   3.940851E-004
   6.461573E-003   6.151781E-003   1.583451E-003   9.383586E-004   4.734120E-003   1.367870E-004
   6.774784E-003   6.451411E-003   2.849959E-003   9.932275E-004   8.686242E-005   1.288674E-004
   7.110871E-003   6.771871E-003   3.004404E-003   1.055421E-003   3.031639E-004  -1.775994E-004
   7.471234E-003   7.114588E-003   2.061463E-003   1.068593E-003   6.777523E-003  -2.315187E-004
   7.857360E-003   7.481079E-003   3.277062E-003   6.969663E-004   1.101700E-004   2.576224E-004
   8.270825E-003   7.872950E-003   3.483953E-003   1.223789E-003   3.450138E-004   1.663146E-004
   8.713299E-003   8.291902E-003   3.691945E-003  -1.019623E-002   6.387465E-004   1.946642E-004
   9.186548E-003   8.739729E-003   3.901288E-003   3.912060E-004   3.139354E-004  -1.369261E-002
   9.692445E-003   9.218323E-003   4.115756E-003   1.446639E-003   3.672531E-004   2.089034E-004
   1.023297E-002   9.729675E-003   4.348707E-003   1.358842E-003   2.824325E-004  -2.109517E-004
   1.081021E-002   1.027588E-002   4.599217E-003   1.530875E-003   4.558100E-004   2.005779E-003
   1.142638E-002   1.085913E-002   4.828945E-003   9.968467E-004   4.920963E-004   3.330870E-004
   1.208381E-002   1.148174E-002   5.102931E-003   1.763709E-003  -9.038614E-004   1.402766E-004
   1.278497E-002   1.214612E-002   5.428376E-003   1.881893E-003   5.426835E-004   7.017141E-003
   1.353244E-002   1.285481E-002   5.757700E-003   2.002036E-003  -1.041741E-004  -5.766752E-004
   1.432897E-002   1.361045E-002   6.099758E-003   1.453765E-003   2.011576E-004  -6.112660E-004
   1.517743E-002   1.441581E-002   6.345067E-003   2.214871E-003   2.319229E-004   5.396199E-002
   1.608084E-002   1.527380E-002   6.759555E-003   2.270914E-003   4.647985E-003  -1.248384E-003
   1.704239E-002   1.618743E-002   7.240772E-003   2.618720E-003   7.322329E-004   3.649918E-004
   1.806540E-002   1.715988E-002   7.703480E-003   2.745780E-003   1.232868E-003   3.720766E-004
   1.915337E-002   1.819443E-002   8.072339E-003   2.625731E-003   8.203404E-004   2.945785E-003
   2.030995E-002   1.929453E-002   8.635401E-003   3.098926E-003   6.602383E-004   5.600398E-004
   2.153897E-002   2.046377E-002   9.148604E-003   3.233565E-003   2.351371E-003   4.777012E-004
   2.284441E-002   2.170588E-002   9.714313E-003   3.338955E-003   9.665866E-004   1.646824E-003
   2.423043E-002   2.302474E-002   1.023359E-002   3.614526E-003   1.474080E-003   7.551336E-004
   2.570136E-002   2.442439E-002   1.017798E-002   3.853527E-003   9.382228E-003   9.440759E-004
   2.726168E-002   2.590903E-002   1.154022E-002   4.098708E-003   1.496645E-003   3.030230E-003
   2.891604E-002   2.748299E-002   1.212512E-002   4.335291E-003   7.828629E-004   9.380605E-004
   3.066926E-002   2.915077E-002   1.301088E-002   4.574309E-003   1.324351E-003   6.665826E-004
   3.252631E-002   3.091701E-002   1.313106E-002   4.802923E-003   1.293977E-003   7.165953E-004
   3.449229E-002   3.278648E-002   1.468257E-002   5.177229E-003   1.479119E-003   2.575416E-004
   3.657244E-002   3.476411E-002   1.558336E-002   5.471161E-003   1.865396E-003   1.146340E-003
   3.877213E-002   3.685492E-002   1.654024E-002   5.430468E-003   2.106449E-003   6.356734E-004
   4.109683E-002   3.906405E-002   1.745899E-002   6.176834E-003   2.241748E-003   8.482385E-003
   4.355209E-002   4.139674E-002   1.857762E-002   1.338144E-004   1.444042E-003   6.686438E-004
   4.614354E-002   4.385828E-002   1.966117E-002   6.933610E-003   1.943435E-003  -1.948494E-002
   4.887684E-002   4.645403E-002   2.072170E-002   7.349535E-003  -3.340892E-004   1.439163E-004
   5.175767E-002   4.918936E-002   2.207371E-002   7.492798E-003   1.699114E-003   3.405054E-003
   5.479167E-002   5.206962E-002   2.330282E-002   8.245617E-003   2.385199E-003   1.676924E-003
   5.798445E-002   5.510013E-002   2.463579E-002   8.709291E-003   2.126305E-003   1.582758E-003
   6.134150E-002   5.828610E-002   2.603169E-002   9.196144E-003   2.375199E-003   1.635330E-003
   6.486816E-002   6.163262E-002   2.761788E-002   9.738367E-003   3.402405E-003   1.425876E-003
   6.856961E-002   6.514462E-002   2.924660E-002   1.032976E-002   3.990777E-003   8.545512E-004
   7.245075E-002   6.882676E-002   3.090003E-002   1.075411E-002   3.360922E-003   8.716124E-004
   7.651619E-002   7.268344E-002   3.262585E-002   1.145011E-002   1.605486E-003   1.487238E-003
   8.077016E-002   7.671870E-002   3.440185E-002   1.030169E-002   3.377565E-003   1.764012E-003
   8.521646E-002   8.093616E-002   3.636157E-002   1.288770E-002   3.650239E-003   2.090051E-003
   8.985840E-002   8.533898E-002   3.830289E-002   1.304750E-002   3.670130E-003   2.356170E-003
   9.469868E-002   8.992975E-002   4.038056E-002   1.421317E-002  -5.176529E-003   2.087214E-003
   9.973938E-002   9.471044E-002   4.255358E-002   1.601616E-002   4.281529E-003   2.279437E-003
   1.049818E-001   9.968233E-002   4.476265E-002   1.278108E-002   4.448402E-003   2.622061E-003
   1.104266E-001   1.048459E-001   4.665611E-002   1.569288E-002   4.436789E-003   1.081587E-002
   1.160732E-001   1.102009E-001   4.947969E-002   1.708235E-002   5.229209E-003   2.822570E-003
   1.219205E-001   1.157461E-001   5.194222E-002   1.793622E-002   6.211294E-003   8.338493E-003
   1.279660E-001   1.214792E-001   5.457072E-002   1.931589E-002   4.958053E-003  -6.831867E-003
   1.342063E-001   1.273969E-001   5.723856E-002   8.204614E-003   6.388803E-003   2.944439E-003
   1.406369E-001   1.334949E-001   5.998195E-002   2.111041E-002   6.237408E-003   3.107175E-003
   1.472518E-001   1.397676E-001   6.259010E-002   1.847830E-002   6.048946E-003   7.741193E-003
   1.540440E-001   1.462084E-001   5.706233E-002   2.363124E-002   6.572098E-003  -2.484818E-005
   1.610051E-001   1.528092E-001   6.866050E-002   2.507994E-002   6.860556E-003   4.676371E-003
   1.681254E-001   1.595609E-001   7.165589E-002   2.524144E-002   6.646034E-003   3.580600E-003
   1.753937E-001   1.664529E-001   7.476051E-002   2.623604E-002   6.933805E-003   4.673274E-003
   1.827978E-001   1.734736E-001   7.794312E-002   2.743737E-002   8.677962E-003   3.748502E-003
   1.903240E-001   1.806099E-001   8.000478E-002   2.646377E-002   9.668947E-003   4.154247E-003
   1.979573E-001   1.878476E-001   8.423265E-002   2.829481E-002   8.435865E-003   4.380030E-003
   2.056815E-001   1.951714E-001   8.768678E-002   3.264527E-002   9.263162E-003   4.535650E-003
   2.134792E-001   2.025649E-001   9.101577E-002   3.203547E-002   8.080827E-003   4.385049E-003
   2.213321E-001   2.100106E-001   9.434428E-002   3.308072E-002   9.463914E-003   5.147637E-003
   2.292209E-001   2.174902E-001   9.772092E-002   3.439774E-002   1.014192E-002   5.202305E-003
   2.371254E-001   2.249845E-001   1.010721E-001   3.540388E-002   1.023334E-002   5.226740E-003
   2.450246E-001   2.324736E-001   1.043297E-001   3.679068E-002   2.026326E-002   5.413625E-003
   2.528971E-001   2.399374E-001   1.078029E-001   3.792938E-002   1.110764E-002   6.301416E-003
   2.607211E-001   2.473550E-001   1.111364E-001   3.940809E-002   1.102503E-002   5.391696E-003
   2.684745E-001   2.547055E-001   1.144321E-001   4.027055E-002   1.171968E-002   1.069369E-002
   2.761352E-001   2.619679E-001   1.176263E-001   4.145745E-002   1.171044E-002   6.283983E-003
   2.836809E-001   2.691212E-001   1.170899E-001   4.256163E-002   1.210911E-002   6.295163E-003
   2.910901E-001   2.761449E-001   1.240801E-001   4.365591E-002   1.629893E-002   6.441092E-003
   2.983414E-001   2.830186E-001   1.264789E-001   4.475468E-002   1.270544E-002   5.503776E-003
   3.054139E-001   2.897228E-001   1.301854E-001   4.318977E-002   2.325678E-002   6.647704E-003
   3.122879E-001   2.962385E-001   1.331093E-001   4.692439E-002   1.330077E-002   4.453856E-003
   3.189441E-001   3.025476E-001   1.359309E-001   4.784562E-002   2.825290E-002   4.774633E-003
   3.253647E-001   3.086332E-001   1.386555E-001   4.891534E-002   1.335485E-002   1.355842E-002
   3.315328E-001   3.144792E-001   1.394701E-001   4.973206E-002   1.412141E-002   7.328783E-003
   3.374329E-001   3.200709E-001   1.438173E-001   5.072898E-002   1.438549E-002   4.927909E-003
   3.430507E-001   3.253950E-001   1.462115E-001   5.178678E-002   1.470459E-002   7.271420E-003
   3.483735E-001   3.304392E-001   1.484118E-001   5.227019E-002   1.474282E-002   7.679904E-003
   3.533900E-001   3.351929E-001   1.506141E-001   5.372309E-002   1.494571E-002   7.827281E-003
