   0.26987943E-06   0.55421669E-07   0.99999967E+00   0.87941779E-36
   0.27617209E-06   0.56713912E-07   0.99999967E+00   0.96435133E-36
   0.28261148E-06   0.58036286E-07   0.99999966E+00   0.10574877E-35
   0.28920101E-06   0.59389493E-07   0.99999965E+00   0.11596191E-35
   0.29594419E-06   0.60774252E-07   0.99999964E+00   0.12716143E-35
   0.30284459E-06   0.62191299E-07   0.99999963E+00   0.13944259E-35
   0.30990589E-06   0.63641387E-07   0.99999963E+00   0.15290985E-35
   0.31713183E-06   0.65125286E-07   0.99999962E+00   0.16767777E-35
   0.32452625E-06   0.66643784E-07   0.99999961E+00   0.18387197E-35
   0.33209309E-06   0.68197689E-07   0.99999960E+00   0.20163020E-35
   0.33983636E-06   0.69787825E-07   0.99999959E+00   0.22110350E-35
   0.34776018E-06   0.71415037E-07   0.99999958E+00   0.24245751E-35
   0.35586876E-06   0.73080191E-07   0.99999957E+00   0.26587388E-35
   0.36416639E-06   0.74784170E-07   0.99999956E+00   0.29155179E-35
   0.37265750E-06   0.76527880E-07   0.99999955E+00   0.31970965E-35
   0.38134660E-06   0.78312248E-07   0.99999954E+00   0.35058698E-35
   0.39023829E-06   0.80138221E-07   0.99999953E+00   0.38444642E-35
   0.39933731E-06   0.82006769E-07   0.99999952E+00   0.42157598E-35
   0.40864848E-06   0.83918885E-07   0.99999951E+00   0.46229148E-35
   0.41817676E-06   0.85875585E-07   0.99999950E+00   0.50693926E-35
   0.42792721E-06   0.87877909E-07   0.99999948E+00   0.55589909E-35
   0.43790500E-06   0.89926920E-07   0.99999947E+00   0.60958742E-35
   0.44811544E-06   0.92023707E-07   0.99999946E+00   0.66846094E-35
   0.45856396E-06   0.94169384E-07   0.99999945E+00   0.73302041E-35
   0.46925609E-06   0.96365091E-07   0.99999943E+00   0.80381499E-35
   0.48019753E-06   0.98611993E-07   0.99999942E+00   0.88144686E-35
   0.49139409E-06   0.10091129E-06   0.99999941E+00   0.96657636E-35
   0.50285171E-06   0.10326419E-06   0.99999939E+00   0.10599276E-34
   0.51457649E-06   0.10567196E-06   0.99999938E+00   0.11622946E-34
   0.52657464E-06   0.10813586E-06   0.99999937E+00   0.12745482E-34
   0.53885255E-06   0.11065722E-06   0.99999935E+00   0.13976432E-34
   0.55141674E-06   0.11323737E-06   0.99999934E+00   0.15326265E-34
   0.56427388E-06   0.11587767E-06   0.99999932E+00   0.16806465E-34
   0.57743081E-06   0.11857954E-06   0.99999930E+00   0.18429621E-34
   0.59089451E-06   0.12134441E-06   0.99999929E+00   0.20209540E-34
   0.60467214E-06   0.12417374E-06   0.99999927E+00   0.22161363E-34
   0.61877102E-06   0.12706905E-06   0.99999925E+00   0.24301692E-34
   0.63319863E-06   0.13003186E-06   0.99999924E+00   0.26648731E-34
   0.64796264E-06   0.13306376E-06   0.99999922E+00   0.29222446E-34
   0.66307090E-06   0.13616635E-06   0.99999920E+00   0.32044729E-34
   0.67853143E-06   0.13934128E-06   0.99999918E+00   0.35139585E-34
   0.69435245E-06   0.14259024E-06   0.99999916E+00   0.38533341E-34
   0.71054236E-06   0.14591495E-06   0.99999914E+00   0.42254863E-34
   0.72710976E-06   0.14931718E-06   0.99999912E+00   0.46335807E-34
   0.74406346E-06   0.15279875E-06   0.99999910E+00   0.50810885E-34
   0.76141246E-06   0.15636149E-06   0.99999908E+00   0.55718163E-34
   0.77916597E-06   0.16000730E-06   0.99999906E+00   0.61099382E-34
   0.79733344E-06   0.16373812E-06   0.99999904E+00   0.67000316E-34
   0.81592451E-06   0.16755593E-06   0.99999902E+00   0.73471157E-34
   0.83494906E-06   0.17146275E-06   0.99999899E+00   0.80566948E-34
   0.85441719E-06   0.17546067E-06   0.99999897E+00   0.88348044E-34
   0.87433926E-06   0.17955181E-06   0.99999895E+00   0.96880634E-34
   0.89472584E-06   0.18373834E-06   0.99999892E+00   0.10623729E-33
   0.91558776E-06   0.18802249E-06   0.99999890E+00   0.11649761E-33
   0.93693611E-06   0.19240652E-06   0.99999887E+00   0.12774887E-33
   0.95878223E-06   0.19689278E-06   0.99999884E+00   0.14008676E-33
   0.98113772E-06   0.20148364E-06   0.99999882E+00   0.15361623E-33
   0.10040145E-05   0.20618154E-06   0.99999879E+00   0.16845238E-33
   0.10274246E-05   0.21098898E-06   0.99999876E+00   0.18472138E-33
   0.10513806E-05   0.21590852E-06   0.99999873E+00   0.20256164E-33
   0.10758952E-05   0.22094276E-06   0.99999870E+00   0.22212489E-33
   0.11009813E-05   0.22609438E-06   0.99999867E+00   0.24357755E-33
   0.11266524E-05   0.23136612E-06   0.99999864E+00   0.26710209E-33
   0.11529221E-05   0.23676078E-06   0.99999861E+00   0.29289861E-33
   0.11798042E-05   0.24228123E-06   0.99999858E+00   0.32118654E-33
   0.12073132E-05   0.24793039E-06   0.99999854E+00   0.35220649E-33
   0.12354636E-05   0.25371127E-06   0.99999851E+00   0.38622233E-33
   0.12642703E-05   0.25962694E-06   0.99999848E+00   0.42352340E-33
   0.12937487E-05   0.26568054E-06   0.99999844E+00   0.46442697E-33
   0.13239145E-05   0.27187529E-06   0.99999840E+00   0.50928098E-33
   0.13547836E-05   0.27821448E-06   0.99999837E+00   0.55846695E-33
   0.13863724E-05   0.28470148E-06   0.99999833E+00   0.61240327E-33
   0.14186978E-05   0.29133973E-06   0.99999829E+00   0.67154872E-33
   0.14517769E-05   0.29813277E-06   0.99999825E+00   0.73640639E-33
   0.14856274E-05   0.30508419E-06   0.99999821E+00   0.80752797E-33
   0.15202670E-05   0.31219770E-06   0.99999817E+00   0.88551841E-33
   0.15557144E-05   0.31947706E-06   0.99999812E+00   0.97104111E-33
   0.15919883E-05   0.32692616E-06   0.99999808E+00   0.10648235E-32
   0.16291079E-05   0.33454895E-06   0.99999804E+00   0.11676634E-32
   0.16670931E-05   0.34234947E-06   0.99999799E+00   0.12804354E-32
   0.17059639E-05   0.35033187E-06   0.99999794E+00   0.14040989E-32
   0.17457410E-05   0.35850039E-06   0.99999790E+00   0.15397057E-32
   0.17864457E-05   0.36685938E-06   0.99999785E+00   0.16884093E-32
   0.18280994E-05   0.37541326E-06   0.99999780E+00   0.18514746E-32
   0.18707243E-05   0.38416660E-06   0.99999775E+00   0.20302886E-32
   0.19143431E-05   0.39312403E-06   0.99999769E+00   0.22263723E-32
   0.19589789E-05   0.40229031E-06   0.99999764E+00   0.24413936E-32
   0.20046555E-05   0.41167032E-06   0.99999758E+00   0.26771815E-32
   0.20513971E-05   0.42126904E-06   0.99999753E+00   0.29357417E-32
   0.20992285E-05   0.43109157E-06   0.99999747E+00   0.32192733E-32
   0.21481752E-05   0.44114313E-06   0.99999741E+00   0.35301883E-32
   0.21982632E-05   0.45142905E-06   0.99999735E+00   0.38711311E-32
   0.22495190E-05   0.46195480E-06   0.99999729E+00   0.42450019E-32
   0.23019700E-05   0.47272597E-06   0.99999723E+00   0.46549809E-32
   0.23556439E-05   0.48374829E-06   0.99999716E+00   0.51045553E-32
   0.24105693E-05   0.49502762E-06   0.99999709E+00   0.55975493E-32
   0.24667753E-05   0.50656993E-06   0.99999703E+00   0.61381562E-32
   0.25242919E-05   0.51838137E-06   0.99999696E+00   0.67309746E-32
   0.25831496E-05   0.53046822E-06   0.99999689E+00   0.73810468E-32
   0.26433796E-05   0.54283688E-06   0.99999681E+00   0.80939025E-32
   0.27050140E-05   0.55549394E-06   0.99999674E+00   0.88756052E-32
   0.27680854E-05   0.56844611E-06   0.99999666E+00   0.97328041E-32
   0.28326275E-05   0.58170029E-06   0.99999659E+00   0.10672791E-31
   0.28986744E-05   0.59526350E-06   0.99999651E+00   0.11703560E-31
   0.29662614E-05   0.60914296E-06   0.99999642E+00   0.12833881E-31
   0.30354242E-05   0.62334604E-06   0.99999634E+00   0.14073367E-31
   0.31061996E-05   0.63788028E-06   0.99999626E+00   0.15432561E-31
   0.31786253E-05   0.65275341E-06   0.99999617E+00   0.16923025E-31
   0.32527397E-05   0.66797332E-06   0.99999608E+00   0.18557438E-31
   0.33285821E-05   0.68354811E-06   0.99999599E+00   0.20349700E-31
   0.34061929E-05   0.69948605E-06   0.99999589E+00   0.22315057E-31
   0.34856134E-05   0.71579560E-06   0.99999580E+00   0.24470227E-31
   0.35668856E-05   0.73248543E-06   0.99999570E+00   0.26833542E-31
   0.36500528E-05   0.74956441E-06   0.99999560E+00   0.29425104E-31
   0.37351592E-05   0.76704161E-06   0.99999550E+00   0.32266956E-31
   0.38222499E-05   0.78492632E-06   0.99999539E+00   0.35383272E-31
   0.39113713E-05   0.80322803E-06   0.99999529E+00   0.38800559E-31
   0.40025706E-05   0.82195646E-06   0.99999518E+00   0.42547885E-31
   0.40958964E-05   0.84112158E-06   0.99999506E+00   0.46657124E-31
   0.41913982E-05   0.86073356E-06   0.99999495E+00   0.51163230E-31
   0.42891268E-05   0.88080282E-06   0.99999483E+00   0.56104532E-31
   0.43891340E-05   0.90134002E-06   0.99999471E+00   0.61523061E-31
   0.44914730E-05   0.92235607E-06   0.99999459E+00   0.67464906E-31
   0.45961982E-05   0.94386214E-06   0.99999446E+00   0.73980610E-31
   0.47033652E-05   0.96586965E-06   0.99999433E+00   0.81125594E-31
   0.48130310E-05   0.98839029E-06   0.99999420E+00   0.88960634E-31
   0.49252537E-05   0.10114360E-05   0.99999406E+00   0.97552376E-31
   0.50400931E-05   0.10350191E-05   0.99999392E+00   0.10697390E-30
   0.51576101E-05   0.10591521E-05   0.99999378E+00   0.11730535E-30
   0.52778672E-05   0.10838477E-05   0.99999364E+00   0.12863460E-30
   0.54009282E-05   0.11091192E-05   0.99999349E+00   0.14105801E-30
   0.55268585E-05   0.11349799E-05   0.99999334E+00   0.15468127E-30
   0.56557250E-05   0.11614435E-05   0.99999318E+00   0.16962025E-30
   0.57875963E-05   0.11885242E-05   0.99999302E+00   0.18600203E-30
   0.59225422E-05   0.12162364E-05   0.99999286E+00   0.20396594E-30
   0.60606347E-05   0.12445946E-05   0.99999269E+00   0.22366479E-30
   0.62019469E-05   0.12736141E-05   0.99999252E+00   0.24526613E-30
   0.63465539E-05   0.13033102E-05   0.99999235E+00   0.26895372E-30
   0.64945327E-05   0.13336987E-05   0.99999217E+00   0.29492902E-30
   0.66459618E-05   0.13647957E-05   0.99999199E+00   0.32341300E-30
   0.68009216E-05   0.13966178E-05   0.99999180E+00   0.35464793E-30
   0.69594945E-05   0.14291819E-05   0.99999161E+00   0.38889950E-30
   0.71217647E-05   0.14625052E-05   0.99999142E+00   0.42645906E-30
   0.72878184E-05   0.14966056E-05   0.99999122E+00   0.46764608E-30
   0.74577439E-05   0.15315010E-05   0.99999101E+00   0.51281090E-30
   0.76316313E-05   0.15672100E-05   0.99999080E+00   0.56233770E-30
   0.78095732E-05   0.16037516E-05   0.99999059E+00   0.61664774E-30
   0.79916640E-05   0.16411453E-05   0.99999037E+00   0.67620299E-30
   0.81780004E-05   0.16794108E-05   0.99999014E+00   0.74151003E-30
   0.83686814E-05   0.17185685E-05   0.99998991E+00   0.81312436E-30
   0.85638084E-05   0.17586392E-05   0.99998968E+00   0.89165512E-30
   0.87634850E-05   0.17996443E-05   0.99998944E+00   0.97777031E-30
   0.89678173E-05   0.18416053E-05   0.99998919E+00   0.10722024E-29
   0.91769138E-05   0.18845448E-05   0.99998894E+00   0.11757547E-29
   0.93908856E-05   0.19284854E-05   0.99998868E+00   0.12893079E-29
   0.96098464E-05   0.19734506E-05   0.99998842E+00   0.14138279E-29
   0.98339125E-05   0.20194642E-05   0.99998815E+00   0.15503740E-29
   0.10063203E-04   0.20665506E-05   0.99998787E+00   0.17001076E-29
   0.10297839E-04   0.21147349E-05   0.99998759E+00   0.18643022E-29
   0.10537947E-04   0.21640426E-05   0.99998730E+00   0.20443546E-29
   0.10783652E-04   0.22145001E-05   0.99998700E+00   0.22417963E-29
   0.11035087E-04   0.22661339E-05   0.99998670E+00   0.24583067E-29
   0.11292384E-04   0.23189717E-05   0.99998639E+00   0.26957273E-29
   0.11555680E-04   0.23730414E-05   0.99998607E+00   0.29560778E-29
   0.11825115E-04   0.24283719E-05   0.99998575E+00   0.32415727E-29
   0.12100832E-04   0.24849924E-05   0.99998541E+00   0.35546403E-29
   0.12382978E-04   0.25429330E-05   0.99998507E+00   0.38979436E-29
   0.12671702E-04   0.26022246E-05   0.99998473E+00   0.42744027E-29
   0.12967159E-04   0.26628986E-05   0.99998437E+00   0.46872199E-29
   0.13269503E-04   0.27249873E-05   0.99998401E+00   0.51399064E-29
   0.13578898E-04   0.27885237E-05   0.99998363E+00   0.56363128E-29
   0.13895506E-04   0.28535414E-05   0.99998325E+00   0.61806615E-29
   0.14219496E-04   0.29200751E-05   0.99998286E+00   0.67775828E-29
   0.14551040E-04   0.29881600E-05   0.99998246E+00   0.74321539E-29
   0.14890315E-04   0.30578325E-05   0.99998205E+00   0.81499428E-29
   0.15237499E-04   0.31291293E-05   0.99998163E+00   0.89370547E-29
   0.15592779E-04   0.32020886E-05   0.99998121E+00   0.98001849E-29
   0.15956342E-04   0.32767489E-05   0.99998077E+00   0.10746675E-28
   0.16328382E-04   0.33531499E-05   0.99998032E+00   0.11784576E-28
   0.16709097E-04   0.34313323E-05   0.99997986E+00   0.12922716E-28
   0.17098688E-04   0.35113376E-05   0.99997939E+00   0.14170776E-28
   0.17497362E-04   0.35932083E-05   0.99997891E+00   0.15539372E-28
   0.17905332E-04   0.36769878E-05   0.99997842E+00   0.17040146E-28
   0.18322814E-04   0.37627207E-05   0.99997791E+00   0.18685861E-28
   0.18750029E-04   0.38504525E-05   0.99997740E+00   0.20490518E-28
   0.19187206E-04   0.39402298E-05   0.99997687E+00   0.22469466E-28
   0.19634575E-04   0.40321003E-05   0.99997633E+00   0.24639538E-28
   0.20092375E-04   0.41261128E-05   0.99997578E+00   0.27019192E-28
   0.20560849E-04   0.42223172E-05   0.99997522E+00   0.29628670E-28
   0.21040246E-04   0.43207647E-05   0.99997464E+00   0.32490167E-28
   0.21530819E-04   0.44215075E-05   0.99997405E+00   0.35628023E-28
   0.22032831E-04   0.45245992E-05   0.99997344E+00   0.39068928E-28
   0.22546547E-04   0.46300945E-05   0.99997282E+00   0.42842151E-28
   0.23072241E-04   0.47380495E-05   0.99997219E+00   0.46979786E-28
   0.23610191E-04   0.48485215E-05   0.99997154E+00   0.51517027E-28
   0.24160684E-04   0.49615691E-05   0.99997088E+00   0.56492468E-28
   0.24724012E-04   0.50772525E-05   0.99997020E+00   0.61948428E-28
   0.25300474E-04   0.51956330E-05   0.99996950E+00   0.67931316E-28
   0.25890376E-04   0.53167736E-05   0.99996879E+00   0.74492022E-28
   0.26494032E-04   0.54407386E-05   0.99996807E+00   0.81686349E-28
   0.27111761E-04   0.55675939E-05   0.99996732E+00   0.89575492E-28
   0.27743894E-04   0.56974068E-05   0.99996656E+00   0.98226555E-28
   0.28390764E-04   0.58302463E-05   0.99996578E+00   0.10771312E-27
   0.29052717E-04   0.59661829E-05   0.99996498E+00   0.11811588E-27
   0.29730102E-04   0.61052889E-05   0.99996416E+00   0.12952333E-27
   0.30423281E-04   0.62476381E-05   0.99996333E+00   0.14203248E-27
   0.31132621E-04   0.63933062E-05   0.99996247E+00   0.15574974E-27
   0.31858500E-04   0.65423705E-05   0.99996160E+00   0.17079179E-27
   0.32601302E-04   0.66949102E-05   0.99996070E+00   0.18728658E-27
   0.33361422E-04   0.68510063E-05   0.99995979E+00   0.20537439E-27
   0.34139264E-04   0.70107418E-05   0.99995885E+00   0.22520909E-27
   0.34935241E-04   0.71742014E-05   0.99995789E+00   0.24695939E-27
   0.35749777E-04   0.73414720E-05   0.99995691E+00   0.27081029E-27
   0.36583302E-04   0.75126425E-05   0.99995590E+00   0.29696466E-27
   0.37436261E-04   0.76878037E-05   0.99995488E+00   0.32564496E-27
   0.38309107E-04   0.78670487E-05   0.99995382E+00   0.35709514E-27
   0.39202302E-04   0.80504727E-05   0.99995275E+00   0.39158271E-27
   0.40116321E-04   0.82381731E-05   0.99995165E+00   0.42940102E-27
   0.41051650E-04   0.84302496E-05   0.99995052E+00   0.47087174E-27
   0.42008786E-04   0.86268042E-05   0.99994936E+00   0.51634760E-27
   0.42988236E-04   0.88279413E-05   0.99994818E+00   0.56621542E-27
   0.43990521E-04   0.90337678E-05   0.99994698E+00   0.62089935E-27
   0.45016174E-04   0.92443929E-05   0.99994574E+00   0.68086453E-27
   0.46065739E-04   0.94599286E-05   0.99994447E+00   0.74662100E-27
   0.47139773E-04   0.96804892E-05   0.99994318E+00   0.81872807E-27
   0.48238848E-04   0.99061919E-05   0.99994185E+00   0.89779905E-27
   0.49363546E-04   0.10137157E-04   0.99994050E+00   0.98450651E-27
   0.50514465E-04   0.10373506E-04   0.99993911E+00   0.10795880E-26
   0.51692216E-04   0.10615366E-04   0.99993769E+00   0.11838521E-26
   0.52897424E-04   0.10862864E-04   0.99993624E+00   0.12981858E-26
   0.54130731E-04   0.11116132E-04   0.99993475E+00   0.14235616E-26
   0.55392790E-04   0.11375305E-04   0.99993323E+00   0.15610458E-26
   0.56684272E-04   0.11640520E-04   0.99993168E+00   0.17118078E-26
   0.58005863E-04   0.11911918E-04   0.99993008E+00   0.18771300E-26
   0.59358264E-04   0.12189644E-04   0.99992845E+00   0.20584185E-26
   0.60742195E-04   0.12473844E-04   0.99992678E+00   0.22572154E-26
   0.62158389E-04   0.12764669E-04   0.99992508E+00   0.24752114E-26
   0.63607599E-04   0.13062275E-04   0.99992333E+00   0.27142608E-26
   0.65090594E-04   0.13366818E-04   0.99992154E+00   0.29763969E-26
   0.66608162E-04   0.13678462E-04   0.99991971E+00   0.32638492E-26
   0.68161109E-04   0.13997371E-04   0.99991784E+00   0.35790628E-26
   0.69750259E-04   0.14323714E-04   0.99991593E+00   0.39247186E-26
   0.71376456E-04   0.14657665E-04   0.99991397E+00   0.43037567E-26
   0.73040565E-04   0.14999402E-04   0.99991196E+00   0.47194010E-26
   0.74743467E-04   0.15349105E-04   0.99990991E+00   0.51751868E-26
   0.76486068E-04   0.15706960E-04   0.99990781E+00   0.56749907E-26
   0.78269294E-04   0.16073159E-04   0.99990566E+00   0.62230639E-26
   0.80094090E-04   0.16447893E-04   0.99990346E+00   0.68240680E-26
   0.81961425E-04   0.16831364E-04   0.99990121E+00   0.74831148E-26
   0.83872292E-04   0.17223774E-04   0.99989890E+00   0.82058098E-26
   0.85827704E-04   0.17625332E-04   0.99989655E+00   0.89982999E-26
   0.87828701E-04   0.18036251E-04   0.99989414E+00   0.98673256E-26
   0.89876344E-04   0.18456749E-04   0.99989167E+00   0.10820278E-25
   0.91971720E-04   0.18887050E-04   0.99988914E+00   0.11865263E-25
   0.94115943E-04   0.19327381E-04   0.99988656E+00   0.13011168E-25
   0.96310150E-04   0.19777977E-04   0.99988391E+00   0.14267740E-25
   0.98555506E-04   0.20239077E-04   0.99988121E+00   0.15645666E-25
   0.10085320E-03   0.20710926E-04   0.99987844E+00   0.17156665E-25
   0.10320446E-03   0.21193774E-04   0.99987560E+00   0.18813591E-25
   0.10561053E-03   0.21687877E-04   0.99987270E+00   0.20630534E-25
   0.10807269E-03   0.22193498E-04   0.99986973E+00   0.22622949E-25
   0.11059224E-03   0.22710906E-04   0.99986670E+00   0.24807782E-25
   0.11317052E-03   0.23240374E-04   0.99986359E+00   0.27203616E-25
   0.11580890E-03   0.23782185E-04   0.99986041E+00   0.29830827E-25
   0.11850878E-03   0.24336624E-04   0.99985715E+00   0.32711760E-25
   0.12127160E-03   0.24903988E-04   0.99985382E+00   0.35870919E-25
   0.12409881E-03   0.25484577E-04   0.99985042E+00   0.39335173E-25
   0.12699193E-03   0.26078699E-04   0.99984693E+00   0.43133986E-25
   0.12995248E-03   0.26686670E-04   0.99984336E+00   0.47299667E-25
   0.13298204E-03   0.27308812E-04   0.99983971E+00   0.51867646E-25
   0.13608222E-03   0.27945456E-04   0.99983597E+00   0.56876774E-25
   0.13925466E-03   0.28596939E-04   0.99983215E+00   0.62369654E-25
   0.14250104E-03   0.29263607E-04   0.99982824E+00   0.68393003E-25
   0.14582310E-03   0.29945814E-04   0.99982423E+00   0.74998051E-25
   0.14922258E-03   0.30643923E-04   0.99982013E+00   0.82240972E-25
   0.15270130E-03   0.31358303E-04   0.99981594E+00   0.90183369E-25
   0.15626110E-03   0.32089333E-04   0.99981165E+00   0.98892790E-25
   0.15990387E-03   0.32837403E-04   0.99980726E+00   0.10844331E-24
   0.16363155E-03   0.33602907E-04   0.99980277E+00   0.11891615E-24
   0.16744611E-03   0.34386254E-04   0.99979817E+00   0.13040039E-24
   0.17134957E-03   0.35187858E-04   0.99979346E+00   0.14299370E-24
   0.17534401E-03   0.36008145E-04   0.99978865E+00   0.15680317E-24
   0.17943155E-03   0.36847551E-04   0.99978372E+00   0.17194626E-24
   0.18361435E-03   0.37706519E-04   0.99977868E+00   0.18855176E-24
   0.18789464E-03   0.38585507E-04   0.99977352E+00   0.20676089E-24
   0.19227469E-03   0.39484981E-04   0.99976824E+00   0.22672851E-24
   0.19675681E-03   0.40405417E-04   0.99976284E+00   0.24862445E-24
   0.20134339E-03   0.41347304E-04   0.99975731E+00   0.27263491E-24
   0.20603687E-03   0.42311143E-04   0.99975165E+00   0.29896411E-24
   0.21083972E-03   0.43297443E-04   0.99974586E+00   0.32783595E-24
   0.21575450E-03   0.44306729E-04   0.99973994E+00   0.35949598E-24
   0.22078382E-03   0.45339535E-04   0.99973388E+00   0.39421346E-24
   0.22593034E-03   0.46396410E-04   0.99972767E+00   0.43228363E-24
   0.23119680E-03   0.47477914E-04   0.99972133E+00   0.47403027E-24
   0.23658598E-03   0.48584621E-04   0.99971483E+00   0.51980840E-24
   0.24210074E-03   0.49717117E-04   0.99970818E+00   0.57000734E-24
   0.24774402E-03   0.50876004E-04   0.99970138E+00   0.62505399E-24
   0.25351880E-03   0.52061896E-04   0.99969442E+00   0.68541649E-24
   0.25942814E-03   0.53275422E-04   0.99968730E+00   0.75160817E-24
   0.26547518E-03   0.54517225E-04   0.99968001E+00   0.82419194E-24
   0.27166313E-03   0.55787964E-04   0.99967255E+00   0.90378507E-24
   0.27799526E-03   0.57088312E-04   0.99966492E+00   0.99106443E-24
   0.28447493E-03   0.58418960E-04   0.99965711E+00   0.10867722E-23
   0.29110559E-03   0.59780612E-04   0.99964911E+00   0.11917224E-23
   0.29789074E-03   0.61173991E-04   0.99964094E+00   0.13068074E-23
   0.30483398E-03   0.62599835E-04   0.99963257E+00   0.14330060E-23
   0.31193899E-03   0.64058900E-04   0.99962400E+00   0.15713912E-23
   0.31920954E-03   0.65551960E-04   0.99961524E+00   0.17231399E-23
   0.32664949E-03   0.67079805E-04   0.99960627E+00   0.18895426E-23
   0.33426277E-03   0.68643247E-04   0.99959709E+00   0.20720143E-23
   0.34205342E-03   0.70243113E-04   0.99958770E+00   0.22721066E-23
   0.35002557E-03   0.71880251E-04   0.99957809E+00   0.24915211E-23
   0.35818344E-03   0.73555528E-04   0.99956826E+00   0.27321236E-23
   0.36653137E-03   0.75269834E-04   0.99955820E+00   0.29959600E-23
   0.37507376E-03   0.77024076E-04   0.99954790E+00   0.32852738E-23
   0.38381515E-03   0.78819183E-04   0.99953737E+00   0.36025252E-23
   0.39276017E-03   0.80656106E-04   0.99952658E+00   0.39504120E-23
   0.40191356E-03   0.82535820E-04   0.99951555E+00   0.43318921E-23
   0.41128016E-03   0.84459318E-04   0.99950426E+00   0.47502096E-23
   0.42086494E-03   0.86427622E-04   0.99949271E+00   0.52089212E-23
   0.43067298E-03   0.88441772E-04   0.99948089E+00   0.57119276E-23
   0.44070946E-03   0.90502836E-04   0.99946879E+00   0.62635057E-23
   0.45097971E-03   0.92611905E-04   0.99945641E+00   0.68683455E-23
   0.46148917E-03   0.94770097E-04   0.99944374E+00   0.75315900E-23
   0.47224339E-03   0.96978554E-04   0.99943078E+00   0.82588785E-23
   0.48324808E-03   0.99238444E-04   0.99941751E+00   0.90563950E-23
   0.49450905E-03   0.10155097E-03   0.99940394E+00   0.99309203E-23
   0.50603228E-03   0.10391734E-03   0.99939005E+00   0.10889890E-22
   0.51782386E-03   0.10633883E-03   0.99937584E+00   0.11941458E-22
   0.52989002E-03   0.10881670E-03   0.99936129E+00   0.13094565E-22
   0.54223717E-03   0.11135228E-03   0.99934641E+00   0.14359015E-22
   0.55487183E-03   0.11394689E-03   0.99933118E+00   0.15745559E-22
   0.56780069E-03   0.11660193E-03   0.99931560E+00   0.17265984E-22
   0.58103059E-03   0.11931878E-03   0.99929965E+00   0.18933219E-22
   0.59456852E-03   0.12209889E-03   0.99928333E+00   0.20761437E-22
   0.60842166E-03   0.12494373E-03   0.99926663E+00   0.22766181E-22
   0.62259732E-03   0.12785481E-03   0.99924955E+00   0.24964496E-22
   0.63710302E-03   0.13083365E-03   0.99923206E+00   0.27375070E-22
   0.65194640E-03   0.13388185E-03   0.99921417E+00   0.30018398E-22
   0.66713534E-03   0.13700101E-03   0.99919586E+00   0.32916950E-22
   0.68267785E-03   0.14019277E-03   0.99917713E+00   0.36095369E-22
   0.69858216E-03   0.14345884E-03   0.99915796E+00   0.39580675E-22
   0.71485667E-03   0.14680092E-03   0.99913834E+00   0.43402496E-22
   0.73150999E-03   0.15022080E-03   0.99911827E+00   0.47593322E-22
   0.74855091E-03   0.15372028E-03   0.99909773E+00   0.52188778E-22
   0.76598844E-03   0.15730120E-03   0.99907671E+00   0.57227930E-22
   0.78383179E-03   0.16096546E-03   0.99905520E+00   0.62753612E-22
   0.80209040E-03   0.16471499E-03   0.99903319E+00   0.68812795E-22
   0.82077390E-03   0.16855178E-03   0.99901067E+00   0.75456985E-22
   0.83989217E-03   0.17247786E-03   0.99898763E+00   0.82742659E-22
   0.85945529E-03   0.17649528E-03   0.99896405E+00   0.90731744E-22
   0.87947360E-03   0.18060619E-03   0.99893992E+00   0.99492148E-22
   0.89995767E-03   0.18481274E-03   0.99891523E+00   0.10909833E-21
   0.92091831E-03   0.18911715E-03   0.99888996E+00   0.11963195E-21
   0.94236659E-03   0.19352171E-03   0.99886411E+00   0.13118252E-21
   0.96431381E-03   0.19802873E-03   0.99883766E+00   0.14384823E-21
   0.98677157E-03   0.20264059E-03   0.99881059E+00   0.15773671E-21
   0.10097517E-02   0.20735972E-03   0.99878289E+00   0.17296601E-21
   0.10332663E-02   0.21218862E-03   0.99875455E+00   0.18966557E-21
   0.10573279E-02   0.21712983E-03   0.99872554E+00   0.20797729E-21
   0.10819490E-02   0.22218595E-03   0.99869587E+00   0.22805681E-21
   0.11071427E-02   0.22735965E-03   0.99866550E+00   0.25007477E-21
   0.11329222E-02   0.23265366E-03   0.99863442E+00   0.27421829E-21
   0.11593011E-02   0.23807077E-03   0.99860263E+00   0.30069252E-21
   0.11862934E-02   0.24361383E-03   0.99857009E+00   0.32972245E-21
   0.12139133E-02   0.24928576E-03   0.99853680E+00   0.36155475E-21
   0.12421752E-02   0.25508955E-03   0.99850274E+00   0.39645993E-21
   0.12710941E-02   0.26102825E-03   0.99846788E+00   0.43473457E-21
   0.13006852E-02   0.26710499E-03   0.99843221E+00   0.47670390E-21
   0.13309641E-02   0.27332298E-03   0.99839571E+00   0.52272452E-21
   0.13619466E-02   0.27968547E-03   0.99835837E+00   0.57318744E-21
   0.13936492E-02   0.28619582E-03   0.99832015E+00   0.62852142E-21
   0.14260885E-02   0.29285746E-03   0.99828105E+00   0.68919657E-21
   0.14592815E-02   0.29967388E-03   0.99824104E+00   0.75572840E-21
   0.14932457E-02   0.30664868E-03   0.99820011E+00   0.82868213E-21
   0.15279990E-02   0.31378551E-03   0.99815822E+00   0.90867753E-21
   0.15635595E-02   0.32108812E-03   0.99811535E+00   0.99639417E-21
   0.15999461E-02   0.32856036E-03   0.99807149E+00   0.10925772E-20
   0.16371777E-02   0.33620614E-03   0.99802662E+00   0.11980437E-20
   0.16752740E-02   0.34402949E-03   0.99798070E+00   0.13136894E-20
   0.17142550E-02   0.35203451E-03   0.99793371E+00   0.14404968E-20
   0.17541410E-02   0.36022539E-03   0.99788563E+00   0.15795428E-20
   0.17949531E-02   0.36860644E-03   0.99783644E+00   0.17320086E-20
   0.18367126E-02   0.37718206E-03   0.99778611E+00   0.18991889E-20
   0.18794415E-02   0.38595673E-03   0.99773460E+00   0.20825038E-20
   0.19231620E-02   0.39493506E-03   0.99768190E+00   0.22835099E-20
   0.19678972E-02   0.40412175E-03   0.99762798E+00   0.25039143E-20
   0.20136705E-02   0.41352162E-03   0.99757281E+00   0.27455887E-20
   0.20605058E-02   0.42313958E-03   0.99751635E+00   0.30105854E-20
   0.21084276E-02   0.43298067E-03   0.99745859E+00   0.33011544E-20
   0.21574611E-02   0.44305004E-03   0.99739949E+00   0.36197631E-20
   0.22076318E-02   0.45335297E-03   0.99733902E+00   0.39691165E-20
   0.22589661E-02   0.46389482E-03   0.99727714E+00   0.43521810E-20
   0.23114907E-02   0.47468113E-03   0.99721383E+00   0.47722085E-20
   0.23652331E-02   0.48571751E-03   0.99714905E+00   0.52327651E-20
   0.24202214E-02   0.49700975E-03   0.99708277E+00   0.57377605E-20
   0.24764842E-02   0.50856372E-03   0.99701495E+00   0.62914813E-20
   0.25340510E-02   0.52038547E-03   0.99694556E+00   0.68986280E-20
   0.25929517E-02   0.53248115E-03   0.99687457E+00   0.75643539E-20
   0.26532171E-02   0.54485708E-03   0.99680193E+00   0.82943094E-20
   0.27148786E-02   0.55751971E-03   0.99672760E+00   0.90946897E-20
   0.27779683E-02   0.57047564E-03   0.99665156E+00   0.99722875E-20
   0.28425191E-02   0.58373160E-03   0.99657375E+00   0.10934550E-19
   0.29085646E-02   0.59729451E-03   0.99649414E+00   0.11989644E-19
   0.29761391E-02   0.61117141E-03   0.99641269E+00   0.13146520E-19
   0.30452777E-02   0.62536953E-03   0.99632935E+00   0.14414996E-19
   0.31160165E-02   0.63989624E-03   0.99624409E+00   0.15805833E-19
   0.31883921E-02   0.65475909E-03   0.99615685E+00   0.17330832E-19
   0.32624422E-02   0.66996580E-03   0.99606759E+00   0.19002928E-19
   0.33382051E-02   0.68552425E-03   0.99597627E+00   0.20836307E-19
   0.34157201E-02   0.70144252E-03   0.99588284E+00   0.22846520E-19
   0.34950275E-02   0.71772886E-03   0.99578724E+00   0.25050616E-19
   0.35761683E-02   0.73439171E-03   0.99568944E+00   0.27467288E-19
   0.36591846E-02   0.75143968E-03   0.99558938E+00   0.30117032E-19
   0.37441192E-02   0.76888161E-03   0.99548700E+00   0.33022318E-19
   0.38310161E-02   0.78672652E-03   0.99538226E+00   0.36207780E-19
   0.39199202E-02   0.80498362E-03   0.99527510E+00   0.39700427E-19
   0.40108775E-02   0.82366234E-03   0.99516546E+00   0.43529871E-19
   0.41039348E-02   0.84277232E-03   0.99505329E+00   0.47728575E-19
   0.41991402E-02   0.86232343E-03   0.99493854E+00   0.52332130E-19
   0.42965427E-02   0.88232573E-03   0.99482113E+00   0.57379559E-19
   0.43961925E-02   0.90278953E-03   0.99470102E+00   0.62913639E-19
   0.44981409E-02   0.92372537E-03   0.99457813E+00   0.68981271E-19
   0.46024403E-02   0.94514400E-03   0.99445242E+00   0.75633871E-19
   0.47091444E-02   0.96705643E-03   0.99432380E+00   0.82927810E-19
   0.48183078E-02   0.98947392E-03   0.99419222E+00   0.90924885E-19
   0.49299866E-02   0.10124080E-02   0.99405761E+00   0.99692846E-19
   0.50442382E-02   0.10358703E-02   0.99391989E+00   0.10930597E-18
   0.51611208E-02   0.10598730E-02   0.99377901E+00   0.11984567E-18
   0.52806945E-02   0.10844283E-02   0.99363488E+00   0.13140122E-18
   0.54030204E-02   0.11095488E-02   0.99348743E+00   0.14407047E-18
   0.55281609E-02   0.11352473E-02   0.99333659E+00   0.15796071E-18
   0.56561799E-02   0.11615369E-02   0.99318228E+00   0.17318954E-18
   0.57871427E-02   0.11884311E-02   0.99302443E+00   0.18988587E-18
   0.59211160E-02   0.12159435E-02   0.99286294E+00   0.20819105E-18
   0.60581680E-02   0.12440881E-02   0.99269774E+00   0.22826001E-18
   0.61983684E-02   0.12728792E-02   0.99252875E+00   0.25026259E-18
   0.63417884E-02   0.13023315E-02   0.99235588E+00   0.27438498E-18
   0.64885007E-02   0.13324600E-02   0.99217904E+00   0.30083127E-18
   0.66385798E-02   0.13632798E-02   0.99199814E+00   0.32982519E-18
   0.67921015E-02   0.13948066E-02   0.99181309E+00   0.36161201E-18
   0.69491435E-02   0.14270563E-02   0.99162380E+00   0.39646056E-18
   0.71097852E-02   0.14600452E-02   0.99143017E+00   0.43466554E-18
   0.72741076E-02   0.14937899E-02   0.99123210E+00   0.47655001E-18
   0.74421934E-02   0.15283076E-02   0.99102950E+00   0.52246806E-18
   0.76141273E-02   0.15636154E-02   0.99082226E+00   0.57280785E-18
   0.77899957E-02   0.15997313E-02   0.99061027E+00   0.62799483E-18
   0.79698868E-02   0.16366732E-02   0.99039344E+00   0.68849539E-18
   0.81538909E-02   0.16744597E-02   0.99017165E+00   0.75482072E-18
   0.83421001E-02   0.17131098E-02   0.98994479E+00   0.82753113E-18
   0.85346083E-02   0.17526428E-02   0.98971275E+00   0.90724079E-18
   0.87315118E-02   0.17930783E-02   0.98947541E+00   0.99462289E-18
   0.89329087E-02   0.18344366E-02   0.98923265E+00   0.10904153E-17
   0.91388992E-02   0.18767382E-02   0.98898436E+00   0.11954267E-17
   0.93495856E-02   0.19200042E-02   0.98873041E+00   0.13105435E-17
   0.95650726E-02   0.19642560E-02   0.98847067E+00   0.14367374E-17
   0.97854667E-02   0.20095155E-02   0.98820502E+00   0.15750730E-17
   0.10010877E-01   0.20558051E-02   0.98793332E+00   0.17267176E-17
   0.10241415E-01   0.21031477E-02   0.98765544E+00   0.18929502E-17
   0.10477194E-01   0.21515667E-02   0.98737124E+00   0.20751727E-17
   0.10718330E-01   0.22010857E-02   0.98708058E+00   0.22749215E-17
   0.10964942E-01   0.22517292E-02   0.98678333E+00   0.24938806E-17
   0.11217150E-01   0.23035219E-02   0.98647933E+00   0.27338953E-17
   0.11475078E-01   0.23564893E-02   0.98616843E+00   0.29969881E-17
   0.11738852E-01   0.24106571E-02   0.98585049E+00   0.32853756E-17
   0.12008600E-01   0.24660518E-02   0.98552535E+00   0.36014866E-17
   0.12284453E-01   0.25227003E-02   0.98519285E+00   0.39479832E-17
   0.12566546E-01   0.25806300E-02   0.98485282E+00   0.43277824E-17
   0.12855015E-01   0.26398692E-02   0.98450512E+00   0.47440811E-17
   0.13149999E-01   0.27004462E-02   0.98414955E+00   0.52003822E-17
   0.13451641E-01   0.27623905E-02   0.98378597E+00   0.57005247E-17
   0.13760085E-01   0.28257317E-02   0.98341418E+00   0.62487149E-17
   0.14075479E-01   0.28905003E-02   0.98303402E+00   0.68495625E-17
   0.14397976E-01   0.29567272E-02   0.98264530E+00   0.75081183E-17
   0.14727728E-01   0.30244441E-02   0.98224783E+00   0.82299168E-17
   0.15064892E-01   0.30936832E-02   0.98184142E+00   0.90210223E-17
   0.15409630E-01   0.31644775E-02   0.98142589E+00   0.98880797E-17
   0.15762103E-01   0.32368605E-02   0.98100104E+00   0.10838369E-16
   0.16122479E-01   0.33108663E-02   0.98056665E+00   0.11879869E-16
   0.16490928E-01   0.33865299E-02   0.98012254E+00   0.13021318E-16
   0.16867622E-01   0.34638867E-02   0.97966849E+00   0.14272293E-16
   0.17252739E-01   0.35429731E-02   0.97920429E+00   0.15643285E-16
   0.17646457E-01   0.36238260E-02   0.97872972E+00   0.17145788E-16
   0.18048961E-01   0.37064830E-02   0.97824456E+00   0.18792396E-16
   0.18460436E-01   0.37909825E-02   0.97774858E+00   0.20596905E-16
   0.18881075E-01   0.38773635E-02   0.97724156E+00   0.22574427E-16
   0.19311069E-01   0.39656660E-02   0.97672326E+00   0.24741520E-16
   0.19750618E-01   0.40559305E-02   0.97619345E+00   0.27116322E-16
   0.20199922E-01   0.41481983E-02   0.97565188E+00   0.29718700E-16
   0.20659187E-01   0.42425116E-02   0.97509830E+00   0.32570421E-16
   0.21128621E-01   0.43389131E-02   0.97453247E+00   0.35695323E-16
   0.21608436E-01   0.44374467E-02   0.97395412E+00   0.39119522E-16
   0.22098850E-01   0.45381568E-02   0.97336299E+00   0.42871622E-16
   0.22600083E-01   0.46410886E-02   0.97275883E+00   0.46982953E-16
   0.23112360E-01   0.47462882E-02   0.97214135E+00   0.51487829E-16
   0.23635908E-01   0.48538025E-02   0.97151029E+00   0.56423836E-16
   0.24170960E-01   0.49636793E-02   0.97086536E+00   0.61832136E-16
   0.24717753E-01   0.50759671E-02   0.97020628E+00   0.67757811E-16
   0.25276527E-01   0.51907153E-02   0.96953276E+00   0.74250232E-16
   0.25847527E-01   0.53079743E-02   0.96884450E+00   0.81363467E-16
   0.26431002E-01   0.54277951E-02   0.96814120E+00   0.89156726E-16
   0.27027206E-01   0.55502298E-02   0.96742256E+00   0.97694847E-16
   0.27636396E-01   0.56753312E-02   0.96668827E+00   0.10704883E-15
   0.28258833E-01   0.58031532E-02   0.96593801E+00   0.11729643E-15
   0.28894784E-01   0.59337502E-02   0.96517147E+00   0.12852276E-15
   0.29544518E-01   0.60671779E-02   0.96438830E+00   0.14082104E-15
   0.30208312E-01   0.62034927E-02   0.96358820E+00   0.15429332E-15
   0.30886444E-01   0.63427519E-02   0.96277080E+00   0.16905133E-15
   0.31579198E-01   0.64850138E-02   0.96193579E+00   0.18521741E-15
   0.32286861E-01   0.66303376E-02   0.96108280E+00   0.20292548E-15
   0.33009727E-01   0.67787832E-02   0.96021149E+00   0.22232214E-15
   0.33748091E-01   0.69304116E-02   0.95932150E+00   0.24356788E-15
   0.34502257E-01   0.70852849E-02   0.95841246E+00   0.26683841E-15
   0.35272528E-01   0.72434656E-02   0.95748401E+00   0.29232601E-15
   0.36059216E-01   0.74050176E-02   0.95653577E+00   0.32024118E-15
   0.36862636E-01   0.75700056E-02   0.95556736E+00   0.35081432E-15
   0.37683106E-01   0.77384950E-02   0.95457840E+00   0.38429758E-15
   0.38520951E-01   0.79105524E-02   0.95356850E+00   0.42096693E-15
   0.39376497E-01   0.80862450E-02   0.95253726E+00   0.46112440E-15
   0.40250079E-01   0.82656412E-02   0.95148428E+00   0.50510048E-15
   0.41142033E-01   0.84488103E-02   0.95040916E+00   0.55325687E-15
   0.42052699E-01   0.86358221E-02   0.94931148E+00   0.60598933E-15
   0.42982424E-01   0.88267477E-02   0.94819083E+00   0.66373090E-15
   0.43931557E-01   0.90216590E-02   0.94704678E+00   0.72695539E-15
   0.44900452E-01   0.92206286E-02   0.94587892E+00   0.79618119E-15
   0.45889469E-01   0.94237302E-02   0.94468680E+00   0.87197544E-15
   0.46898968E-01   0.96310380E-02   0.94346999E+00   0.95495859E-15
   0.47929316E-01   0.98426274E-02   0.94222806E+00   0.10458093E-14
   0.48980884E-01   0.10058574E-01   0.94096054E+00   0.11452701E-14
   0.50054047E-01   0.10278956E-01   0.93966700E+00   0.12541531E-14
   0.51149181E-01   0.10503850E-01   0.93834697E+00   0.13733463E-14
   0.52266670E-01   0.10733334E-01   0.93700000E+00   0.15038213E-14
   0.53406898E-01   0.10967488E-01   0.93562561E+00   0.16466405E-14
   0.54570255E-01   0.11206392E-01   0.93422335E+00   0.18029656E-14
   0.55757132E-01   0.11450125E-01   0.93279274E+00   0.19740672E-14
   0.56967927E-01   0.11698771E-01   0.93133330E+00   0.21613343E-14
   0.58203037E-01   0.11952409E-01   0.92984455E+00   0.23662858E-14
   0.59462864E-01   0.12211124E-01   0.92832601E+00   0.25905824E-14
   0.60747813E-01   0.12474997E-01   0.92677719E+00   0.28360394E-14
   0.62058292E-01   0.12744113E-01   0.92519759E+00   0.31046415E-14
   0.63394710E-01   0.13018556E-01   0.92358673E+00   0.33985581E-14
   0.64757479E-01   0.13298411E-01   0.92194411E+00   0.37201602E-14
   0.66147015E-01   0.13583762E-01   0.92026922E+00   0.40720395E-14
   0.67563733E-01   0.13874695E-01   0.91856157E+00   0.44570284E-14
   0.69008051E-01   0.14171296E-01   0.91682065E+00   0.48782220E-14
   0.70480389E-01   0.14473651E-01   0.91504596E+00   0.53390024E-14
   0.71981167E-01   0.14781847E-01   0.91323699E+00   0.58430653E-14
   0.73510808E-01   0.15095969E-01   0.91139322E+00   0.63944483E-14
   0.75069734E-01   0.15416106E-01   0.90951416E+00   0.69975626E-14
   0.76658368E-01   0.15742343E-01   0.90759929E+00   0.76572269E-14
   0.78277133E-01   0.16074768E-01   0.90564810E+00   0.83787048E-14
   0.79926453E-01   0.16413468E-01   0.90366008E+00   0.91677454E-14
   0.81606749E-01   0.16758529E-01   0.90163472E+00   0.10030628E-13
   0.83318445E-01   0.17110038E-01   0.89957152E+00   0.10974209E-13
   0.85061961E-01   0.17468081E-01   0.89746996E+00   0.12005976E-13
   0.86837716E-01   0.17832745E-01   0.89532954E+00   0.13134106E-13
   0.88646129E-01   0.18204116E-01   0.89314976E+00   0.14367524E-13
   0.90487614E-01   0.18582278E-01   0.89093011E+00   0.15715975E-13
   0.92362585E-01   0.18967317E-01   0.88867010E+00   0.17190096E-13
   0.94271452E-01   0.19359316E-01   0.88636923E+00   0.18801497E-13
   0.96214620E-01   0.19758360E-01   0.88402702E+00   0.20562852E-13
   0.98192495E-01   0.20164530E-01   0.88164298E+00   0.22487988E-13
   0.10020547E+00   0.20577910E-01   0.87921662E+00   0.24591996E-13
   0.10225395E+00   0.20998579E-01   0.87674747E+00   0.26891341E-13
   0.10433831E+00   0.21426617E-01   0.87423507E+00   0.29403985E-13
   0.10645894E+00   0.21862104E-01   0.87167895E+00   0.32149526E-13
   0.10861622E+00   0.22305116E-01   0.86907866E+00   0.35149337E-13
   0.11081051E+00   0.22755730E-01   0.86643376E+00   0.38426732E-13
   0.11304219E+00   0.23214021E-01   0.86374379E+00   0.42007136E-13
   0.11531160E+00   0.23680060E-01   0.86100834E+00   0.45918271E-13
   0.11761909E+00   0.24153920E-01   0.85822699E+00   0.50190368E-13
   0.11996500E+00   0.24635669E-01   0.85539933E+00   0.54856381E-13
   0.12234966E+00   0.25125376E-01   0.85252497E+00   0.59952237E-13
   0.12477339E+00   0.25623106E-01   0.84960351E+00   0.65517094E-13
   0.12723649E+00   0.26128922E-01   0.84663459E+00   0.71593629E-13
   0.12973927E+00   0.26642885E-01   0.84361785E+00   0.78228350E-13
   0.13228200E+00   0.27165054E-01   0.84055294E+00   0.85471932E-13
   0.13486497E+00   0.27695485E-01   0.83743954E+00   0.93379588E-13
   0.13748843E+00   0.28234231E-01   0.83427734E+00   0.10201146E-12
   0.14015263E+00   0.28781344E-01   0.83106603E+00   0.11143307E-12
   0.14285780E+00   0.29336869E-01   0.82780533E+00   0.12171576E-12
   0.14560415E+00   0.29900853E-01   0.82449499E+00   0.13293724E-12
   0.14839190E+00   0.30473336E-01   0.82113477E+00   0.14518212E-12
   0.15122122E+00   0.31054357E-01   0.81772442E+00   0.15854250E-12
   0.15409228E+00   0.31643950E-01   0.81426377E+00   0.17311866E-12
   0.15700524E+00   0.32242147E-01   0.81075262E+00   0.18901974E-12
   0.15996022E+00   0.32848974E-01   0.80719080E+00   0.20636453E-12
   0.16295735E+00   0.33464455E-01   0.80357820E+00   0.22528228E-12
   0.16599671E+00   0.34088610E-01   0.79991468E+00   0.24591363E-12
   0.16907838E+00   0.34721454E-01   0.79620016E+00   0.26841157E-12
   0.17220242E+00   0.35362997E-01   0.79243458E+00   0.29294253E-12
   0.17536886E+00   0.36013247E-01   0.78861790E+00   0.31968752E-12
   0.17857770E+00   0.36672206E-01   0.78475009E+00   0.34884336E-12
   0.18182894E+00   0.37339872E-01   0.78083119E+00   0.38062410E-12
   0.18512255E+00   0.38016237E-01   0.77686122E+00   0.41526240E-12
   0.18845845E+00   0.38701289E-01   0.77284026E+00   0.45301121E-12
   0.19183658E+00   0.39395012E-01   0.76876841E+00   0.49414543E-12
   0.19525682E+00   0.40097382E-01   0.76464580E+00   0.53896380E-12
   0.19871904E+00   0.40808374E-01   0.76047259E+00   0.58779095E-12
   0.20222308E+00   0.41527954E-01   0.75624897E+00   0.64097954E-12
   0.20576875E+00   0.42256083E-01   0.75197516E+00   0.69891266E-12
   0.20935585E+00   0.42992720E-01   0.74765143E+00   0.76200640E-12
   0.21298414E+00   0.43737814E-01   0.74327805E+00   0.83071260E-12
   0.21665334E+00   0.44491311E-01   0.73885535E+00   0.90552189E-12
   0.22036316E+00   0.45253149E-01   0.73438369E+00   0.98696691E-12
   0.22411328E+00   0.46023264E-01   0.72986345E+00   0.10756258E-11
   0.22790335E+00   0.46801581E-01   0.72529507E+00   0.11721262E-11
   0.23173299E+00   0.47588024E-01   0.72067899E+00   0.12771489E-11
   0.23560178E+00   0.48382508E-01   0.71601571E+00   0.13914330E-11
   0.23950929E+00   0.49184943E-01   0.71130577E+00   0.15157798E-11
   0.24345504E+00   0.49995231E-01   0.70654973E+00   0.16510588E-11
   0.24743854E+00   0.50813271E-01   0.70174819E+00   0.17982131E-11
   0.25145926E+00   0.51638955E-01   0.69690179E+00   0.19582650E-11
   0.25551664E+00   0.52472167E-01   0.69201120E+00   0.21323233E-11
   0.25961009E+00   0.53312786E-01   0.68707713E+00   0.23215897E-11
   0.26373899E+00   0.54160685E-01   0.68210032E+00   0.25273667E-11
   0.26790270E+00   0.55015732E-01   0.67708157E+00   0.27510662E-11
   0.27210053E+00   0.55877787E-01   0.67202168E+00   0.29942177E-11
   0.27633178E+00   0.56746705E-01   0.66692151E+00   0.32584785E-11
   0.28059572E+00   0.57622335E-01   0.66178195E+00   0.35456437E-11
   0.28489157E+00   0.58504519E-01   0.65660391E+00   0.38576576E-11
   0.28921854E+00   0.59393094E-01   0.65138836E+00   0.41966258E-11
   0.29357582E+00   0.60287892E-01   0.64613629E+00   0.45648281E-11
   0.29796255E+00   0.61188738E-01   0.64084871E+00   0.49647324E-11
   0.30237785E+00   0.62095451E-01   0.63552670E+00   0.53990105E-11
   0.30682082E+00   0.63007847E-01   0.63017133E+00   0.58705536E-11
   0.31129053E+00   0.63925734E-01   0.62478374E+00   0.63824904E-11
   0.31578602E+00   0.64848916E-01   0.61936506E+00   0.69382061E-11
   0.32030632E+00   0.65777191E-01   0.61391649E+00   0.75413627E-11
   0.32485042E+00   0.66710354E-01   0.60843923E+00   0.81959213E-11
   0.32941728E+00   0.67648192E-01   0.60293452E+00   0.89061655E-11
   0.33400587E+00   0.68590492E-01   0.59740364E+00   0.96767275E-11
   0.33861511E+00   0.69537031E-01   0.59184786E+00   0.10512615E-10
   0.34324390E+00   0.70487587E-01   0.58626851E+00   0.11419243E-10
   0.34789114E+00   0.71441930E-01   0.58066693E+00   0.12402461E-10
   0.35255569E+00   0.72399829E-01   0.57504448E+00   0.13468594E-10
   0.35723640E+00   0.73361046E-01   0.56940255E+00   0.14624474E-10
   0.36193211E+00   0.74325344E-01   0.56374255E+00   0.15877485E-10
   0.36664164E+00   0.75292479E-01   0.55806588E+00   0.17235600E-10
   0.37136379E+00   0.76262207E-01   0.55237400E+00   0.18707433E-10
   0.37609735E+00   0.77234278E-01   0.54666837E+00   0.20302287E-10
   0.38084111E+00   0.78208443E-01   0.54095045E+00   0.22030205E-10
   0.38559383E+00   0.79184448E-01   0.53522172E+00   0.23902032E-10
   0.39035428E+00   0.80162039E-01   0.52948368E+00   0.25929474E-10
   0.39512120E+00   0.81140960E-01   0.52373784E+00   0.28125168E-10
   0.39989333E+00   0.82120952E-01   0.51798571E+00   0.30502750E-10
   0.40466943E+00   0.83101758E-01   0.51222881E+00   0.33076935E-10
   0.40944822E+00   0.84083116E-01   0.50646867E+00   0.35863599E-10
   0.41422843E+00   0.85064767E-01   0.50070680E+00   0.38879872E-10
   0.41900880E+00   0.86046450E-01   0.49494475E+00   0.42144227E-10
   0.42378806E+00   0.87027904E-01   0.48918404E+00   0.45676592E-10
   0.42856493E+00   0.88008869E-01   0.48342620E+00   0.49498454E-10
   0.43333815E+00   0.88989085E-01   0.47767276E+00   0.53632985E-10
   0.43810647E+00   0.89968293E-01   0.47192524E+00   0.58105165E-10
   0.44286862E+00   0.90946234E-01   0.46618515E+00   0.62941923E-10
   0.44762335E+00   0.91922652E-01   0.46045400E+00   0.68172287E-10
   0.45236942E+00   0.92897292E-01   0.45473329E+00   0.73827540E-10
   0.45710560E+00   0.93869900E-01   0.44902450E+00   0.79941397E-10
   0.46183066E+00   0.94840225E-01   0.44332911E+00   0.86550182E-10
   0.46654340E+00   0.95808019E-01   0.43764858E+00   0.93693033E-10
   0.47124261E+00   0.96773036E-01   0.43198436E+00   0.10141211E-09
   0.47592711E+00   0.97735031E-01   0.42633786E+00   0.10975284E-09
   0.48059573E+00   0.98693766E-01   0.42071050E+00   0.11876412E-09
   0.48524732E+00   0.99649003E-01   0.41510368E+00   0.12849864E-09
   0.48988074E+00   0.10060051E+00   0.40951875E+00   0.13901311E-09
   0.49449488E+00   0.10154805E+00   0.40395707E+00   0.15036862E-09
   0.49908863E+00   0.10249141E+00   0.39841996E+00   0.16263093E-09
   0.50366092E+00   0.10343037E+00   0.39290871E+00   0.17587080E-09
   0.50821070E+00   0.10436470E+00   0.38742460E+00   0.19016445E-09
   0.51273693E+00   0.10529419E+00   0.38196888E+00   0.20559386E-09
   0.51723860E+00   0.10621864E+00   0.37654276E+00   0.22224731E-09
   0.52171473E+00   0.10713785E+00   0.37114743E+00   0.24021975E-09
   0.52616434E+00   0.10805161E+00   0.36578405E+00   0.25961337E-09
   0.53058652E+00   0.10895973E+00   0.36045375E+00   0.28053812E-09
   0.53498034E+00   0.10986203E+00   0.35515763E+00   0.30311227E-09
   0.53934492E+00   0.11075833E+00   0.34989675E+00   0.32746306E-09
   0.54367940E+00   0.11164845E+00   0.34467215E+00   0.35372735E-09
   0.54798297E+00   0.11253222E+00   0.33948482E+00   0.38205233E-09
   0.55225480E+00   0.11340947E+00   0.33433573E+00   0.41259629E-09
   0.55649414E+00   0.11428005E+00   0.32922581E+00   0.44552948E-09
   0.56070024E+00   0.11514380E+00   0.32415596E+00   0.48103494E-09
   0.56487238E+00   0.11600058E+00   0.31912704E+00   0.51930948E-09
   0.56900989E+00   0.11685024E+00   0.31413987E+00   0.56056471E-09
   0.57311209E+00   0.11769266E+00   0.30919525E+00   0.60502810E-09
   0.57717837E+00   0.11852770E+00   0.30429392E+00   0.65294418E-09
   0.58120814E+00   0.11935524E+00   0.29943662E+00   0.70457579E-09
   0.58520082E+00   0.12017517E+00   0.29462401E+00   0.76020547E-09
   0.58915588E+00   0.12098737E+00   0.28985675E+00   0.82013682E-09
   0.59307282E+00   0.12179174E+00   0.28513544E+00   0.88469615E-09
   0.59695115E+00   0.12258818E+00   0.28046067E+00   0.95423412E-09
   0.60079043E+00   0.12337661E+00   0.27583297E+00   0.10291275E-08
   0.60459024E+00   0.12415692E+00   0.27125284E+00   0.11097811E-08
   0.60835019E+00   0.12492906E+00   0.26672075E+00   0.11966300E-08
   0.61206993E+00   0.12569293E+00   0.26223713E+00   0.12901414E-08
   0.61574913E+00   0.12644848E+00   0.25780239E+00   0.13908174E-08
   0.61938748E+00   0.12719564E+00   0.25341688E+00   0.14991972E-08
   0.62298470E+00   0.12793436E+00   0.24908094E+00   0.16158601E-08
   0.62654056E+00   0.12866458E+00   0.24479486E+00   0.17414282E-08
   0.63005483E+00   0.12938626E+00   0.24055890E+00   0.18765700E-08
   0.63352733E+00   0.13009936E+00   0.23637331E+00   0.20220030E-08
   0.63695788E+00   0.13080385E+00   0.23223827E+00   0.21784982E-08
   0.64034635E+00   0.13149970E+00   0.22815395E+00   0.23468831E-08
   0.64369262E+00   0.13218688E+00   0.22412050E+00   0.25280466E-08
   0.64699661E+00   0.13286538E+00   0.22013801E+00   0.27229432E-08
   0.65025825E+00   0.13353518E+00   0.21620657E+00   0.29325976E-08
   0.65347749E+00   0.13419627E+00   0.21232623E+00   0.31581101E-08
   0.65665433E+00   0.13484866E+00   0.20849701E+00   0.34006621E-08
   0.65978877E+00   0.13549234E+00   0.20471889E+00   0.36615217E-08
   0.66288083E+00   0.13612731E+00   0.20099185E+00   0.39420505E-08
   0.66593057E+00   0.13675360E+00   0.19731583E+00   0.42437100E-08
   0.66893805E+00   0.13737121E+00   0.19369074E+00   0.45680693E-08
   0.67190336E+00   0.13798015E+00   0.19011648E+00   0.49168122E-08
   0.67482661E+00   0.13858047E+00   0.18659291E+00   0.52917467E-08
   0.67770794E+00   0.13917217E+00   0.18311989E+00   0.56948127E-08
   0.68054749E+00   0.13975529E+00   0.17969722E+00   0.61280928E-08
   0.68334541E+00   0.14032986E+00   0.17632472E+00   0.65938219E-08
   0.68610190E+00   0.14089593E+00   0.17300216E+00   0.70943986E-08
   0.68881716E+00   0.14145352E+00   0.16972931E+00   0.76323969E-08
   0.69149138E+00   0.14200269E+00   0.16650591E+00   0.82105792E-08
   0.69412482E+00   0.14254349E+00   0.16333169E+00   0.88319098E-08
   0.69671769E+00   0.14307595E+00   0.16020634E+00   0.94995694E-08
   0.69927027E+00   0.14360015E+00   0.15712957E+00   0.10216971E-07
   0.70178283E+00   0.14411612E+00   0.15410104E+00   0.10987778E-07
   0.70425564E+00   0.14462393E+00   0.15112043E+00   0.11815919E-07
   0.70668900E+00   0.14512363E+00   0.14818736E+00   0.12705610E-07
   0.70908321E+00   0.14561530E+00   0.14530147E+00   0.13661376E-07
   0.71143860E+00   0.14609900E+00   0.14246239E+00   0.14688068E-07
   0.71375548E+00   0.14657479E+00   0.13966972E+00   0.15790895E-07
   0.71603420E+00   0.14704274E+00   0.13692305E+00   0.16975442E-07
   0.71827510E+00   0.14750292E+00   0.13422196E+00   0.18247701E-07
   0.72047853E+00   0.14795541E+00   0.13156604E+00   0.19614102E-07
   0.72264485E+00   0.14840028E+00   0.12895485E+00   0.21081540E-07
   0.72477444E+00   0.14883761E+00   0.12638793E+00   0.22657412E-07
   0.72686766E+00   0.14926747E+00   0.12386485E+00   0.24349655E-07
   0.72892490E+00   0.14968994E+00   0.12138514E+00   0.26166780E-07
   0.73094655E+00   0.15010510E+00   0.11894833E+00   0.28117918E-07
   0.73293300E+00   0.15051303E+00   0.11655395E+00   0.30212860E-07
   0.73488464E+00   0.15091381E+00   0.11420152E+00   0.32462111E-07
   0.73680188E+00   0.15130753E+00   0.11189055E+00   0.34876938E-07
   0.73868513E+00   0.15169427E+00   0.10962056E+00   0.37469423E-07
   0.74053479E+00   0.15207411E+00   0.10739106E+00   0.40252527E-07
   0.74235128E+00   0.15244714E+00   0.10520154E+00   0.43240148E-07
   0.74413500E+00   0.15281344E+00   0.10305151E+00   0.46447193E-07
   0.74588638E+00   0.15317310E+00   0.10094047E+00   0.49889649E-07
   0.74760584E+00   0.15352620E+00   0.98867901E-01   0.53584661E-07
   0.74929380E+00   0.15387283E+00   0.96833305E-01   0.57550616E-07
   0.75095068E+00   0.15421309E+00   0.94836173E-01   0.61807230E-07
   0.75257690E+00   0.15454704E+00   0.92875995E-01   0.66375648E-07
   0.75417288E+00   0.15487479E+00   0.90952261E-01   0.71278546E-07
   0.75573905E+00   0.15519641E+00   0.89064460E-01   0.76540239E-07
   0.75727583E+00   0.15551200E+00   0.87212084E-01   0.82186802E-07
   0.75878365E+00   0.15582164E+00   0.85394622E-01   0.88246192E-07
   0.76026292E+00   0.15612542E+00   0.83611566E-01   0.94748393E-07
   0.76171407E+00   0.15642342E+00   0.81862407E-01   0.10172555E-06
   0.76313751E+00   0.15671574E+00   0.80146641E-01   0.10921214E-06
   0.76453367E+00   0.15700245E+00   0.78463763E-01   0.11724511E-06
   0.76590296E+00   0.15728364E+00   0.76813270E-01   0.12586411E-06
   0.76724580E+00   0.15755940E+00   0.75194663E-01   0.13511162E-06
   0.76856259E+00   0.15782982E+00   0.73607443E-01   0.14503321E-06
   0.76985376E+00   0.15809497E+00   0.72051116E-01   0.15567773E-06
   0.77111970E+00   0.15835494E+00   0.70525190E-01   0.16709755E-06
   0.77236083E+00   0.15860981E+00   0.69029177E-01   0.17934883E-06
   0.77357754E+00   0.15885967E+00   0.67562592E-01   0.19249178E-06
   0.77477024E+00   0.15910460E+00   0.66124951E-01   0.20659096E-06
   0.77593932E+00   0.15934468E+00   0.64715779E-01   0.22171555E-06
   0.77708517E+00   0.15957999E+00   0.63334601E-01   0.23793978E-06
   0.77820819E+00   0.15981061E+00   0.61980946E-01   0.25534318E-06
   0.77930876E+00   0.16003662E+00   0.60654350E-01   0.27401103E-06
   0.78038726E+00   0.16025810E+00   0.59354350E-01   0.29403477E-06
   0.78144407E+00   0.16047512E+00   0.58080491E-01   0.31551242E-06
   0.78247957E+00   0.16068777E+00   0.56832319E-01   0.33854904E-06
   0.78349413E+00   0.16089612E+00   0.55609387E-01   0.36325731E-06
   0.78448812E+00   0.16110024E+00   0.54411252E-01   0.38975798E-06
   0.78546190E+00   0.16130021E+00   0.53237476E-01   0.41818052E-06
   0.78641582E+00   0.16149611E+00   0.52087626E-01   0.44866371E-06
   0.78735025E+00   0.16168800E+00   0.50961275E-01   0.48135635E-06
   0.78826553E+00   0.16187596E+00   0.49857999E-01   0.51641791E-06
   0.78916201E+00   0.16206006E+00   0.48777380E-01   0.55401939E-06
   0.79004004E+00   0.16224036E+00   0.47719006E-01   0.59434406E-06
   0.79089994E+00   0.16241695E+00   0.46682469E-01   0.63758838E-06
   0.79174206E+00   0.16258989E+00   0.45667368E-01   0.68396299E-06
   0.79256672E+00   0.16275924E+00   0.44673306E-01   0.73369363E-06
   0.79337425E+00   0.16292507E+00   0.43699890E-01   0.78702231E-06
   0.79416497E+00   0.16308745E+00   0.42746736E-01   0.84420846E-06
   0.79493919E+00   0.16324644E+00   0.41813463E-01   0.90553014E-06
   0.79569723E+00   0.16340211E+00   0.40899694E-01   0.97128544E-06
   0.79643938E+00   0.16355452E+00   0.40005061E-01   0.10417939E-05
   0.79716596E+00   0.16370372E+00   0.39129198E-01   0.11173979E-05
   0.79787726E+00   0.16384979E+00   0.38271746E-01   0.11984646E-05
   0.79857358E+00   0.16399279E+00   0.37432352E-01   0.12853876E-05
   0.79925519E+00   0.16413276E+00   0.36610666E-01   0.13785885E-05
   0.79992240E+00   0.16426978E+00   0.35806347E-01   0.14785195E-05
   0.80057547E+00   0.16440389E+00   0.35019055E-01   0.15856653E-05
   0.80121468E+00   0.16453516E+00   0.34248459E-01   0.17005452E-05
   0.80184031E+00   0.16466364E+00   0.33494231E-01   0.18237159E-05
   0.80245262E+00   0.16478938E+00   0.32756049E-01   0.19557743E-05
   0.80305187E+00   0.16491244E+00   0.32033597E-01   0.20973599E-05
   0.80363832E+00   0.16503287E+00   0.31326562E-01   0.22491583E-05
   0.80421223E+00   0.16515072E+00   0.30634638E-01   0.24119044E-05
   0.80477383E+00   0.16526606E+00   0.29957525E-01   0.25863858E-05
   0.80532339E+00   0.16537891E+00   0.29294924E-01   0.27734465E-05
   0.80586114E+00   0.16548934E+00   0.28646546E-01   0.29739915E-05
   0.80638731E+00   0.16559739E+00   0.28012104E-01   0.31889905E-05
   0.80690214E+00   0.16570312E+00   0.27391316E-01   0.34194830E-05
   0.80740587E+00   0.16580656E+00   0.26783907E-01   0.36665829E-05
   0.80789870E+00   0.16590777E+00   0.26189604E-01   0.39314843E-05
   0.80838086E+00   0.16600678E+00   0.25608140E-01   0.42154669E-05
   0.80885257E+00   0.16610365E+00   0.25039253E-01   0.45199025E-05
   0.80931405E+00   0.16619842E+00   0.24482686E-01   0.48462610E-05
   0.80976549E+00   0.16629113E+00   0.23938186E-01   0.51961182E-05
   0.81020711E+00   0.16638182E+00   0.23405505E-01   0.55711626E-05
   0.81063910E+00   0.16647053E+00   0.22884399E-01   0.59732042E-05
   0.81106166E+00   0.16655731E+00   0.22374628E-01   0.64041828E-05
   0.81147499E+00   0.16664219E+00   0.21875958E-01   0.68661773E-05
   0.81187927E+00   0.16672521E+00   0.21388158E-01   0.73614160E-05
   0.81227470E+00   0.16680641E+00   0.20911002E-01   0.78922868E-05
   0.81266144E+00   0.16688583E+00   0.20444268E-01   0.84613492E-05
   0.81303968E+00   0.16696351E+00   0.19987738E-01   0.90713461E-05
   0.81340960E+00   0.16703947E+00   0.19541198E-01   0.97252175E-05
   0.81377137E+00   0.16711376E+00   0.19104439E-01   0.10426114E-04
   0.81412515E+00   0.16718642E+00   0.18677255E-01   0.11177412E-04
   0.81447111E+00   0.16725746E+00   0.18259444E-01   0.11982731E-04
   0.81480941E+00   0.16732693E+00   0.17850808E-01   0.12845949E-04
   0.81514021E+00   0.16739486E+00   0.17451154E-01   0.13771222E-04
   0.81546366E+00   0.16746129E+00   0.17060291E-01   0.14763007E-04
   0.81577991E+00   0.16752623E+00   0.16678033E-01   0.15826076E-04
   0.81608911E+00   0.16758973E+00   0.16304196E-01   0.16965546E-04
   0.81639140E+00   0.16765181E+00   0.15938602E-01   0.18186902E-04
   0.81668693E+00   0.16771250E+00   0.15581074E-01   0.19496019E-04
   0.81697584E+00   0.16777182E+00   0.15231441E-01   0.20899195E-04
   0.81725825E+00   0.16782982E+00   0.14889533E-01   0.22403181E-04
   0.81753429E+00   0.16788651E+00   0.14555185E-01   0.24015210E-04
   0.81780411E+00   0.16794191E+00   0.14228235E-01   0.25743034E-04
   0.81806781E+00   0.16799607E+00   0.13908524E-01   0.27594961E-04
   0.81832553E+00   0.16804899E+00   0.13595896E-01   0.29579894E-04
   0.81857738E+00   0.16810071E+00   0.13290198E-01   0.31707374E-04
   0.81882348E+00   0.16815125E+00   0.12991282E-01   0.33987628E-04
   0.81906394E+00   0.16820063E+00   0.12698999E-01   0.36431613E-04
   0.81929887E+00   0.16824887E+00   0.12413208E-01   0.39051074E-04
   0.81952837E+00   0.16829600E+00   0.12133767E-01   0.41858595E-04
   0.81975255E+00   0.16834204E+00   0.11860539E-01   0.44867664E-04
   0.81997151E+00   0.16838701E+00   0.11593389E-01   0.48092735E-04
   0.82018535E+00   0.16843092E+00   0.11332185E-01   0.51549298E-04
   0.82039415E+00   0.16847380E+00   0.11076797E-01   0.55253950E-04
   0.82059801E+00   0.16851566E+00   0.10827098E-01   0.59224481E-04
   0.82079702E+00   0.16855653E+00   0.10582966E-01   0.63479955E-04
   0.82099126E+00   0.16859642E+00   0.10344277E-01   0.68040798E-04
   0.82118081E+00   0.16863535E+00   0.10110913E-01   0.72928904E-04
   0.82136575E+00   0.16867332E+00   0.98827583E-02   0.78167733E-04
   0.82154615E+00   0.16871037E+00   0.96596978E-02   0.83782424E-04
   0.82172208E+00   0.16874650E+00   0.94416201E-02   0.89799919E-04
   0.82189361E+00   0.16878172E+00   0.92284159E-02   0.96249087E-04
   0.82206080E+00   0.16881606E+00   0.90199782E-02   0.10316087E-03
   0.82222372E+00   0.16884951E+00   0.88162021E-02   0.11056841E-03
   0.82238241E+00   0.16888210E+00   0.86169850E-02   0.11850725E-03
   0.82253693E+00   0.16891383E+00   0.84222265E-02   0.12701545E-03
   0.82268732E+00   0.16894472E+00   0.82318284E-02   0.13613380E-03
   0.82283364E+00   0.16897476E+00   0.80456944E-02   0.14590603E-03
   0.82297591E+00   0.16900398E+00   0.78637303E-02   0.15637897E-03
   0.82311418E+00   0.16903238E+00   0.76858439E-02   0.16760283E-03
   0.82324847E+00   0.16905995E+00   0.75119450E-02   0.17963138E-03
   0.82337881E+00   0.16908672E+00   0.73419453E-02   0.19252228E-03
   0.82350522E+00   0.16911268E+00   0.71757583E-02   0.20633728E-03
   0.82362772E+00   0.16913784E+00   0.70132996E-02   0.22114256E-03
   0.82374632E+00   0.16916219E+00   0.68544863E-02   0.23700903E-03
   0.82386101E+00   0.16918574E+00   0.66992373E-02   0.25401267E-03
   0.82397180E+00   0.16920849E+00   0.65474735E-02   0.27223491E-03
   0.82407868E+00   0.16923044E+00   0.63991173E-02   0.29176297E-03
   0.82418163E+00   0.16925159E+00   0.62540927E-02   0.31269033E-03
   0.82428064E+00   0.16927192E+00   0.61123255E-02   0.33511715E-03
   0.82437567E+00   0.16929143E+00   0.59737430E-02   0.35915073E-03
   0.82446670E+00   0.16931012E+00   0.58382740E-02   0.38490605E-03
   0.82455366E+00   0.16932798E+00   0.57058489E-02   0.41250629E-03
   0.82463652E+00   0.16934500E+00   0.55763997E-02   0.44208343E-03
   0.82471520E+00   0.16936116E+00   0.54498598E-02   0.47377889E-03
   0.82478965E+00   0.16937645E+00   0.53261638E-02   0.50774416E-03
   0.82485977E+00   0.16939084E+00   0.52052480E-02   0.54414155E-03
   0.82492547E+00   0.16940434E+00   0.50870500E-02   0.58314494E-03
   0.82498665E+00   0.16941690E+00   0.49715087E-02   0.62494061E-03
   0.82504319E+00   0.16942851E+00   0.48585644E-02   0.66972813E-03
   0.82509497E+00   0.16943915E+00   0.47481585E-02   0.71772129E-03
   0.82514185E+00   0.16944877E+00   0.46402338E-02   0.76914909E-03
   0.82518365E+00   0.16945736E+00   0.45347345E-02   0.82425684E-03
   0.82522022E+00   0.16946487E+00   0.44316055E-02   0.88330734E-03
   0.82525136E+00   0.16947126E+00   0.43307935E-02   0.94658203E-03
   0.82527687E+00   0.16947650E+00   0.42322459E-02   0.10143824E-02
   0.82529652E+00   0.16948054E+00   0.41359113E-02   0.10870314E-02
   0.82531007E+00   0.16948332E+00   0.40417397E-02   0.11648748E-02
   0.82531724E+00   0.16948479E+00   0.39496818E-02   0.12482830E-02
   0.82531776E+00   0.16948490E+00   0.38596895E-02   0.13376526E-02
   0.82531130E+00   0.16948357E+00   0.37717158E-02   0.14334085E-02
   0.82529754E+00   0.16948074E+00   0.36857146E-02   0.15360055E-02
   0.82527609E+00   0.16947634E+00   0.36016409E-02   0.16459306E-02
   0.82524657E+00   0.16947028E+00   0.35194505E-02   0.17637052E-02
   0.82520854E+00   0.16946247E+00   0.34391003E-02   0.18898878E-02
   0.82516156E+00   0.16945282E+00   0.33605480E-02   0.20250760E-02
   0.82510511E+00   0.16944123E+00   0.32837522E-02   0.21699096E-02
   0.82503867E+00   0.16942758E+00   0.32086726E-02   0.23250736E-02
   0.82496166E+00   0.16941177E+00   0.31352693E-02   0.24913009E-02
   0.82487346E+00   0.16939366E+00   0.30635037E-02   0.26693762E-02
   0.82477341E+00   0.16937311E+00   0.29933377E-02   0.28601390E-02
   0.82466079E+00   0.16934998E+00   0.29247342E-02   0.30644876E-02
   0.82453484E+00   0.16932412E+00   0.28576567E-02   0.32833831E-02
   0.82439473E+00   0.16929535E+00   0.27920696E-02   0.35178538E-02
   0.82423958E+00   0.16926348E+00   0.27279380E-02   0.37689994E-02
   0.82406844E+00   0.16922834E+00   0.26652276E-02   0.40379963E-02
   0.82388029E+00   0.16918970E+00   0.26039049E-02   0.43261023E-02
   0.82367405E+00   0.16914735E+00   0.25439372E-02   0.46346622E-02
   0.82344855E+00   0.16910104E+00   0.24852922E-02   0.49651137E-02
   0.82320255E+00   0.16905052E+00   0.24279385E-02   0.53189935E-02
   0.82293469E+00   0.16899552E+00   0.23718452E-02   0.56979438E-02
   0.82264357E+00   0.16893573E+00   0.23169820E-02   0.61037189E-02
   0.82232763E+00   0.16887085E+00   0.22633193E-02   0.65381929E-02
   0.82198526E+00   0.16880054E+00   0.22108280E-02   0.70033674E-02
   0.82161470E+00   0.16872445E+00   0.21594797E-02   0.75013790E-02
   0.82121407E+00   0.16864218E+00   0.21092463E-02   0.80345086E-02
   0.82078139E+00   0.16855332E+00   0.20601005E-02   0.86051901E-02
   0.82031452E+00   0.16845745E+00   0.20120154E-02   0.92160197E-02
   0.81981119E+00   0.16835408E+00   0.19649646E-02   0.98697663E-02
   0.81926896E+00   0.16824273E+00   0.19189222E-02   0.10569381E-01
   0.81868526E+00   0.16812287E+00   0.18738630E-02   0.11318010E-01
   0.81805732E+00   0.16799391E+00   0.18297619E-02   0.12119002E-01
   0.81738221E+00   0.16785527E+00   0.17865946E-02   0.12975925E-01
   0.81665678E+00   0.16770630E+00   0.17443371E-02   0.13892575E-01
   0.81587773E+00   0.16754632E+00   0.17029657E-02   0.14872990E-01
   0.81504149E+00   0.16737459E+00   0.16624574E-02   0.15921462E-01
   0.81414431E+00   0.16719035E+00   0.16227895E-02   0.17042553E-01
   0.81318218E+00   0.16699277E+00   0.15839397E-02   0.18241105E-01
   0.81215087E+00   0.16678098E+00   0.15458861E-02   0.19522258E-01
   0.81104587E+00   0.16655406E+00   0.15086073E-02   0.20891459E-01
   0.80986241E+00   0.16631103E+00   0.14720820E-02   0.22354483E-01
   0.80859542E+00   0.16605085E+00   0.14362897E-02   0.23917440E-01
   0.80723958E+00   0.16577241E+00   0.14012099E-02   0.25586795E-01
   0.80578923E+00   0.16547457E+00   0.13668227E-02   0.27369378E-01
   0.80423839E+00   0.16515610E+00   0.13331086E-02   0.29272399E-01
   0.80258080E+00   0.16481570E+00   0.13000483E-02   0.31303457E-01
   0.80080981E+00   0.16445201E+00   0.12676229E-02   0.33470558E-01
   0.79891846E+00   0.16406361E+00   0.12358141E-02   0.35782119E-01
   0.79689943E+00   0.16364899E+00   0.12046037E-02   0.38246980E-01
   0.79474505E+00   0.16320657E+00   0.11739741E-02   0.40874409E-01
   0.79244727E+00   0.16273471E+00   0.11439079E-02   0.43674110E-01
   0.78999772E+00   0.16223167E+00   0.11143882E-02   0.46656221E-01
   0.78738762E+00   0.16169567E+00   0.10853985E-02   0.49831313E-01
   0.78460786E+00   0.16112483E+00   0.10569229E-02   0.53210389E-01
   0.78164898E+00   0.16051720E+00   0.10289455E-02   0.56804871E-01
   0.77850118E+00   0.15987078E+00   0.10014514E-02   0.60626586E-01
   0.77515434E+00   0.15918348E+00   0.97442583E-03   0.64687751E-01
   0.77159804E+00   0.15845317E+00   0.94785457E-03   0.69000941E-01
   0.76782157E+00   0.15767764E+00   0.92172400E-03   0.73579060E-01
   0.76381401E+00   0.15685466E+00   0.89602102E-03   0.78435303E-01
   0.75956422E+00   0.15598194E+00   0.87073312E-03   0.83583103E-01
   0.75506092E+00   0.15505715E+00   0.84584843E-03   0.89036076E-01
   0.75029272E+00   0.15407797E+00   0.82135570E-03   0.94807955E-01
   0.74524820E+00   0.15304204E+00   0.79724439E-03   0.10091251E+00
   0.73991599E+00   0.15194703E+00   0.77350467E-03   0.10736347E+00
   0.73428484E+00   0.15079064E+00   0.75012749E-03   0.11417439E+00
   0.72834371E+00   0.14957058E+00   0.72710458E-03   0.12135860E+00
   0.72208189E+00   0.14828467E+00   0.70442854E-03   0.12892901E+00
   0.71548907E+00   0.14693079E+00   0.68209284E-03   0.13689804E+00
   0.70855554E+00   0.14550694E+00   0.66009185E-03   0.14527743E+00
   0.70127222E+00   0.14401126E+00   0.63842090E-03   0.15407810E+00
   0.69363088E+00   0.14244206E+00   0.61707631E-03   0.16330999E+00
   0.68562426E+00   0.14079784E+00   0.59605539E-03   0.17298185E+00
   0.67724620E+00   0.13907734E+00   0.57535648E-03   0.18310110E+00
   0.66849182E+00   0.13727957E+00   0.55497896E-03   0.19367364E+00
   0.65935766E+00   0.13540381E+00   0.53492325E-03   0.20470361E+00
   0.64984187E+00   0.13344967E+00   0.51519080E-03   0.21619327E+00
   0.63994432E+00   0.13141714E+00   0.49578409E-03   0.22814276E+00
   0.62966676E+00   0.12930657E+00   0.47670659E-03   0.24054996E+00
   0.61901297E+00   0.12711874E+00   0.45796272E-03   0.25341033E+00
   0.60798888E+00   0.12485486E+00   0.43955781E-03   0.26671671E+00
   0.59660263E+00   0.12251661E+00   0.42149800E-03   0.28045926E+00
   0.58486473E+00   0.12010615E+00   0.40379020E-03   0.29462533E+00
   0.57278805E+00   0.11762612E+00   0.38644197E-03   0.30919939E+00
   0.56038788E+00   0.11507965E+00   0.36946139E-03   0.32416300E+00
   0.54768193E+00   0.11247040E+00   0.35285699E-03   0.33949482E+00
   0.53469027E+00   0.10980247E+00   0.33663757E-03   0.35517063E+00
   0.52143528E+00   0.10708046E+00   0.32081207E-03   0.37116345E+00
   0.50794153E+00   0.10430942E+00   0.30538944E-03   0.38744366E+00
   0.49423566E+00   0.10149482E+00   0.29037843E-03   0.40397914E+00
   0.48034615E+00   0.98642513E-01   0.27578750E-03   0.42073555E+00
   0.46630315E+00   0.95758683E-01   0.26162462E-03   0.43767654E+00
   0.45213821E+00   0.92849811E-01   0.24789710E-03   0.45476408E+00
   0.43788401E+00   0.89922609E-01   0.23461151E-03   0.47195877E+00
   0.42357407E+00   0.86983961E-01   0.22177347E-03   0.48922020E+00
   0.40924245E+00   0.84040860E-01   0.20938757E-03   0.50650731E+00
   0.39492339E+00   0.81100339E-01   0.19745724E-03   0.52377881E+00
   0.38065103E+00   0.78169408E-01   0.18598469E-03   0.54099358E+00
   0.36645905E+00   0.75254983E-01   0.17497082E-03   0.55811100E+00
   0.35238037E+00   0.72363826E-01   0.16441517E-03   0.57509139E+00
   0.33844685E+00   0.69502478E-01   0.15431589E-03   0.59189636E+00
   0.32468901E+00   0.66677208E-01   0.14466975E-03   0.60848911E+00
   0.31113578E+00   0.63893955E-01   0.13547217E-03   0.62483479E+00
   0.29781426E+00   0.61158286E-01   0.12671722E-03   0.64090074E+00
   0.28474956E+00   0.58475356E-01   0.11839768E-03   0.65665669E+00
   0.27196462E+00   0.55849876E-01   0.11050515E-03   0.67207500E+00
   0.25948009E+00   0.53286090E-01   0.10303011E-03   0.68713079E+00
   0.24731428E+00   0.50787755E-01   0.95962001E-04   0.70180200E+00
   0.23548309E+00   0.48358135E-01   0.89289382E-04   0.71606948E+00
   0.22400000E+00   0.46000000E-01   0.83000000E-04   0.72991700E+00
