   1.000000E+000   1.000000E+000   1.000000E+000   1.000000E+000   1.000000E+000   1.000000E+000
   9.999997E-001   9.999997E-001   9.999997E-001   9.999997E-001   9.999997E-001   9.999997E-001
   9.999994E-001   9.999994E-001   9.999994E-001   9.999994E-001   9.999994E-001   9.999994E-001
   9.999992E-001   9.999992E-001   9.999992E-001   9.999992E-001   9.999992E-001   9.999992E-001
   9.999990E-001   9.999990E-001   9.999990E-001   9.999990E-001   9.999989E-001   9.999989E-001
   9.999987E-001   9.999987E-001   9.999987E-001   9.999987E-001   9.999987E-001   9.999987E-001
   9.999985E-001   9.999985E-001   9.999985E-001   9.999985E-001   9.999985E-001   9.999984E-001
   9.999983E-001   9.999983E-001   9.999983E-001   9.999983E-001   9.999983E-001   9.999982E-001
   9.999981E-001   9.999981E-001   9.999981E-001   9.999981E-001   9.999981E-001   9.999980E-001
   9.999979E-001   9.999979E-001   9.999979E-001   9.999979E-001   9.999979E-001   9.999978E-001
   9.999977E-001   9.999977E-001   9.999977E-001   9.999977E-001   9.999977E-001   9.999976E-001
   9.999976E-001   9.999976E-001   9.999976E-001   9.999976E-001   9.999975E-001   9.999974E-001
   9.999974E-001   9.999974E-001   9.999974E-001   9.999974E-001   9.999973E-001   9.999973E-001
   9.999972E-001   9.999972E-001   9.999972E-001   9.999972E-001   9.999972E-001   9.999971E-001
   9.999970E-001   9.999970E-001   9.999970E-001   9.999970E-001   9.999970E-001   9.999969E-001
   9.999969E-001   9.999969E-001   9.999969E-001   9.999969E-001   9.999968E-001   9.999967E-001
   9.999967E-001   9.999967E-001   9.999967E-001   9.999967E-001   9.999966E-001   9.999965E-001
   9.999965E-001   9.999965E-001   9.999965E-001   9.999965E-001   9.999964E-001   9.999963E-001
   9.999963E-001   9.999963E-001   9.999963E-001   9.999963E-001   9.999963E-001   9.999961E-001
   9.999962E-001   9.999962E-001   9.999962E-001   9.999962E-001   9.999961E-001   9.999960E-001
   9.999960E-001   9.999960E-001   9.999960E-001   9.999960E-001   9.999959E-001   9.999958E-001
   9.999958E-001   9.999958E-001   9.999958E-001   9.999958E-001   9.999957E-001   9.999956E-001
   9.999956E-001   9.999956E-001   9.999956E-001   9.999956E-001   9.999955E-001   9.999954E-001
   9.999954E-001   9.999954E-001   9.999954E-001   9.999954E-001   9.999953E-001   9.999952E-001
   9.999952E-001   9.999952E-001   9.999952E-001   9.999952E-001   9.999951E-001   9.999949E-001
   9.999950E-001   9.999950E-001   9.999950E-001   9.999950E-001   9.999949E-001   9.999947E-001
   9.999948E-001   9.999948E-001   9.999948E-001   9.999948E-001   9.999947E-001   9.999945E-001
   9.999946E-001   9.999946E-001   9.999946E-001   9.999946E-001   9.999945E-001   9.999943E-001
   9.999944E-001   9.999944E-001   9.999944E-001   9.999944E-001   9.999943E-001   9.999940E-001
   9.999942E-001   9.999942E-001   9.999942E-001   9.999942E-001   9.999940E-001   9.999938E-001
   9.999940E-001   9.999940E-001   9.999940E-001   9.999939E-001   9.999938E-001   9.999935E-001
   9.999937E-001   9.999937E-001   9.999937E-001   9.999937E-001   9.999935E-001   9.999933E-001
   9.999935E-001   9.999935E-001   9.999935E-001   9.999934E-001   9.999933E-001   9.999930E-001
   9.999932E-001   9.999932E-001   9.999932E-001   9.999932E-001   9.999930E-001   9.999927E-001
   9.999930E-001   9.999930E-001   9.999930E-001   9.999929E-001   9.999927E-001   9.999924E-001
   9.999927E-001   9.999927E-001   9.999927E-001   9.999927E-001   9.999924E-001   9.999921E-001
   9.999924E-001   9.999924E-001   9.999924E-001   9.999924E-001   9.999921E-001   9.999918E-001
   9.999921E-001   9.999921E-001   9.999921E-001   9.999921E-001   9.999918E-001   9.999914E-001
   9.999918E-001   9.999918E-001   9.999918E-001   9.999918E-001   9.999915E-001   9.999911E-001
   9.999915E-001   9.999915E-001   9.999915E-001   9.999915E-001   9.999912E-001   9.999907E-001
   9.999912E-001   9.999912E-001   9.999912E-001   9.999911E-001   9.999908E-001   9.999903E-001
   9.999908E-001   9.999908E-001   9.999908E-001   9.999908E-001   9.999905E-001   9.999900E-001
   9.999905E-001   9.999905E-001   9.999905E-001   9.999904E-001   9.999901E-001   9.999895E-001
   9.999901E-001   9.999901E-001   9.999901E-001   9.999901E-001   9.999897E-001   9.999891E-001
   9.999898E-001   9.999898E-001   9.999898E-001   9.999897E-001   9.999893E-001   9.999887E-001
   9.999894E-001   9.999894E-001   9.999894E-001   9.999893E-001   9.999889E-001   9.999882E-001
   9.999890E-001   9.999890E-001   9.999890E-001   9.999889E-001   9.999885E-001   9.999877E-001
   9.999886E-001   9.999886E-001   9.999886E-001   9.999885E-001   9.999880E-001   9.999872E-001
   9.999881E-001   9.999881E-001   9.999881E-001   9.999880E-001   9.999875E-001   9.999867E-001
   9.999877E-001   9.999877E-001   9.999877E-001   9.999876E-001   9.999871E-001   9.999861E-001
   9.999872E-001   9.999872E-001   9.999872E-001   9.999871E-001   9.999865E-001   9.999856E-001
   9.999867E-001   9.999867E-001   9.999867E-001   9.999866E-001   9.999860E-001   9.999849E-001
   9.999862E-001   9.999862E-001   9.999862E-001   9.999861E-001   9.999855E-001   9.999843E-001
   9.999857E-001   9.999857E-001   9.999857E-001   9.999856E-001   9.999849E-001   9.999837E-001
   9.999852E-001   9.999852E-001   9.999852E-001   9.999851E-001   9.999843E-001   9.999830E-001
   9.999846E-001   9.999846E-001   9.999846E-001   9.999845E-001   9.999837E-001   9.999822E-001
   9.999841E-001   9.999841E-001   9.999840E-001   9.999839E-001   9.999830E-001   9.999815E-001
   9.999835E-001   9.999835E-001   9.999834E-001   9.999833E-001   9.999823E-001   9.999807E-001
   9.999828E-001   9.999828E-001   9.999828E-001   9.999827E-001   9.999816E-001   9.999799E-001
   9.999822E-001   9.999822E-001   9.999822E-001   9.999820E-001   9.999809E-001   9.999790E-001
   9.999815E-001   9.999815E-001   9.999815E-001   9.999813E-001   9.999801E-001   9.999781E-001
   9.999808E-001   9.999808E-001   9.999808E-001   9.999806E-001   9.999793E-001   9.999772E-001
   9.999801E-001   9.999801E-001   9.999801E-001   9.999799E-001   9.999785E-001   9.999762E-001
   9.999794E-001   9.999794E-001   9.999793E-001   9.999791E-001   9.999776E-001   9.999751E-001
   9.999786E-001   9.999786E-001   9.999785E-001   9.999783E-001   9.999767E-001   9.999740E-001
   9.999778E-001   9.999778E-001   9.999777E-001   9.999775E-001   9.999758E-001   9.999729E-001
   9.999769E-001   9.999769E-001   9.999769E-001   9.999766E-001   9.999748E-001   9.999717E-001
   9.999761E-001   9.999761E-001   9.999760E-001   9.999757E-001   9.999738E-001   9.999704E-001
   9.999752E-001   9.999752E-001   9.999751E-001   9.999748E-001   9.999727E-001   9.999691E-001
   9.999742E-001   9.999742E-001   9.999742E-001   9.999738E-001   9.999716E-001   9.999677E-001
   9.999733E-001   9.999733E-001   9.999732E-001   9.999729E-001   9.999704E-001   9.999662E-001
   9.999723E-001   9.999723E-001   9.999722E-001   9.999718E-001   9.999692E-001   9.999647E-001
   9.999712E-001   9.999712E-001   9.999712E-001   9.999707E-001   9.999679E-001   9.999631E-001
   9.999702E-001   9.999702E-001   9.999701E-001   9.999696E-001   9.999666E-001   9.999614E-001
   9.999690E-001   9.999690E-001   9.999690E-001   9.999685E-001   9.999652E-001   9.999596E-001
   9.999679E-001   9.999679E-001   9.999678E-001   9.999673E-001   9.999637E-001   9.999577E-001
   9.999667E-001   9.999667E-001   9.999666E-001   9.999660E-001   9.999622E-001   9.999557E-001
   9.999654E-001   9.999654E-001   9.999653E-001   9.999647E-001   9.999606E-001   9.999536E-001
   9.999641E-001   9.999641E-001   9.999640E-001   9.999634E-001   9.999590E-001   9.999514E-001
   9.999628E-001   9.999628E-001   9.999627E-001   9.999619E-001   9.999572E-001   9.999491E-001
   9.999614E-001   9.999614E-001   9.999613E-001   9.999605E-001   9.999554E-001   9.999467E-001
   9.999599E-001   9.999599E-001   9.999598E-001   9.999590E-001   9.999535E-001   9.999441E-001
   9.999584E-001   9.999584E-001   9.999583E-001   9.999574E-001   9.999515E-001   9.999414E-001
   9.999569E-001   9.999569E-001   9.999567E-001   9.999558E-001   9.999494E-001   9.999385E-001
   9.999552E-001   9.999552E-001   9.999551E-001   9.999540E-001   9.999472E-001   9.999355E-001
   9.999536E-001   9.999536E-001   9.999534E-001   9.999523E-001   9.999449E-001   9.999323E-001
   9.999518E-001   9.999518E-001   9.999516E-001   9.999504E-001   9.999425E-001   9.999290E-001
   9.999500E-001   9.999500E-001   9.999498E-001   9.999485E-001   9.999400E-001   9.999254E-001
   9.999481E-001   9.999481E-001   9.999479E-001   9.999465E-001   9.999374E-001   9.999217E-001
   9.999462E-001   9.999462E-001   9.999460E-001   9.999445E-001   9.999346E-001   9.999177E-001
   9.999442E-001   9.999442E-001   9.999439E-001   9.999423E-001   9.999317E-001   9.999135E-001
   9.999421E-001   9.999421E-001   9.999418E-001   9.999401E-001   9.999287E-001   9.999091E-001
   9.999399E-001   9.999399E-001   9.999396E-001   9.999378E-001   9.999255E-001   9.999044E-001
   9.999376E-001   9.999376E-001   9.999373E-001   9.999353E-001   9.999221E-001   9.998994E-001
   9.999353E-001   9.999353E-001   9.999350E-001   9.999328E-001   9.999186E-001   9.998942E-001
   9.999329E-001   9.999329E-001   9.999325E-001   9.999302E-001   9.999149E-001   9.998886E-001
   9.999303E-001   9.999303E-001   9.999300E-001   9.999275E-001   9.999110E-001   9.998827E-001
   9.999277E-001   9.999277E-001   9.999273E-001   9.999246E-001   9.999069E-001   9.998764E-001
   9.999250E-001   9.999250E-001   9.999246E-001   9.999217E-001   9.999026E-001   9.998698E-001
   9.999222E-001   9.999222E-001   9.999218E-001   9.999186E-001   9.998981E-001   9.998628E-001
   9.999193E-001   9.999193E-001   9.999188E-001   9.999154E-001   9.998933E-001   9.998553E-001
   9.999163E-001   9.999162E-001   9.999157E-001   9.999121E-001   9.998883E-001   9.998474E-001
   9.999131E-001   9.999131E-001   9.999126E-001   9.999087E-001   9.998831E-001   9.998390E-001
   9.999099E-001   9.999098E-001   9.999093E-001   9.999051E-001   9.998775E-001   9.998301E-001
   9.999065E-001   9.999065E-001   9.999058E-001   9.999013E-001   9.998716E-001   9.998206E-001
   9.999030E-001   9.999030E-001   9.999023E-001   9.998974E-001   9.998655E-001   9.998105E-001
   9.998993E-001   9.998993E-001   9.998986E-001   9.998933E-001   9.998590E-001   9.997998E-001
   9.998955E-001   9.998955E-001   9.998948E-001   9.998891E-001   9.998521E-001   9.997884E-001
   9.998916E-001   9.998916E-001   9.998908E-001   9.998847E-001   9.998449E-001   9.997763E-001
   9.998876E-001   9.998876E-001   9.998866E-001   9.998801E-001   9.998372E-001   9.997635E-001
   9.998833E-001   9.998833E-001   9.998824E-001   9.998753E-001   9.998292E-001   9.997498E-001
   9.998790E-001   9.998790E-001   9.998779E-001   9.998703E-001   9.998207E-001   9.997352E-001
   9.998744E-001   9.998744E-001   9.998733E-001   9.998651E-001   9.998117E-001   9.997197E-001
   9.998697E-001   9.998697E-001   9.998685E-001   9.998597E-001   9.998022E-001   9.997031E-001
   9.998648E-001   9.998648E-001   9.998635E-001   9.998541E-001   9.997921E-001   9.996855E-001
   9.998598E-001   9.998598E-001   9.998583E-001   9.998482E-001   9.997815E-001   9.996667E-001
   9.998545E-001   9.998545E-001   9.998530E-001   9.998420E-001   9.997703E-001   9.996467E-001
   9.998491E-001   9.998490E-001   9.998474E-001   9.998356E-001   9.997584E-001   9.996254E-001
   9.998434E-001   9.998434E-001   9.998416E-001   9.998289E-001   9.997458E-001   9.996027E-001
   9.998375E-001   9.998375E-001   9.998356E-001   9.998220E-001   9.997324E-001   9.995784E-001
   9.998314E-001   9.998314E-001   9.998294E-001   9.998147E-001   9.997183E-001   9.995525E-001
   9.998251E-001   9.998251E-001   9.998229E-001   9.998071E-001   9.997034E-001   9.995249E-001
   9.998186E-001   9.998185E-001   9.998162E-001   9.997992E-001   9.996875E-001   9.994954E-001
   9.998118E-001   9.998117E-001   9.998092E-001   9.997909E-001   9.996707E-001   9.994639E-001
   9.998047E-001   9.998047E-001   9.998019E-001   9.997822E-001   9.996529E-001   9.994303E-001
   9.997974E-001   9.997974E-001   9.997944E-001   9.997732E-001   9.996340E-001   9.993944E-001
   9.997898E-001   9.997898E-001   9.997866E-001   9.997637E-001   9.996139E-001   9.993560E-001
   9.997819E-001   9.997819E-001   9.997785E-001   9.997539E-001   9.995926E-001   9.993150E-001
   9.997738E-001   9.997737E-001   9.997700E-001   9.997436E-001   9.995699E-001   9.992712E-001
   9.997653E-001   9.997652E-001   9.997613E-001   9.997328E-001   9.995459E-001   9.992244E-001
   9.997565E-001   9.997564E-001   9.997522E-001   9.997215E-001   9.995204E-001   9.991743E-001
   9.997474E-001   9.997473E-001   9.997427E-001   9.997097E-001   9.994932E-001   9.991207E-001
   9.997379E-001   9.997379E-001   9.997329E-001   9.996974E-001   9.994644E-001   9.990634E-001
   9.997281E-001   9.997280E-001   9.997227E-001   9.996845E-001   9.994337E-001   9.990022E-001
   9.997179E-001   9.997179E-001   9.997122E-001   9.996710E-001   9.994010E-001   9.989366E-001
   9.997074E-001   9.997073E-001   9.997012E-001   9.996568E-001   9.993663E-001   9.988664E-001
   9.996964E-001   9.996963E-001   9.996897E-001   9.996420E-001   9.993293E-001   9.987913E-001
   9.996850E-001   9.996850E-001   9.996779E-001   9.996265E-001   9.992899E-001   9.987108E-001
   9.996733E-001   9.996732E-001   9.996655E-001   9.996103E-001   9.992480E-001   9.986247E-001
   9.996610E-001   9.996610E-001   9.996527E-001   9.995932E-001   9.992033E-001   9.985325E-001
   9.996484E-001   9.996483E-001   9.996394E-001   9.995754E-001   9.991557E-001   9.984338E-001
   9.996352E-001   9.996351E-001   9.996256E-001   9.995567E-001   9.991050E-001   9.983280E-001
   9.996216E-001   9.996215E-001   9.996112E-001   9.995370E-001   9.990509E-001   9.982147E-001
   9.996074E-001   9.996073E-001   9.995962E-001   9.995164E-001   9.989932E-001   9.980933E-001
   9.995927E-001   9.995926E-001   9.995807E-001   9.994948E-001   9.989317E-001   9.979632E-001
   9.995775E-001   9.995774E-001   9.995646E-001   9.994721E-001   9.988661E-001   9.978238E-001
   9.995617E-001   9.995616E-001   9.995478E-001   9.994483E-001   9.987961E-001   9.976744E-001
   9.995454E-001   9.995452E-001   9.995304E-001   9.994233E-001   9.987213E-001   9.975143E-001
   9.995284E-001   9.995282E-001   9.995122E-001   9.993970E-001   9.986416E-001   9.973426E-001
   9.995108E-001   9.995106E-001   9.994934E-001   9.993694E-001   9.985564E-001   9.971585E-001
   9.994925E-001   9.994923E-001   9.994738E-001   9.993404E-001   9.984654E-001   9.969612E-001
   9.994735E-001   9.994733E-001   9.994534E-001   9.993098E-001   9.983682E-001   9.967495E-001
   9.994539E-001   9.994537E-001   9.994322E-001   9.992777E-001   9.982644E-001   9.965226E-001
   9.994335E-001   9.994333E-001   9.994102E-001   9.992439E-001   9.981535E-001   9.962792E-001
   9.994124E-001   9.994121E-001   9.993873E-001   9.992083E-001   9.980349E-001   9.960181E-001
   9.993905E-001   9.993902E-001   9.993635E-001   9.991709E-001   9.979082E-001   9.957381E-001
   9.993677E-001   9.993675E-001   9.993387E-001   9.991314E-001   9.977727E-001   9.954377E-001
   9.993442E-001   9.993439E-001   9.993129E-001   9.990899E-001   9.976278E-001   9.951155E-001
   9.993197E-001   9.993194E-001   9.992861E-001   9.990461E-001   9.974728E-001   9.947698E-001
   9.992944E-001   9.992940E-001   9.992582E-001   9.989999E-001   9.973070E-001   9.943989E-001
   9.992681E-001   9.992677E-001   9.992292E-001   9.989512E-001   9.971297E-001   9.940009E-001
   9.992408E-001   9.992404E-001   9.991989E-001   9.988999E-001   9.969400E-001   9.935739E-001
   9.992126E-001   9.992122E-001   9.991675E-001   9.988457E-001   9.967369E-001   9.931157E-001
   9.991833E-001   9.991828E-001   9.991348E-001   9.987885E-001   9.965196E-001   9.926240E-001
   9.991529E-001   9.991524E-001   9.991007E-001   9.987282E-001   9.962870E-001   9.920965E-001
   9.991214E-001   9.991209E-001   9.990652E-001   9.986644E-001   9.960380E-001   9.915303E-001
   9.990887E-001   9.990882E-001   9.990283E-001   9.985970E-001   9.957714E-001   9.909228E-001
   9.990549E-001   9.990543E-001   9.989899E-001   9.985258E-001   9.954860E-001   9.902708E-001
   9.990198E-001   9.990191E-001   9.989498E-001   9.984506E-001   9.951804E-001   9.895711E-001
   9.989834E-001   9.989827E-001   9.989081E-001   9.983710E-001   9.948530E-001   9.888203E-001
   9.989457E-001   9.989449E-001   9.988647E-001   9.982868E-001   9.945024E-001   9.880146E-001
   9.989066E-001   9.989057E-001   9.988194E-001   9.981978E-001   9.941269E-001   9.871499E-001
   9.988660E-001   9.988651E-001   9.987723E-001   9.981035E-001   9.937247E-001   9.862221E-001
   9.988240E-001   9.988230E-001   9.987232E-001   9.980037E-001   9.932937E-001   9.852265E-001
   9.987804E-001   9.987794E-001   9.986720E-001   9.978980E-001   9.928321E-001   9.841582E-001
   9.987353E-001   9.987342E-001   9.986186E-001   9.977860E-001   9.923375E-001   9.830119E-001
   9.986885E-001   9.986873E-001   9.985630E-001   9.976674E-001   9.918075E-001   9.817820E-001
   9.986400E-001   9.986387E-001   9.985050E-001   9.975417E-001   9.912397E-001   9.804625E-001
   9.985897E-001   9.985883E-001   9.984445E-001   9.974083E-001   9.906312E-001   9.790469E-001
   9.985376E-001   9.985362E-001   9.983814E-001   9.972670E-001   9.899792E-001   9.775284E-001
   9.984836E-001   9.984821E-001   9.983156E-001   9.971170E-001   9.892805E-001   9.758996E-001
   9.984277E-001   9.984260E-001   9.982470E-001   9.969579E-001   9.885318E-001   9.741526E-001
   9.983697E-001   9.983679E-001   9.981754E-001   9.967890E-001   9.877294E-001   9.722791E-001
   9.983097E-001   9.983077E-001   9.981007E-001   9.966097E-001   9.868697E-001   9.702700E-001
   9.982475E-001   9.982453E-001   9.980227E-001   9.964193E-001   9.859483E-001   9.681159E-001
   9.981830E-001   9.981807E-001   9.979413E-001   9.962171E-001   9.849610E-001   9.658066E-001
   9.981162E-001   9.981137E-001   9.978563E-001   9.960022E-001   9.839030E-001   9.633313E-001
   9.980470E-001   9.980443E-001   9.977675E-001   9.957740E-001   9.827694E-001   9.606784E-001
   9.979753E-001   9.979725E-001   9.976748E-001   9.955314E-001   9.815547E-001   9.578357E-001
   9.979011E-001   9.978980E-001   9.975779E-001   9.952735E-001   9.802532E-001   9.547901E-001
   9.978242E-001   9.978209E-001   9.974768E-001   9.949992E-001   9.788589E-001   9.515278E-001
   9.977445E-001   9.977410E-001   9.973710E-001   9.947076E-001   9.773651E-001   9.480342E-001
   9.976621E-001   9.976582E-001   9.972605E-001   9.943974E-001   9.757650E-001   9.442937E-001
   9.975766E-001   9.975726E-001   9.971450E-001   9.940674E-001   9.740511E-001   9.402898E-001
   9.974882E-001   9.974838E-001   9.970242E-001   9.937162E-001   9.722154E-001   9.360052E-001
   9.973966E-001   9.973919E-001   9.968978E-001   9.933425E-001   9.702496E-001   9.314214E-001
   9.973018E-001   9.972967E-001   9.967657E-001   9.929448E-001   9.681446E-001   9.265192E-001
   9.972037E-001   9.971982E-001   9.966275E-001   9.925213E-001   9.658911E-001   9.212781E-001
   9.971021E-001   9.970962E-001   9.964828E-001   9.920704E-001   9.634787E-001   9.156767E-001
   9.969969E-001   9.969906E-001   9.963314E-001   9.915903E-001   9.608967E-001   9.096926E-001
   9.968881E-001   9.968813E-001   9.961730E-001   9.910791E-001   9.581337E-001   9.033021E-001
   9.967754E-001   9.967682E-001   9.960070E-001   9.905345E-001   9.551776E-001   8.964808E-001
   9.966589E-001   9.966511E-001   9.958333E-001   9.899544E-001   9.520155E-001   8.892031E-001
   9.965383E-001   9.965299E-001   9.956513E-001   9.893364E-001   9.486338E-001   8.814423E-001
   9.964135E-001   9.964045E-001   9.954607E-001   9.886781E-001   9.450181E-001   8.731709E-001
   9.962844E-001   9.962747E-001   9.952609E-001   9.879766E-001   9.411533E-001   8.643606E-001
   9.961509E-001   9.961405E-001   9.950515E-001   9.872292E-001   9.370233E-001   8.549820E-001
   9.960128E-001   9.960016E-001   9.948320E-001   9.864327E-001   9.326113E-001   8.450052E-001
   9.958700E-001   9.958580E-001   9.946019E-001   9.855840E-001   9.278995E-001   8.343998E-001
   9.957224E-001   9.957094E-001   9.943606E-001   9.846795E-001   9.228694E-001   8.231349E-001
   9.955697E-001   9.955558E-001   9.941075E-001   9.837157E-001   9.175014E-001   8.111795E-001
   9.954119E-001   9.953970E-001   9.938420E-001   9.826885E-001   9.117750E-001   7.985026E-001
   9.952487E-001   9.952327E-001   9.935634E-001   9.815939E-001   9.056690E-001   7.850736E-001
   9.950801E-001   9.950630E-001   9.932711E-001   9.804274E-001   8.991611E-001   7.708624E-001
   9.949059E-001   9.948875E-001   9.929642E-001   9.791844E-001   8.922284E-001   7.558403E-001
   9.947259E-001   9.947061E-001   9.926420E-001   9.778598E-001   8.848470E-001   7.399799E-001
   9.945399E-001   9.945187E-001   9.923038E-001   9.764485E-001   8.769921E-001   7.232559E-001
   9.943478E-001   9.943250E-001   9.919485E-001   9.749448E-001   8.686384E-001   7.056455E-001
   9.941494E-001   9.941250E-001   9.915754E-001   9.733428E-001   8.597600E-001   6.871294E-001
   9.939446E-001   9.939184E-001   9.911834E-001   9.716364E-001   8.503304E-001   6.676921E-001
   9.937331E-001   9.937050E-001   9.907715E-001   9.698188E-001   8.403225E-001   6.473228E-001
   9.935148E-001   9.934847E-001   9.903387E-001   9.678831E-001   8.297094E-001   6.260168E-001
   9.932895E-001   9.932572E-001   9.898838E-001   9.658219E-001   8.184637E-001   6.037756E-001
   9.930570E-001   9.930224E-001   9.894056E-001   9.636275E-001   8.065585E-001   5.806087E-001
   9.928172E-001   9.927800E-001   9.889029E-001   9.612916E-001   7.939672E-001   5.565342E-001
   9.925698E-001   9.925300E-001   9.883743E-001   9.588057E-001   7.806637E-001   5.315801E-001
   9.923147E-001   9.922720E-001   9.878185E-001   9.561606E-001   7.666234E-001   5.057859E-001
   9.920516E-001   9.920059E-001   9.872340E-001   9.533468E-001   7.518227E-001   4.792031E-001
   9.917805E-001   9.917315E-001   9.866193E-001   9.503543E-001   7.362400E-001   4.518971E-001
   9.915010E-001   9.914485E-001   9.859727E-001   9.471727E-001   7.198561E-001   4.239481E-001
   9.912131E-001   9.911568E-001   9.852925E-001   9.437910E-001   7.026548E-001   3.954521E-001
   9.909165E-001   9.908562E-001   9.845769E-001   9.401976E-001   6.846230E-001   3.665221E-001
   9.906110E-001   9.905465E-001   9.838241E-001   9.363808E-001   6.657522E-001   3.372891E-001
   9.902964E-001   9.902274E-001   9.830320E-001   9.323279E-001   6.460385E-001   3.079022E-001
   9.899726E-001   9.898987E-001   9.821986E-001   9.280262E-001   6.254836E-001   2.785290E-001
   9.896394E-001   9.895603E-001   9.813218E-001   9.234622E-001   6.040958E-001   2.493557E-001
   9.892965E-001   9.892119E-001   9.803992E-001   9.186221E-001   5.818907E-001   2.205860E-001
   9.889439E-001   9.888534E-001   9.794284E-001   9.134914E-001   5.588921E-001   1.924401E-001
   9.885813E-001   9.884845E-001   9.784070E-001   9.080556E-001   5.351330E-001   1.651525E-001
   9.882085E-001   9.881050E-001   9.773323E-001   9.022994E-001   5.106565E-001   1.389690E-001
   9.878254E-001   9.877148E-001   9.762016E-001   8.962074E-001   4.855169E-001   1.141431E-001
   9.874319E-001   9.873136E-001   9.750121E-001   8.897638E-001   4.597803E-001   9.093152E-002
   9.870277E-001   9.869013E-001   9.737608E-001   8.829526E-001   4.335256E-001   6.958762E-002
   9.866126E-001   9.864776E-001   9.724445E-001   8.757575E-001   4.068455E-001   5.035515E-002
   9.861867E-001   9.860424E-001   9.710601E-001   8.681622E-001   3.798466E-001   3.346012E-002
   9.857496E-001   9.855956E-001   9.696042E-001   8.601506E-001   3.526504E-001   1.910197E-002
   9.853013E-001   9.851369E-001   9.680732E-001   8.517062E-001   3.253928E-001   7.444000E-003
   9.848416E-001   9.846661E-001   9.664637E-001   8.428131E-001   2.982247E-001  -1.396577E-003
   9.843704E-001   9.841832E-001   9.647717E-001   8.334557E-001   2.713109E-001  -7.358753E-003
   9.838877E-001   9.836880E-001   9.629935E-001   8.236189E-001   2.448296E-001  -1.044731E-002
   9.833933E-001   9.831803E-001   9.611250E-001   8.132880E-001   2.189706E-001  -1.074133E-002
   9.828870E-001   9.826600E-001   9.591621E-001   8.024496E-001   1.939337E-001  -8.400886E-003
   9.823690E-001   9.821270E-001   9.571004E-001   7.910910E-001   1.699258E-001  -3.671084E-003
   9.818390E-001   9.815812E-001   9.549356E-001   7.792009E-001   1.471579E-001   3.117487E-003
   9.812970E-001   9.810225E-001   9.526630E-001   7.667697E-001   1.258407E-001   1.155267E-002
   9.807430E-001   9.804507E-001   9.502782E-001   7.537893E-001   1.061801E-001   2.114987E-002
   9.801770E-001   9.798658E-001   9.477762E-001   7.402537E-001   8.837204E-002   3.136698E-002
   9.795989E-001   9.792678E-001   9.451523E-001   7.261595E-001   7.259577E-002   4.162536E-002
   9.790088E-001   9.786566E-001   9.424014E-001   7.115059E-001   5.900785E-002   5.133671E-002
   9.784066E-001   9.780321E-001   9.395185E-001   6.962948E-001   4.773482E-002   5.993508E-002
   9.777925E-001   9.773943E-001   9.364985E-001   6.805319E-001   3.886615E-002   6.691260E-002
   9.771664E-001   9.767433E-001   9.333361E-001   6.642263E-001   3.244712E-002   7.185669E-002
   9.765285E-001   9.760790E-001   9.300262E-001   6.473913E-001   2.847228E-002   7.448582E-002
   9.758787E-001   9.754015E-001   9.265633E-001   6.300445E-001   2.687976E-002   7.468011E-002
   9.752173E-001   9.747107E-001   9.229423E-001   6.122084E-001   2.754687E-002   7.250286E-002
   9.745444E-001   9.740068E-001   9.191578E-001   5.939104E-001   3.028775E-002   6.820874E-002
   9.738600E-001   9.732898E-001   9.152045E-001   5.751835E-001   3.485322E-002   6.223505E-002
   9.731644E-001   9.725599E-001   9.110771E-001   5.560664E-001   4.093368E-002   5.517368E-002
   9.724577E-001   9.718170E-001   9.067706E-001   5.366035E-001   4.816533E-002   4.772292E-002
   9.717402E-001   9.710614E-001   9.022799E-001   5.168455E-001   5.613996E-002   4.062123E-002
   9.710120E-001   9.702933E-001   8.975999E-001   4.968495E-001   6.441869E-002   3.456787E-002
   9.702735E-001   9.695126E-001   8.927259E-001   4.766786E-001   7.254926E-002   3.013838E-002
   9.695248E-001   9.687197E-001   8.876533E-001   4.564024E-001   8.008661E-002   2.770615E-002
   9.687663E-001   9.679148E-001   8.823777E-001   4.360966E-001   8.661594E-002   2.738247E-002
   9.679982E-001   9.670980E-001   8.768951E-001   4.158426E-001   9.177703E-002   2.898773E-002
   9.672209E-001   9.662696E-001   8.712015E-001   3.957276E-001   9.528826E-002   3.206404E-002
   9.664346E-001   9.654299E-001   8.652934E-001   3.758433E-001   9.696833E-002   3.593394E-002
   9.656399E-001   9.645790E-001   8.591679E-001   3.562861E-001   9.675374E-002   3.980256E-002
   9.648369E-001   9.637174E-001   8.528223E-001   3.371552E-001   9.470943E-002   4.289107E-002
   9.640262E-001   9.628453E-001   8.462542E-001   3.185526E-001   9.103080E-002   4.458005E-002
   9.632081E-001   9.619630E-001   8.394622E-001   3.005810E-001   8.603520E-002   4.453481E-002
   9.623831E-001   9.610709E-001   8.324449E-001   2.833429E-001   8.014209E-002   4.278262E-002
   9.615515E-001   9.601693E-001   8.252020E-001   2.669389E-001   7.384183E-002   3.971738E-002
   9.607139E-001   9.592586E-001   8.177336E-001   2.514659E-001   6.765467E-002   3.602039E-002
   9.598707E-001   9.583392E-001   8.100405E-001   2.370152E-001   6.208268E-002   3.250531E-002
   9.590224E-001   9.574114E-001   8.021244E-001   2.236706E-001   5.755910E-002   2.991792E-002
   9.581694E-001   9.564757E-001   7.939877E-001   2.115063E-001   5.440059E-002   2.873964E-002
   9.573123E-001   9.555324E-001   7.856336E-001   2.005848E-001   5.276867E-002   2.905151E-002
   9.564516E-001   9.545821E-001   7.770663E-001   1.909547E-001   5.264666E-002   3.050664E-002
   9.555878E-001   9.536251E-001   7.682909E-001   1.826491E-001   5.383721E-002   3.243209E-002
   9.547214E-001   9.526618E-001   7.593135E-001   1.756832E-001   5.598355E-002   3.404069E-002
   9.538529E-001   9.516928E-001   7.501411E-001   1.700535E-001   5.861436E-002   3.469181E-002
   9.529829E-001   9.507185E-001   7.407818E-001   1.657357E-001   6.120840E-002   3.411242E-002
   9.521119E-001   9.497394E-001   7.312446E-001   1.626846E-001   6.327091E-002   3.249254E-002
   9.512405E-001   9.487558E-001   7.215400E-001   1.608333E-001   6.441065E-002   3.040691E-002
   9.503692E-001   9.477683E-001   7.116790E-001   1.600937E-001   6.440410E-002   2.858094E-002
   9.494985E-001   9.467774E-001   7.016742E-001   1.603572E-001   6.323425E-002   2.758838E-002
   9.486289E-001   9.457835E-001   6.915390E-001   1.614964E-001   6.109381E-002   2.760937E-002
   9.477611E-001   9.447871E-001   6.812879E-001   1.633674E-001   5.834903E-002   2.836324E-002
   9.468956E-001   9.437888E-001   6.709366E-001   1.658127E-001   5.546763E-002   2.925755E-002
   9.467769E-001   9.436523E-001   6.695608E-001   1.661695E-001   5.510242E-002   2.935206E-002
   9.466611E-001   9.435185E-001   6.681837E-001   1.665336E-001   5.474356E-002   2.943744E-002
   9.465463E-001   9.433857E-001   6.668052E-001   1.669043E-001   5.439249E-002   2.951220E-002
   9.464320E-001   9.432533E-001   6.654253E-001   1.672811E-001   5.405035E-002   2.957524E-002
   9.463179E-001   9.431209E-001   6.640442E-001   1.676634E-001   5.371810E-002   2.962567E-002
   9.462038E-001   9.429887E-001   6.626618E-001   1.680509E-001   5.339665E-002   2.966280E-002
   9.460899E-001   9.428564E-001   6.612782E-001   1.684431E-001   5.308682E-002   2.968605E-002
   9.459760E-001   9.427241E-001   6.598934E-001   1.688396E-001   5.278938E-002   2.969504E-002
   9.458623E-001   9.425918E-001   6.585074E-001   1.692401E-001   5.250507E-002   2.968949E-002
   9.457485E-001   9.424595E-001   6.571204E-001   1.696441E-001   5.223454E-002   2.966931E-002
   9.456349E-001   9.423272E-001   6.557323E-001   1.700512E-001   5.197840E-002   2.963456E-002
   9.455214E-001   9.421950E-001   6.543432E-001   1.704610E-001   5.173718E-002   2.958542E-002
   9.454079E-001   9.420627E-001   6.529532E-001   1.708732E-001   5.151135E-002   2.952225E-002
   9.452945E-001   9.419304E-001   6.515622E-001   1.712872E-001   5.130133E-002   2.944553E-002
   9.451812E-001   9.417982E-001   6.501703E-001   1.717028E-001   5.110746E-002   2.935589E-002
   9.450681E-001   9.416660E-001   6.487776E-001   1.721194E-001   5.093001E-002   2.925409E-002
   9.449550E-001   9.415338E-001   6.473841E-001   1.725368E-001   5.076919E-002   2.914100E-002
   9.448420E-001   9.414016E-001   6.459899E-001   1.729545E-001   5.062511E-002   2.901760E-002
   9.447292E-001   9.412695E-001   6.445949E-001   1.733721E-001   5.049785E-002   2.888499E-002
   9.446165E-001   9.411375E-001   6.431993E-001   1.737892E-001   5.038739E-002   2.874432E-002
   9.445039E-001   9.410055E-001   6.418031E-001   1.742055E-001   5.029365E-002   2.859685E-002
   9.443915E-001   9.408735E-001   6.404063E-001   1.746205E-001   5.021646E-002   2.844387E-002
   9.442792E-001   9.407416E-001   6.390089E-001   1.750338E-001   5.015562E-002   2.828674E-002
   9.441671E-001   9.406098E-001   6.376111E-001   1.754452E-001   5.011081E-002   2.812682E-002
   9.440551E-001   9.404781E-001   6.362129E-001   1.758541E-001   5.008168E-002   2.796552E-002
   9.439434E-001   9.403465E-001   6.348142E-001   1.762602E-001   5.006780E-002   2.780421E-002
   9.438318E-001   9.402150E-001   6.334152E-001   1.766632E-001   5.006867E-002   2.764427E-002
   9.437203E-001   9.400836E-001   6.320159E-001   1.770626E-001   5.008374E-002   2.748704E-002
   9.436091E-001   9.399523E-001   6.306164E-001   1.774581E-001   5.011239E-002   2.733379E-002
   9.434981E-001   9.398212E-001   6.292166E-001   1.778494E-001   5.015394E-002   2.718575E-002
   9.433874E-001   9.396902E-001   6.278167E-001   1.782360E-001   5.020767E-002   2.704407E-002
   9.432768E-001   9.395593E-001   6.264167E-001   1.786177E-001   5.027281E-002   2.690980E-002
   9.431665E-001   9.394286E-001   6.250166E-001   1.789940E-001   5.034852E-002   2.678389E-002
   9.430565E-001   9.392981E-001   6.236165E-001   1.793647E-001   5.043394E-002   2.666718E-002
   9.429467E-001   9.391677E-001   6.222164E-001   1.797293E-001   5.052817E-002   2.656038E-002
   9.428372E-001   9.390375E-001   6.208163E-001   1.800876E-001   5.063026E-002   2.646407E-002
   9.427280E-001   9.389076E-001   6.194164E-001   1.804391E-001   5.073924E-002   2.637871E-002
   9.426190E-001   9.387778E-001   6.180167E-001   1.807837E-001   5.085412E-002   2.630459E-002
   9.425104E-001   9.386483E-001   6.166171E-001   1.811210E-001   5.097389E-002   2.624187E-002
   9.424021E-001   9.385190E-001   6.152179E-001   1.814506E-001   5.109752E-002   2.619058E-002
   9.422942E-001   9.383900E-001   6.138189E-001   1.817723E-001   5.122396E-002   2.615057E-002
   9.421866E-001   9.382613E-001   6.124203E-001   1.820857E-001   5.135218E-002   2.612158E-002
   9.420793E-001   9.381328E-001   6.110221E-001   1.823905E-001   5.148113E-002   2.610320E-002
   9.419725E-001   9.380046E-001   6.096243E-001   1.826866E-001   5.160978E-002   2.609490E-002
   9.418660E-001   9.378767E-001   6.082271E-001   1.829735E-001   5.173710E-002   2.609600E-002
   9.417599E-001   9.377492E-001   6.068303E-001   1.832511E-001   5.186210E-002   2.610575E-002
   9.416543E-001   9.376219E-001   6.054342E-001   1.835190E-001   5.198378E-002   2.612327E-002
   9.415491E-001   9.374951E-001   6.040388E-001   1.837770E-001   5.210120E-002   2.614761E-002
   9.414444E-001   9.373686E-001   6.026440E-001   1.840249E-001   5.221343E-002   2.617775E-002
   9.413402E-001   9.372425E-001   6.012499E-001   1.842623E-001   5.231960E-002   2.621259E-002
   9.412364E-001   9.371168E-001   5.998567E-001   1.844892E-001   5.241886E-002   2.625101E-002
   9.411332E-001   9.369915E-001   5.984642E-001   1.847052E-001   5.251043E-002   2.629187E-002
   9.410305E-001   9.368667E-001   5.970727E-001   1.849101E-001   5.259358E-002   2.633401E-002
   9.409284E-001   9.367424E-001   5.956821E-001   1.851037E-001   5.266762E-002   2.637630E-002
   9.408268E-001   9.366185E-001   5.942925E-001   1.852859E-001   5.273193E-002   2.641762E-002
   9.407259E-001   9.364951E-001   5.929039E-001   1.854564E-001   5.278598E-002   2.645690E-002
   9.406255E-001   9.363723E-001   5.915164E-001   1.856151E-001   5.282927E-002   2.649313E-002
   9.405259E-001   9.362500E-001   5.901300E-001   1.857617E-001   5.286139E-002   2.652539E-002
   9.404268E-001   9.361283E-001   5.887448E-001   1.858962E-001   5.288202E-002   2.655285E-002
   9.403285E-001   9.360072E-001   5.873608E-001   1.860184E-001   5.289088E-002   2.657475E-002
   9.402309E-001   9.358868E-001   5.859781E-001   1.861281E-001   5.288780E-002   2.659047E-002
   9.401341E-001   9.357669E-001   5.845967E-001   1.862252E-001   5.287268E-002   2.659952E-002
   9.400380E-001   9.356478E-001   5.832167E-001   1.863096E-001   5.284548E-002   2.660151E-002
   9.399427E-001   9.355293E-001   5.818381E-001   1.863811E-001   5.280628E-002   2.659620E-002
   9.398483E-001   9.354116E-001   5.804610E-001   1.864398E-001   5.275520E-002   2.658349E-002
   9.397547E-001   9.352946E-001   5.790854E-001   1.864854E-001   5.269246E-002   2.656338E-002
   9.396620E-001   9.351785E-001   5.777114E-001   1.865180E-001   5.261836E-002   2.653603E-002
   9.395702E-001   9.350631E-001   5.763390E-001   1.865374E-001   5.253327E-002   2.650172E-002
   9.394794E-001   9.349486E-001   5.749682E-001   1.865437E-001   5.243761E-002   2.646083E-002
   9.393895E-001   9.348349E-001   5.735992E-001   1.865366E-001   5.233191E-002   2.641386E-002
   9.393007E-001   9.347222E-001   5.722320E-001   1.865164E-001   5.221673E-002   2.636139E-002
   9.392128E-001   9.346104E-001   5.708665E-001   1.864828E-001   5.209272E-002   2.630410E-002
   9.391261E-001   9.344995E-001   5.695030E-001   1.864359E-001   5.196056E-002   2.624272E-002
   9.390405E-001   9.343897E-001   5.681414E-001   1.863758E-001   5.182099E-002   2.617802E-002
   9.389560E-001   9.342809E-001   5.667817E-001   1.863024E-001   5.167480E-002   2.611081E-002
   9.388727E-001   9.341731E-001   5.654241E-001   1.862158E-001   5.152282E-002   2.604191E-002
   9.387906E-001   9.340665E-001   5.640685E-001   1.861160E-001   5.136588E-002   2.597212E-002
   9.387098E-001   9.339609E-001   5.627151E-001   1.860031E-001   5.120488E-002   2.590225E-002
   9.386302E-001   9.338566E-001   5.613639E-001   1.858772E-001   5.104070E-002   2.583302E-002
   9.385519E-001   9.337534E-001   5.600149E-001   1.857382E-001   5.087424E-002   2.576513E-002
   9.384750E-001   9.336515E-001   5.586682E-001   1.855865E-001   5.070641E-002   2.569920E-002
   9.383995E-001   9.335507E-001   5.573238E-001   1.854220E-001   5.053808E-002   2.563576E-002
   9.383253E-001   9.334513E-001   5.559818E-001   1.852448E-001   5.037015E-002   2.557526E-002
   9.382526E-001   9.333532E-001   5.546423E-001   1.850552E-001   5.020344E-002   2.551804E-002
   9.381814E-001   9.332565E-001   5.533053E-001   1.848533E-001   5.003879E-002   2.546434E-002
   9.381117E-001   9.331611E-001   5.519709E-001   1.846393E-001   4.987697E-002   2.541430E-002
   9.380434E-001   9.330671E-001   5.506391E-001   1.844133E-001   4.971871E-002   2.536796E-002
   9.379768E-001   9.329746E-001   5.493099E-001   1.841755E-001   4.956467E-002   2.532526E-002
   9.379117E-001   9.328835E-001   5.479835E-001   1.839262E-001   4.941547E-002   2.528605E-002
   9.378483E-001   9.327938E-001   5.466600E-001   1.836655E-001   4.927166E-002   2.525009E-002
   9.377865E-001   9.327057E-001   5.453392E-001   1.833938E-001   4.913370E-002   2.521709E-002
   9.377263E-001   9.326191E-001   5.440214E-001   1.831113E-001   4.900199E-002   2.518669E-002
   9.376679E-001   9.325341E-001   5.427066E-001   1.828183E-001   4.887685E-002   2.515851E-002
   9.376111E-001   9.324506E-001   5.413949E-001   1.825149E-001   4.875851E-002   2.513212E-002
   9.375561E-001   9.323687E-001   5.400862E-001   1.822017E-001   4.864712E-002   2.510710E-002
   9.375028E-001   9.322885E-001   5.387808E-001   1.818787E-001   4.854275E-002   2.508304E-002
   9.374513E-001   9.322098E-001   5.374786E-001   1.815465E-001   4.844539E-002   2.505954E-002
   9.374015E-001   9.321328E-001   5.361797E-001   1.812053E-001   4.835493E-002   2.503624E-002
   9.373536E-001   9.320574E-001   5.348842E-001   1.808555E-001   4.827121E-002   2.501283E-002
   9.373074E-001   9.319836E-001   5.335921E-001   1.804974E-001   4.819397E-002   2.498904E-002
   9.372630E-001   9.319116E-001   5.323036E-001   1.801314E-001   4.812291E-002   2.496468E-002
   9.372205E-001   9.318412E-001   5.310187E-001   1.797580E-001   4.805765E-002   2.493962E-002
   9.371798E-001   9.317724E-001   5.297375E-001   1.793775E-001   4.799775E-002   2.491378E-002
   9.371409E-001   9.317054E-001   5.284600E-001   1.789903E-001   4.794274E-002   2.488715E-002
   9.371039E-001   9.316400E-001   5.271863E-001   1.785969E-001   4.789210E-002   2.485978E-002
   9.370687E-001   9.315763E-001   5.259166E-001   1.781977E-001   4.784530E-002   2.483177E-002
   9.370353E-001   9.315142E-001   5.246508E-001   1.777931E-001   4.780176E-002   2.480325E-002
   9.370037E-001   9.314539E-001   5.233891E-001   1.773836E-001   4.776091E-002   2.477439E-002
   9.369739E-001   9.313951E-001   5.221315E-001   1.769697E-001   4.772217E-002   2.474537E-002
   9.369460E-001   9.313381E-001   5.208782E-001   1.765518E-001   4.768500E-002   2.471638E-002
   9.369199E-001   9.312826E-001   5.196291E-001   1.761304E-001   4.764883E-002   2.468761E-002
   9.368955E-001   9.312288E-001   5.183845E-001   1.757060E-001   4.761316E-002   2.465921E-002
   9.368729E-001   9.311766E-001   5.171444E-001   1.752790E-001   4.757751E-002   2.463133E-002
   9.368521E-001   9.311260E-001   5.159088E-001   1.748500E-001   4.754144E-002   2.460407E-002
   9.368330E-001   9.310770E-001   5.146778E-001   1.744195E-001   4.750456E-002   2.457749E-002
   9.368157E-001   9.310295E-001   5.134516E-001   1.739878E-001   4.746655E-002   2.455162E-002
   9.368000E-001   9.309836E-001   5.122303E-001   1.735556E-001   4.742713E-002   2.452642E-002
   9.367861E-001   9.309392E-001   5.110139E-001   1.731233E-001   4.738610E-002   2.450184E-002
   9.367738E-001   9.308963E-001   5.098024E-001   1.726913E-001   4.734331E-002   2.447778E-002
   9.367631E-001   9.308548E-001   5.085961E-001   1.722603E-001   4.729868E-002   2.445409E-002
   9.367541E-001   9.308148E-001   5.073950E-001   1.718306E-001   4.725220E-002   2.443063E-002
   9.367466E-001   9.307762E-001   5.061992E-001   1.714028E-001   4.720392E-002   2.440721E-002
   9.367407E-001   9.307390E-001   5.050087E-001   1.709772E-001   4.715392E-002   2.438367E-002
   9.367363E-001   9.307031E-001   5.038238E-001   1.705544E-001   4.710237E-002   2.435982E-002
   9.367334E-001   9.306686E-001   5.026444E-001   1.701349E-001   4.704945E-002   2.433553E-002
   9.367320E-001   9.306353E-001   5.014707E-001   1.697189E-001   4.699541E-002   2.431065E-002
   9.367320E-001   9.306033E-001   5.003027E-001   1.693071E-001   4.694051E-002   2.428508E-002
   9.367335E-001   9.305725E-001   4.991406E-001   1.688998E-001   4.688504E-002   2.425876E-002
   9.367363E-001   9.305430E-001   4.979845E-001   1.684973E-001   4.682930E-002   2.423168E-002
   9.367404E-001   9.305145E-001   4.968344E-001   1.681001E-001   4.677360E-002   2.420385E-002
   9.367458E-001   9.304873E-001   4.956905E-001   1.677086E-001   4.671823E-002   2.417534E-002
   9.367525E-001   9.304610E-001   4.945529E-001   1.673231E-001   4.666349E-002   2.414624E-002
   9.367605E-001   9.304359E-001   4.934215E-001   1.669440E-001   4.660964E-002   2.411669E-002
   9.367696E-001   9.304118E-001   4.922966E-001   1.665714E-001   4.655692E-002   2.408686E-002
   9.367799E-001   9.303886E-001   4.911783E-001   1.662059E-001   4.650555E-002   2.405694E-002
   9.367913E-001   9.303664E-001   4.900666E-001   1.658476E-001   4.645568E-002   2.402711E-002
   9.368038E-001   9.303451E-001   4.889616E-001   1.654968E-001   4.640743E-002   2.399757E-002
   9.368174E-001   9.303246E-001   4.878634E-001   1.651536E-001   4.636089E-002   2.396853E-002
   9.368320E-001   9.303050E-001   4.867722E-001   1.648185E-001   4.631608E-002   2.394015E-002
   9.368476E-001   9.302862E-001   4.856880E-001   1.644914E-001   4.627296E-002   2.391259E-002
   9.368641E-001   9.302682E-001   4.846108E-001   1.641726E-001   4.623148E-002   2.388597E-002
   9.368815E-001   9.302509E-001   4.835409E-001   1.638622E-001   4.619152E-002   2.386040E-002
   9.368998E-001   9.302342E-001   4.824783E-001   1.635604E-001   4.615291E-002   2.383591E-002
   9.369189E-001   9.302183E-001   4.814230E-001   1.632671E-001   4.611546E-002   2.381254E-002
   9.369388E-001   9.302029E-001   4.803752E-001   1.629826E-001   4.607894E-002   2.379024E-002
   9.369595E-001   9.301881E-001   4.793350E-001   1.627067E-001   4.604309E-002   2.376898E-002
   9.369810E-001   9.301739E-001   4.783024E-001   1.624396E-001   4.600764E-002   2.374864E-002
   9.370031E-001   9.301601E-001   4.772776E-001   1.621813E-001   4.597232E-002   2.372912E-002
   9.370259E-001   9.301469E-001   4.762606E-001   1.619316E-001   4.593682E-002   2.371026E-002
   9.370493E-001   9.301341E-001   4.752515E-001   1.616905E-001   4.590088E-002   2.369193E-002
   9.370733E-001   9.301216E-001   4.742504E-001   1.614580E-001   4.586422E-002   2.367392E-002
   9.370979E-001   9.301096E-001   4.732573E-001   1.612339E-001   4.582660E-002   2.365611E-002
   9.371230E-001   9.300979E-001   4.722724E-001   1.610181E-001   4.578780E-002   2.363831E-002
   9.371486E-001   9.300865E-001   4.712958E-001   1.608105E-001   4.574762E-002   2.362039E-002
   9.371746E-001   9.300754E-001   4.703274E-001   1.606109E-001   4.570592E-002   2.360222E-002
   9.372011E-001   9.300645E-001   4.693675E-001   1.604190E-001   4.566259E-002   2.358371E-002
   9.372280E-001   9.300539E-001   4.684160E-001   1.602348E-001   4.561757E-002   2.356479E-002
   9.372553E-001   9.300434E-001   4.674730E-001   1.600579E-001   4.557083E-002   2.354541E-002
   9.372829E-001   9.300331E-001   4.665386E-001   1.598881E-001   4.552241E-002   2.352557E-002
   9.373108E-001   9.300229E-001   4.656129E-001   1.597252E-001   4.547238E-002   2.350528E-002
   9.373390E-001   9.300128E-001   4.646959E-001   1.595688E-001   4.542086E-002   2.348460E-002
   9.373675E-001   9.300027E-001   4.637878E-001   1.594187E-001   4.536800E-002   2.346361E-002
   9.373961E-001   9.299927E-001   4.628885E-001   1.592746E-001   4.531402E-002   2.344237E-002
   9.374250E-001   9.299827E-001   4.619981E-001   1.591362E-001   4.525912E-002   2.342101E-002
   9.374541E-001   9.299727E-001   4.611167E-001   1.590030E-001   4.520357E-002   2.339963E-002
   9.374833E-001   9.299626E-001   4.602444E-001   1.588749E-001   4.514765E-002   2.337833E-002
   9.375126E-001   9.299525E-001   4.593811E-001   1.587515E-001   4.509163E-002   2.335720E-002
   9.375420E-001   9.299423E-001   4.585270E-001   1.586323E-001   4.503581E-002   2.333634E-002
   9.375715E-001   9.299319E-001   4.576821E-001   1.585172E-001   4.498049E-002   2.331577E-002
   9.376010E-001   9.299214E-001   4.568464E-001   1.584056E-001   4.492594E-002   2.329555E-002
   9.376305E-001   9.299107E-001   4.560200E-001   1.582974E-001   4.487244E-002   2.327568E-002
   9.376601E-001   9.298999E-001   4.552029E-001   1.581921E-001   4.482024E-002   2.325613E-002
   9.376896E-001   9.298888E-001   4.543952E-001   1.580894E-001   4.476956E-002   2.323685E-002
   9.377191E-001   9.298775E-001   4.535970E-001   1.579889E-001   4.472061E-002   2.321779E-002
   9.377485E-001   9.298659E-001   4.528081E-001   1.578903E-001   4.467353E-002   2.319886E-002
   9.377778E-001   9.298540E-001   4.520288E-001   1.577933E-001   4.462847E-002   2.317998E-002
   9.378070E-001   9.298418E-001   4.512589E-001   1.576976E-001   4.458550E-002   2.316105E-002
   9.378361E-001   9.298293E-001   4.504986E-001   1.576029E-001   4.454467E-002   2.314199E-002
   9.378650E-001   9.298165E-001   4.497478E-001   1.575088E-001   4.450599E-002   2.312275E-002
   9.378937E-001   9.298033E-001   4.490066E-001   1.574150E-001   4.446943E-002   2.310328E-002
   9.379223E-001   9.297897E-001   4.482750E-001   1.573214E-001   4.443493E-002   2.308359E-002
   9.379506E-001   9.297757E-001   4.475530E-001   1.572276E-001   4.440237E-002   2.306368E-002
   9.379787E-001   9.297613E-001   4.468406E-001   1.571334E-001   4.437163E-002   2.304363E-002
   9.380066E-001   9.297465E-001   4.461379E-001   1.570386E-001   4.434255E-002   2.302352E-002
   9.380342E-001   9.297312E-001   4.454448E-001   1.569430E-001   4.431493E-002   2.300347E-002
   9.380615E-001   9.297154E-001   4.447614E-001   1.568463E-001   4.428858E-002   2.298361E-002
   9.380886E-001   9.296991E-001   4.440876E-001   1.567485E-001   4.426329E-002   2.296408E-002
   9.381153E-001   9.296824E-001   4.434234E-001   1.566493E-001   4.423882E-002   2.294504E-002
   9.381417E-001   9.296651E-001   4.427689E-001   1.565486E-001   4.421496E-002   2.292659E-002
   9.381678E-001   9.296473E-001   4.421241E-001   1.564463E-001   4.419147E-002   2.290887E-002
   9.381935E-001   9.296289E-001   4.414888E-001   1.563423E-001   4.416813E-002   2.289190E-002
   9.382188E-001   9.296100E-001   4.408632E-001   1.562366E-001   4.414475E-002   2.287575E-002
   9.382437E-001   9.295905E-001   4.402472E-001   1.561291E-001   4.412112E-002   2.286040E-002
   9.382683E-001   9.295704E-001   4.396408E-001   1.560197E-001   4.409708E-002   2.284578E-002
   9.382924E-001   9.295497E-001   4.390439E-001   1.559085E-001   4.407247E-002   2.283179E-002
   9.383161E-001   9.295284E-001   4.384566E-001   1.557954E-001   4.404717E-002   2.281831E-002
   9.383394E-001   9.295064E-001   4.378787E-001   1.556805E-001   4.402108E-002   2.280509E-002
   9.383622E-001   9.294839E-001   4.373104E-001   1.555638E-001   4.399412E-002   2.279199E-002
   9.383846E-001   9.294606E-001   4.367515E-001   1.554455E-001   4.396627E-002   2.277885E-002
   9.384065E-001   9.294367E-001   4.362020E-001   1.553254E-001   4.393751E-002   2.276546E-002
   9.384969E-001   9.293237E-001   4.338999E-001   1.547820E-001   4.380139E-002   2.270085E-002
   9.385771E-001   9.291970E-001   4.317744E-001   1.542204E-001   4.365523E-002   2.262677E-002
   9.386465E-001   9.290557E-001   4.298203E-001   1.536557E-001   4.351006E-002   2.255302E-002
   9.387045E-001   9.288993E-001   4.280315E-001   1.531041E-001   4.337472E-002   2.248715E-002
   9.387506E-001   9.287274E-001   4.264011E-001   1.525812E-001   4.325045E-002   2.242541E-002
   9.387843E-001   9.285395E-001   4.249210E-001   1.520998E-001   4.313044E-002   2.236228E-002
   9.388053E-001   9.283352E-001   4.235826E-001   1.516678E-001   4.300547E-002   2.230104E-002
   9.388135E-001   9.281145E-001   4.223764E-001   1.512874E-001   4.287212E-002   2.224759E-002
   9.388085E-001   9.278771E-001   4.212921E-001   1.509551E-001   4.273833E-002   2.219898E-002
   9.387903E-001   9.276229E-001   4.203194E-001   1.506618E-001   4.261826E-002   2.214652E-002
   9.387589E-001   9.273520E-001   4.194471E-001   1.503945E-001   4.252288E-002   2.208810E-002
   9.387142E-001   9.270643E-001   4.186642E-001   1.501376E-001   4.244933E-002   2.203039E-002
   9.386563E-001   9.267600E-001   4.179592E-001   1.498756E-001   4.238096E-002   2.197904E-002
   9.385853E-001   9.264391E-001   4.173211E-001   1.495950E-001   4.229962E-002   2.193225E-002
   9.385014E-001   9.261019E-001   4.167387E-001   1.492859E-001   4.219816E-002   2.188575E-002
   9.384047E-001   9.257486E-001   4.162014E-001   1.489435E-001   4.208642E-002   2.183975E-002
   9.382954E-001   9.253794E-001   4.156989E-001   1.485684E-001   4.198103E-002   2.179670E-002
   9.381737E-001   9.249946E-001   4.152218E-001   1.481662E-001   4.189063E-002   2.175422E-002
   9.380400E-001   9.245945E-001   4.147612E-001   1.477467E-001   4.181007E-002   2.170791E-002
   9.378945E-001   9.241795E-001   4.143090E-001   1.473221E-001   4.172829E-002   2.166107E-002
   9.377375E-001   9.237498E-001   4.138583E-001   1.469054E-001   4.164135E-002   2.162064E-002
   9.375693E-001   9.233059E-001   4.134031E-001   1.465084E-001   4.155655E-002   2.158465E-002
   9.373903E-001   9.228481E-001   4.129384E-001   1.461402E-001   4.148362E-002   2.154669E-002
   9.372007E-001   9.223768E-001   4.124605E-001   1.458065E-001   4.142280E-002   2.150810E-002
   9.370010E-001   9.218924E-001   4.119667E-001   1.455091E-001   4.136543E-002   2.147188E-002
   9.367915E-001   9.213954E-001   4.114553E-001   1.452462E-001   4.129924E-002   2.143485E-002
   9.365726E-001   9.208862E-001   4.109261E-001   1.450132E-001   4.122229E-002   2.139668E-002
   9.363446E-001   9.203651E-001   4.103794E-001   1.448036E-001   4.114230E-002   2.136259E-002
   9.361079E-001   9.198327E-001   4.098168E-001   1.446103E-001   4.106867E-002   2.133229E-002
   9.358629E-001   9.192894E-001   4.092407E-001   1.444264E-001   4.100477E-002   2.130064E-002
   9.356099E-001   9.187356E-001   4.086540E-001   1.442462E-001   4.094703E-002   2.126751E-002
   9.353494E-001   9.181717E-001   4.080603E-001   1.440655E-001   4.088992E-002   2.123579E-002
   9.350816E-001   9.175981E-001   4.074637E-001   1.438816E-001   4.083165E-002   2.120510E-002
   9.348071E-001   9.170154E-001   4.068684E-001   1.436936E-001   4.077507E-002   2.117475E-002
   9.345260E-001   9.164240E-001   4.062788E-001   1.435018E-001   4.072297E-002   2.114699E-002
   9.342389E-001   9.158242E-001   4.056991E-001   1.433077E-001   4.067277E-002   2.112092E-002
   9.339460E-001   9.152166E-001   4.051334E-001   1.431136E-001   4.061824E-002   2.109258E-002
   9.336477E-001   9.146014E-001   4.045854E-001   1.429220E-001   4.055789E-002   2.106409E-002
   9.333443E-001   9.139792E-001   4.040582E-001   1.427353E-001   4.049911E-002   2.103837E-002
   9.330363E-001   9.133504E-001   4.035544E-001   1.425550E-001   4.044992E-002   2.101292E-002
   9.327238E-001   9.127154E-001   4.030757E-001   1.423818E-001   4.040846E-002   2.098841E-002
   9.324073E-001   9.120745E-001   4.026234E-001   1.422146E-001   4.036572E-002   2.096535E-002
   9.320870E-001   9.114282E-001   4.021976E-001   1.420513E-001   4.031860E-002   2.094061E-002
   9.317633E-001   9.107768E-001   4.017979E-001   1.418889E-001   4.027232E-002   2.091623E-002
   9.314365E-001   9.101207E-001   4.014231E-001   1.417245E-001   4.023008E-002   2.089433E-002
   9.311068E-001   9.094604E-001   4.010712E-001   1.415564E-001   4.018740E-002   2.087272E-002
   9.307746E-001   9.087961E-001   4.007398E-001   1.413849E-001   4.014102E-002   2.085129E-002
   9.304401E-001   9.081283E-001   4.004259E-001   1.412127E-001   4.009593E-002   2.083035E-002
   9.301036E-001   9.074573E-001   4.001261E-001   1.410447E-001   4.005778E-002   2.080881E-002
   9.297653E-001   9.067833E-001   3.998371E-001   1.408866E-001   4.002395E-002   2.078855E-002
   9.294256E-001   9.061069E-001   3.995554E-001   1.407433E-001   3.998821E-002   2.077000E-002
   9.290846E-001   9.054282E-001   3.992775E-001   1.406173E-001   3.994949E-002   2.075066E-002
   9.287426E-001   9.047477E-001   3.990005E-001   1.405073E-001   3.991128E-002   2.073176E-002
   9.283998E-001   9.040655E-001   3.987216E-001   1.404085E-001   3.987539E-002   2.071315E-002
   9.280564E-001   9.033822E-001   3.984386E-001   1.403138E-001   3.984018E-002   2.069503E-002
   9.277127E-001   9.026978E-001   3.981500E-001   1.402159E-001   3.980494E-002   2.067850E-002
   9.273689E-001   9.020128E-001   3.978550E-001   1.401099E-001   3.977214E-002   2.066119E-002
   9.270251E-001   9.013274E-001   3.975532E-001   1.399944E-001   3.974298E-002   2.064413E-002
   9.266816E-001   9.006419E-001   3.972452E-001   1.398722E-001   3.971348E-002   2.062783E-002
   9.263384E-001   8.999565E-001   3.969318E-001   1.397489E-001   3.968050E-002   2.061197E-002
   9.259959E-001   8.992716E-001   3.966148E-001   1.396302E-001   3.964781E-002   2.059695E-002
   9.256541E-001   8.985873E-001   3.962959E-001   1.395198E-001   3.961889E-002   2.058132E-002
   9.253133E-001   8.979040E-001   3.959774E-001   1.394181E-001   3.959083E-002   2.056621E-002
   9.249735E-001   8.972219E-001   3.956616E-001   1.393220E-001   3.956222E-002   2.055199E-002
   9.246350E-001   8.965411E-001   3.953509E-001   1.392273E-001   3.953602E-002   2.053786E-002
   9.242978E-001   8.958620E-001   3.950474E-001   1.391305E-001   3.951089E-002   2.052411E-002
   9.239621E-001   8.951848E-001   3.947531E-001   1.390309E-001   3.948323E-002   2.051002E-002
   9.236281E-001   8.945097E-001   3.944695E-001   1.389309E-001   3.945549E-002   2.049712E-002
   9.232957E-001   8.938368E-001   3.941976E-001   1.388347E-001   3.943091E-002   2.048423E-002
   9.229653E-001   8.931665E-001   3.939382E-001   1.387461E-001   3.940756E-002   2.047155E-002
   9.226367E-001   8.924988E-001   3.936912E-001   1.386667E-001   3.938372E-002   2.045892E-002
   9.223103E-001   8.918340E-001   3.934563E-001   1.385945E-001   3.936068E-002   2.044693E-002
   9.219860E-001   8.911724E-001   3.932329E-001   1.385258E-001   3.933804E-002   2.043532E-002
   9.216640E-001   8.905140E-001   3.930198E-001   1.384560E-001   3.931457E-002   2.042352E-002
   9.213442E-001   8.898590E-001   3.928158E-001   1.383824E-001   3.929178E-002   2.041218E-002
   9.210269E-001   8.892077E-001   3.926195E-001   1.383050E-001   3.927160E-002   2.040117E-002
   9.207121E-001   8.885601E-001   3.924296E-001   1.382255E-001   3.925164E-002   2.039053E-002
   9.203999E-001   8.879166E-001   3.922448E-001   1.381469E-001   3.923055E-002   2.037969E-002
   9.200903E-001   8.872771E-001   3.920642E-001   1.380713E-001   3.921054E-002   2.036942E-002
   9.197834E-001   8.866419E-001   3.918868E-001   1.379997E-001   3.919071E-002   2.035939E-002
   9.194792E-001   8.860111E-001   3.917122E-001   1.379316E-001   3.917093E-002   2.034951E-002
   9.191778E-001   8.853849E-001   3.915401E-001   1.378662E-001   3.915327E-002   2.033966E-002
   9.188793E-001   8.847634E-001   3.913704E-001   1.378024E-001   3.913563E-002   2.033036E-002
   9.185836E-001   8.841467E-001   3.912033E-001   1.377399E-001   3.911696E-002   2.032111E-002
   9.182909E-001   8.835350E-001   3.910390E-001   1.376785E-001   3.909935E-002   2.031196E-002
   9.180012E-001   8.829285E-001   3.908778E-001   1.376186E-001   3.908224E-002   2.030315E-002
   9.177145E-001   8.823271E-001   3.907200E-001   1.375614E-001   3.906554E-002   2.029456E-002
   9.174308E-001   8.817311E-001   3.905658E-001   1.375065E-001   3.904986E-002   2.028605E-002
   9.171501E-001   8.811406E-001   3.904151E-001   1.374536E-001   3.903385E-002   2.027770E-002
   9.168726E-001   8.805557E-001   3.902679E-001   1.374012E-001   3.901745E-002   2.026974E-002
   9.165982E-001   8.799765E-001   3.901239E-001   1.373476E-001   3.900241E-002   2.026172E-002
   9.163269E-001   8.794031E-001   3.899830E-001   1.372921E-001   3.898768E-002   2.025399E-002
   9.160587E-001   8.788356E-001   3.898447E-001   1.372359E-001   3.897313E-002   2.024646E-002
   9.157937E-001   8.782742E-001   3.897087E-001   1.371814E-001   3.895906E-002   2.023900E-002
   9.155319E-001   8.777188E-001   3.895747E-001   1.371309E-001   3.894439E-002   2.023175E-002
   9.152732E-001   8.771697E-001   3.894426E-001   1.370844E-001   3.893090E-002   2.022468E-002
   9.150177E-001   8.766268E-001   3.893123E-001   1.370404E-001   3.891785E-002   2.021773E-002
   9.147654E-001   8.760903E-001   3.891839E-001   1.369963E-001   3.890468E-002   2.021091E-002
   9.145163E-001   8.755603E-001   3.890576E-001   1.369512E-001   3.889177E-002   2.020424E-002
   9.142704E-001   8.750369E-001   3.889334E-001   1.369064E-001   3.887900E-002   2.019779E-002
   9.140277E-001   8.745201E-001   3.888118E-001   1.368634E-001   3.886695E-002   2.019141E-002
   9.137881E-001   8.740100E-001   3.886927E-001   1.368227E-001   3.885526E-002   2.018524E-002
   9.135517E-001   8.735067E-001   3.885764E-001   1.367827E-001   3.884324E-002   2.017912E-002
   9.133185E-001   8.730102E-001   3.884627E-001   1.367418E-001   3.883177E-002   2.017317E-002
   9.130884E-001   8.725206E-001   3.883515E-001   1.366998E-001   3.882042E-002   2.016736E-002
   9.128614E-001   8.720381E-001   3.882426E-001   1.366585E-001   3.880978E-002   2.016164E-002
   9.126376E-001   8.715625E-001   3.881357E-001   1.366199E-001   3.879857E-002   2.015609E-002
   9.124169E-001   8.710941E-001   3.880306E-001   1.365842E-001   3.878816E-002   2.015061E-002
   9.121993E-001   8.706328E-001   3.879271E-001   1.365500E-001   3.877802E-002   2.014529E-002
   9.119848E-001   8.701787E-001   3.878255E-001   1.365158E-001   3.876803E-002   2.014004E-002
   9.117733E-001   8.697318E-001   3.877257E-001   1.364813E-001   3.875825E-002   2.013492E-002
   9.115649E-001   8.692922E-001   3.876281E-001   1.364470E-001   3.874835E-002   2.012997E-002
   9.113596E-001   8.688600E-001   3.875331E-001   1.364135E-001   3.873908E-002   2.012505E-002
   9.111572E-001   8.684351E-001   3.874411E-001   1.363810E-001   3.872988E-002   2.012025E-002
   9.109578E-001   8.680176E-001   3.873523E-001   1.363489E-001   3.872089E-002   2.011558E-002
   9.107614E-001   8.676076E-001   3.872669E-001   1.363172E-001   3.871186E-002   2.011099E-002
   9.105679E-001   8.672050E-001   3.871847E-001   1.362861E-001   3.870338E-002   2.010652E-002
   9.103773E-001   8.668099E-001   3.871054E-001   1.362559E-001   3.869491E-002   2.010208E-002
   9.101896E-001   8.664223E-001   3.870283E-001   1.362274E-001   3.868660E-002   2.009782E-002
   9.100047E-001   8.660422E-001   3.869529E-001   1.361992E-001   3.867841E-002   2.009361E-002
   9.098227E-001   8.656696E-001   3.868783E-001   1.361732E-001   3.867063E-002   2.008950E-002
   9.096435E-001   8.653046E-001   3.868042E-001   1.361457E-001   3.866278E-002   2.008546E-002
   9.094671E-001   8.649471E-001   3.867303E-001   1.361179E-001   3.865518E-002   2.008151E-002
   9.092934E-001   8.645971E-001   3.866564E-001   1.360912E-001   3.864772E-002   2.007766E-002
   9.091225E-001   8.642547E-001   3.865830E-001   1.360657E-001   3.864058E-002   2.007388E-002
   9.089542E-001   8.639198E-001   3.865104E-001   1.360409E-001   3.863333E-002   2.007019E-002
   9.087886E-001   8.635924E-001   3.864393E-001   1.360160E-001   3.862642E-002   2.006656E-002
   9.086256E-001   8.632725E-001   3.863701E-001   1.359917E-001   3.861961E-002   2.006303E-002
   9.084653E-001   8.629601E-001   3.863032E-001   1.359691E-001   3.861293E-002   2.005954E-002
   9.083075E-001   8.626552E-001   3.862385E-001   1.359469E-001   3.860634E-002   2.005617E-002
   9.081522E-001   8.623577E-001   3.861759E-001   1.359243E-001   3.860002E-002   2.005284E-002
   9.079995E-001   8.620676E-001   3.861148E-001   1.359014E-001   3.859373E-002   2.004960E-002
   9.078492E-001   8.617848E-001   3.860550E-001   1.358794E-001   3.858755E-002   2.004641E-002
   9.077014E-001   8.615093E-001   3.859958E-001   1.358584E-001   3.858164E-002   2.004330E-002
   9.075560E-001   8.612412E-001   3.859371E-001   1.358380E-001   3.857571E-002   2.004024E-002
   9.074129E-001   8.609802E-001   3.858790E-001   1.358178E-001   3.856996E-002   2.003726E-002
   9.072722E-001   8.607264E-001   3.858218E-001   1.357949E-001   3.856434E-002   2.003433E-002
   9.071338E-001   8.604796E-001   3.857658E-001   1.357789E-001   3.855882E-002   2.003147E-002
   9.069977E-001   8.602400E-001   3.857114E-001   1.357601E-001   3.855336E-002   2.002866E-002
   9.068638E-001   8.600072E-001   3.856589E-001   1.357411E-001   3.854814E-002   2.002592E-002
   9.067322E-001   8.597814E-001   3.856083E-001   1.357225E-001   3.854296E-002   2.002323E-002
   9.066027E-001   8.595623E-001   3.855594E-001   1.357045E-001   3.853787E-002   2.002059E-002
   9.064754E-001   8.593500E-001   3.855118E-001   1.356870E-001   3.853292E-002   2.001802E-002
   9.063501E-001   8.591443E-001   3.854651E-001   1.356706E-001   3.852805E-002   2.001549E-002
   9.062270E-001   8.589451E-001   3.854188E-001   1.356537E-001   3.852328E-002   2.001301E-002
   9.061058E-001   8.587524E-001   3.853728E-001   1.356372E-001   3.851862E-002   2.001060E-002
   9.059867E-001   8.585660E-001   3.853272E-001   1.356212E-001   3.851403E-002   2.000821E-002
   9.058695E-001   8.583858E-001   3.852820E-001   1.356053E-001   3.850956E-002   2.000588E-002
   9.057543E-001   8.582117E-001   3.852376E-001   1.355894E-001   3.850515E-002   2.000360E-002
   9.056410E-001   8.580436E-001   3.851942E-001   1.355745E-001   3.850085E-002   2.000136E-002
   9.055295E-001   8.578813E-001   3.851519E-001   1.355600E-001   3.849664E-002   1.999917E-002
   9.054198E-001   8.577248E-001   3.851106E-001   1.355454E-001   3.849248E-002   1.999703E-002
   9.053119E-001   8.575738E-001   3.850703E-001   1.355310E-001   3.848844E-002   1.999491E-002
   9.052058E-001   8.574284E-001   3.850306E-001   1.355170E-001   3.848445E-002   1.999284E-002
   9.051014E-001   8.572882E-001   3.849917E-001   1.355032E-001   3.848054E-002   1.999082E-002
   9.049986E-001   8.571532E-001   3.849534E-001   1.354896E-001   3.847673E-002   1.998883E-002
   9.048975E-001   8.570233E-001   3.849159E-001   1.354765E-001   3.847296E-002   1.998682E-002
   9.047980E-001   8.568982E-001   3.848792E-001   1.354637E-001   3.846929E-002   1.998496E-002
   9.047000E-001   8.567778E-001   3.848433E-001   1.354509E-001   3.846564E-002   1.998313E-002
   9.046035E-001   8.566620E-001   3.848081E-001   1.354382E-001   3.846197E-002   1.998123E-002
   9.045085E-001   8.565506E-001   3.847735E-001   1.354259E-001   3.845861E-002   1.997942E-002
   9.044150E-001   8.564434E-001   3.847396E-001   1.354139E-001   3.845517E-002   1.997765E-002
   9.043228E-001   8.563403E-001   3.847062E-001   1.354020E-001   3.845180E-002   1.997588E-002
   9.042319E-001   8.562411E-001   3.846734E-001   1.353904E-001   3.844847E-002   1.997416E-002
   9.041424E-001   8.561455E-001   3.846410E-001   1.353790E-001   3.844522E-002   1.997246E-002
   9.040541E-001   8.560536E-001   3.846092E-001   1.353675E-001   3.844200E-002   1.997080E-002
   9.039670E-001   8.559650E-001   3.845777E-001   1.353563E-001   3.843885E-002   1.996916E-002
   9.038811E-001   8.558795E-001   3.845466E-001   1.353454E-001   3.843565E-002   1.996754E-002
   9.037963E-001   8.557971E-001   3.845157E-001   1.353347E-001   3.843266E-002   1.996594E-002
   9.037126E-001   8.557175E-001   3.844851E-001   1.353241E-001   3.842950E-002   1.996437E-002
   9.036299E-001   8.556406E-001   3.844550E-001   1.353135E-001   3.842664E-002   1.996282E-002
   9.035481E-001   8.555661E-001   3.844254E-001   1.353031E-001   3.842369E-002   1.996128E-002
   9.034672E-001   8.554939E-001   3.843964E-001   1.352928E-001   3.842078E-002   1.995977E-002
   9.033872E-001   8.554239E-001   3.843680E-001   1.352828E-001   3.841790E-002   1.995828E-002
   9.033080E-001   8.553557E-001   3.843398E-001   1.352726E-001   3.841505E-002   1.995679E-002
   9.032296E-001   8.552893E-001   3.843118E-001   1.352627E-001   3.841221E-002   1.995533E-002
   9.031517E-001   8.552245E-001   3.842839E-001   1.352529E-001   3.840942E-002   1.995387E-002
   9.030745E-001   8.551610E-001   3.842560E-001   1.352430E-001   3.840662E-002   1.995243E-002
   9.029979E-001   8.550987E-001   3.842285E-001   1.352334E-001   3.840388E-002   1.995098E-002
   9.029217E-001   8.550375E-001   3.842011E-001   1.352238E-001   3.840118E-002   1.994957E-002
   9.028459E-001   8.549772E-001   3.841741E-001   1.352141E-001   3.839842E-002   1.994813E-002
   9.027705E-001   8.549175E-001   3.841470E-001   1.352045E-001   3.839568E-002   1.994673E-002
   9.026952E-001   8.548584E-001   3.841199E-001   1.351949E-001   3.839297E-002   1.994517E-002
   9.026202E-001   8.547996E-001   3.840923E-001   1.351854E-001   3.839025E-002   1.994396E-002
   9.025452E-001   8.547410E-001   3.840651E-001   1.351758E-001   3.838754E-002   1.994250E-002
   9.024702E-001   8.546825E-001   3.840378E-001   1.351662E-001   3.838475E-002   1.994108E-002
   9.023952E-001   8.546238E-001   3.840106E-001   1.351566E-001   3.838208E-002   1.993967E-002
   9.023199E-001   8.545647E-001   3.839833E-001   1.351470E-001   3.837931E-002   1.993824E-002
   9.022443E-001   8.545053E-001   3.839559E-001   1.351373E-001   3.837657E-002   1.993678E-002
   9.021683E-001   8.544452E-001   3.839281E-001   1.351275E-001   3.837378E-002   1.993536E-002
   9.020917E-001   8.543844E-001   3.838999E-001   1.351175E-001   3.837097E-002   1.993390E-002
   9.020145E-001   8.543226E-001   3.838715E-001   1.351074E-001   3.836811E-002   1.993241E-002
   9.019365E-001   8.542598E-001   3.838426E-001   1.350973E-001   3.836524E-002   1.993092E-002
   9.018577E-001   8.541957E-001   3.838134E-001   1.350870E-001   3.836231E-002   1.992939E-002
   9.017777E-001   8.541302E-001   3.837836E-001   1.350765E-001   3.835932E-002   1.992784E-002
   9.016966E-001   8.540632E-001   3.837532E-001   1.350658E-001   3.835628E-002   1.992633E-002
   9.016141E-001   8.539945E-001   3.837221E-001   1.350549E-001   3.835318E-002   1.992459E-002
   9.015301E-001   8.539239E-001   3.836903E-001   1.350437E-001   3.835001E-002   1.992301E-002
   9.014443E-001   8.538512E-001   3.836578E-001   1.350323E-001   3.834676E-002   1.992132E-002
   9.013567E-001   8.537764E-001   3.836245E-001   1.350205E-001   3.834342E-002   1.991959E-002
   9.012670E-001   8.536992E-001   3.835899E-001   1.350084E-001   3.833999E-002   1.991781E-002
   9.011750E-001   8.536194E-001   3.835549E-001   1.349960E-001   3.833646E-002   1.991597E-002
   9.010805E-001   8.535368E-001   3.835186E-001   1.349832E-001   3.833281E-002   1.991407E-002
   9.009832E-001   8.534513E-001   3.834809E-001   1.349699E-001   3.832905E-002   1.991211E-002
   9.008830E-001   8.533626E-001   3.834416E-001   1.349562E-001   3.832516E-002   1.991009E-002
   9.007794E-001   8.532706E-001   3.834013E-001   1.349419E-001   3.832110E-002   1.990799E-002
   9.006724E-001   8.531749E-001   3.833593E-001   1.349271E-001   3.831689E-002   1.990580E-002
   9.005615E-001   8.530753E-001   3.833156E-001   1.349117E-001   3.831253E-002   1.990353E-002
   9.004464E-001   8.529717E-001   3.832701E-001   1.348957E-001   3.830797E-002   1.990117E-002
   9.003269E-001   8.528635E-001   3.832225E-001   1.348790E-001   3.830322E-002   1.989870E-002
   9.002025E-001   8.527507E-001   3.831729E-001   1.348615E-001   3.829826E-002   1.989612E-002
   9.000729E-001   8.526328E-001   3.831210E-001   1.348433E-001   3.829307E-002   1.989342E-002
   8.999377E-001   8.525095E-001   3.830666E-001   1.348241E-001   3.828764E-002   1.989061E-002
   8.997965E-001   8.523805E-001   3.830091E-001   1.348041E-001   3.828198E-002   1.988765E-002
   8.996488E-001   8.522453E-001   3.829501E-001   1.347830E-001   3.827598E-002   1.988454E-002
   8.994942E-001   8.521035E-001   3.828873E-001   1.347609E-001   3.826975E-002   1.988128E-002
   8.993321E-001   8.519546E-001   3.828205E-001   1.347377E-001   3.826307E-002   1.987786E-002
   8.991620E-001   8.517982E-001   3.827518E-001   1.347132E-001   3.825623E-002   1.987425E-002
   8.989833E-001   8.516338E-001   3.826787E-001   1.346875E-001   3.824885E-002   1.987045E-002
   8.987955E-001   8.514607E-001   3.826016E-001   1.346595E-001   3.824114E-002   1.986645E-002
   8.985978E-001   8.512784E-001   3.825202E-001   1.346317E-001   3.823301E-002   1.986223E-002
   8.983897E-001   8.510863E-001   3.824344E-001   1.346015E-001   3.822443E-002   1.985783E-002
   8.981704E-001   8.508836E-001   3.823438E-001   1.345696E-001   3.821537E-002   1.985306E-002
   8.979391E-001   8.506696E-001   3.822480E-001   1.345359E-001   3.820579E-002   1.984807E-002
   8.976951E-001   8.504436E-001   3.821466E-001   1.345002E-001   3.819567E-002   1.984283E-002
   8.974374E-001   8.502048E-001   3.820395E-001   1.344625E-001   3.818495E-002   1.983726E-002
   8.971651E-001   8.499522E-001   3.819261E-001   1.344226E-001   3.817362E-002   1.983137E-002
   8.968774E-001   8.496849E-001   3.818060E-001   1.343801E-001   3.816161E-002   1.982514E-002
   8.965731E-001   8.494020E-001   3.816789E-001   1.343356E-001   3.814892E-002   1.981854E-002
   8.962512E-001   8.491024E-001   3.815442E-001   1.342882E-001   3.813546E-002   1.981156E-002
   8.959106E-001   8.487851E-001   3.814015E-001   1.342380E-001   3.812120E-002   1.980413E-002
   8.955500E-001   8.484487E-001   3.812503E-001   1.341848E-001   3.810619E-002   1.979628E-002
   8.951681E-001   8.480922E-001   3.810900E-001   1.341283E-001   3.809007E-002   1.978796E-002
   8.947637E-001   8.477142E-001   3.809200E-001   1.340685E-001   3.807306E-002   1.977913E-002
   8.943352E-001   8.473133E-001   3.807397E-001   1.340050E-001   3.805503E-002   1.976970E-002
   8.938812E-001   8.468881E-001   3.805485E-001   1.339377E-001   3.803582E-002   1.975984E-002
   8.934001E-001   8.464371E-001   3.803457E-001   1.338664E-001   3.801566E-002   1.974931E-002
   8.928902E-001   8.459587E-001   3.801306E-001   1.337907E-001   3.799416E-002   1.973814E-002
   8.923496E-001   8.454511E-001   3.799021E-001   1.337104E-001   3.797135E-002   1.972629E-002
   8.917767E-001   8.449126E-001   3.796604E-001   1.336252E-001   3.794715E-002   1.971372E-002
   8.911693E-001   8.443414E-001   3.794036E-001   1.335348E-001   3.792150E-002   1.970035E-002
   8.905254E-001   8.437354E-001   3.791314E-001   1.334390E-001   3.789429E-002   1.968627E-002
   8.898429E-001   8.430926E-001   3.788423E-001   1.333373E-001   3.786541E-002   1.967126E-002
   8.891195E-001   8.424109E-001   3.785363E-001   1.332296E-001   3.783490E-002   1.965535E-002
   8.883528E-001   8.416880E-001   3.782116E-001   1.331152E-001   3.780234E-002   1.963850E-002
   8.875403E-001   8.409215E-001   3.778673E-001   1.329941E-001   3.776794E-002   1.962062E-002
   8.866793E-001   8.401090E-001   3.775024E-001   1.328656E-001   3.773191E-002   1.960167E-002
   8.857672E-001   8.392479E-001   3.771156E-001   1.327295E-001   3.769284E-002   1.958159E-002
   8.848010E-001   8.383354E-001   3.767058E-001   1.325852E-001   3.765184E-002   1.956031E-002
   8.837779E-001   8.373688E-001   3.762716E-001   1.324325E-001   3.760845E-002   1.953776E-002
   8.826946E-001   8.363452E-001   3.758119E-001   1.322705E-001   3.756249E-002   1.951389E-002
   8.815481E-001   8.352615E-001   3.753251E-001   1.320993E-001   3.751382E-002   1.948862E-002
   8.803349E-001   8.341146E-001   3.748099E-001   1.319178E-001   3.746236E-002   1.946186E-002
   8.790515E-001   8.329011E-001   3.742648E-001   1.317261E-001   3.740787E-002   1.943356E-002
   8.776945E-001   8.316178E-001   3.736884E-001   1.315232E-001   3.735025E-002   1.940363E-002
   8.762602E-001   8.302611E-001   3.730789E-001   1.313087E-001   3.728933E-002   1.937198E-002
   8.747446E-001   8.288274E-001   3.724348E-001   1.310820E-001   3.722495E-002   1.933834E-002
   8.731440E-001   8.273130E-001   3.717545E-001   1.308426E-001   3.715696E-002   1.930323E-002
   8.714543E-001   8.257143E-001   3.710362E-001   1.305898E-001   3.708516E-002   1.926592E-002
   8.696715E-001   8.240272E-001   3.702782E-001   1.303230E-001   3.700940E-002   1.922657E-002
   8.677914E-001   8.222479E-001   3.694788E-001   1.300416E-001   3.692950E-002   1.918504E-002
   8.658098E-001   8.203724E-001   3.686360E-001   1.297450E-001   3.684525E-002   1.914128E-002
   8.637224E-001   8.183966E-001   3.677483E-001   1.294326E-001   3.675653E-002   1.909519E-002
   8.615250E-001   8.163164E-001   3.668135E-001   1.291036E-001   3.666307E-002   1.904665E-002
   8.592131E-001   8.141278E-001   3.658300E-001   1.287574E-001   3.656481E-002   1.901676E-002
   8.567825E-001   8.118265E-001   3.647960E-001   1.283935E-001   3.646144E-002   1.894189E-002
   8.542288E-001   8.094086E-001   3.637095E-001   1.280111E-001   3.635286E-002   1.888548E-002
   8.515478E-001   8.068700E-001   3.625688E-001   1.276096E-001   3.623884E-002   1.882624E-002
   8.487353E-001   8.042066E-001   3.613720E-001   1.271883E-001   3.611922E-002   1.876410E-002
   8.457871E-001   8.014147E-001   3.601174E-001   1.267468E-001   3.599379E-002   1.869896E-002
   8.426993E-001   7.984902E-001   3.588033E-001   1.262843E-001   3.586248E-002   1.863073E-002
   8.394679E-001   7.954297E-001   3.574256E-001   1.258003E-001   3.572503E-002   1.855932E-002
   8.360893E-001   7.922296E-001   3.559901E-001   1.252942E-001   3.558142E-002   1.848463E-002
   8.325599E-001   7.888864E-001   3.544879E-001   1.247655E-001   3.543119E-002   1.840666E-002
   8.288765E-001   7.853973E-001   3.529201E-001   1.242136E-001   3.527449E-002   1.832526E-002
   8.250359E-001   7.817591E-001   3.512853E-001   1.236383E-001   3.511105E-002   1.824035E-002
   8.210356E-001   7.779694E-001   3.495821E-001   1.230389E-001   3.494085E-002   1.815193E-002
   8.168729E-001   7.740259E-001   3.478104E-001   1.224152E-001   3.476372E-002   1.805993E-002
   8.125457E-001   7.699264E-001   3.459684E-001   1.217669E-001   3.457963E-002   1.796427E-002
   8.080524E-001   7.656693E-001   3.440555E-001   1.210937E-001   3.438843E-002   1.786495E-002
   8.033915E-001   7.612535E-001   3.420713E-001   1.203953E-001   3.419011E-002   1.776191E-002
   7.985621E-001   7.566778E-001   3.400153E-001   1.196717E-001   3.398461E-002   1.765516E-002
   7.935636E-001   7.519418E-001   3.378872E-001   1.189227E-001   3.377191E-002   1.754465E-002
   7.883958E-001   7.470454E-001   3.356870E-001   1.181483E-001   3.355203E-002   1.743042E-002
   7.830592E-001   7.419890E-001   3.334150E-001   1.173486E-001   3.332491E-002   1.731245E-002
   7.775546E-001   7.367732E-001   3.310713E-001   1.165238E-001   3.309062E-002   1.719077E-002
   7.718831E-001   7.313994E-001   3.286566E-001   1.156739E-001   3.284931E-002   1.706533E-002
   7.660466E-001   7.258691E-001   3.261716E-001   1.147993E-001   3.260099E-002   1.693634E-002
   7.600473E-001   7.201845E-001   3.236161E-001   1.139000E-001   3.234563E-002   1.680370E-002
   7.538879E-001   7.143481E-001   3.209947E-001   1.129769E-001   3.208373E-002   1.666753E-002
   7.475716E-001   7.083630E-001   3.183051E-001   1.120307E-001   3.181471E-002   1.652788E-002
   7.411018E-001   7.022325E-001   3.155506E-001   1.110611E-001   3.153936E-002   1.638485E-002
   7.344828E-001   6.959605E-001   3.127323E-001   1.100692E-001   3.125767E-002   1.623851E-002
   7.277189E-001   6.895512E-001   3.098523E-001   1.090555E-001   3.096981E-002   1.608896E-002
   7.208150E-001   6.830092E-001   3.069126E-001   1.080209E-001   3.067600E-002   1.593632E-002
   7.137764E-001   6.763395E-001   3.039149E-001   1.069661E-001   3.037644E-002   1.578070E-002
   7.066086E-001   6.695473E-001   3.008636E-001   1.058918E-001   3.007142E-002   1.562223E-002
   6.993174E-001   6.626383E-001   2.977589E-001   1.047992E-001   2.976103E-002   1.546102E-002
   6.919092E-001   6.556183E-001   2.946044E-001   1.036888E-001   2.944580E-002   1.529722E-002
   6.843903E-001   6.484934E-001   2.914030E-001   1.025621E-001   2.912580E-002   1.513094E-002
   0.000000E+000   0.000000E+000   0.000000E+000   0.000000E+000   0.000000E+000   0.000000E+000
