  -1.000000E+000  -1.000000E+000  -1.000000E+000  -1.000000E+000  -1.000000E+000  -1.000000E+000
  -9.999997E-001  -9.999997E-001  -9.999997E-001  -9.999997E-001  -9.999997E-001  -9.999997E-001
  -9.999994E-001  -9.999994E-001  -9.999994E-001  -9.999994E-001  -9.999994E-001  -9.999994E-001
  -9.999992E-001  -9.999992E-001  -9.999992E-001  -9.999992E-001  -9.999992E-001  -9.999992E-001
  -9.999990E-001  -9.999990E-001  -9.999990E-001  -9.999990E-001  -9.999989E-001  -9.999989E-001
  -9.999987E-001  -9.999987E-001  -9.999987E-001  -9.999987E-001  -9.999987E-001  -9.999987E-001
  -9.999985E-001  -9.999985E-001  -9.999985E-001  -9.999985E-001  -9.999985E-001  -9.999984E-001
  -9.999983E-001  -9.999983E-001  -9.999983E-001  -9.999983E-001  -9.999983E-001  -9.999982E-001
  -9.999981E-001  -9.999981E-001  -9.999981E-001  -9.999981E-001  -9.999981E-001  -9.999980E-001
  -9.999979E-001  -9.999979E-001  -9.999979E-001  -9.999979E-001  -9.999979E-001  -9.999978E-001
  -9.999977E-001  -9.999977E-001  -9.999977E-001  -9.999977E-001  -9.999977E-001  -9.999976E-001
  -9.999976E-001  -9.999976E-001  -9.999976E-001  -9.999976E-001  -9.999975E-001  -9.999974E-001
  -9.999974E-001  -9.999974E-001  -9.999974E-001  -9.999974E-001  -9.999973E-001  -9.999973E-001
  -9.999972E-001  -9.999972E-001  -9.999972E-001  -9.999972E-001  -9.999972E-001  -9.999971E-001
  -9.999970E-001  -9.999970E-001  -9.999970E-001  -9.999970E-001  -9.999970E-001  -9.999969E-001
  -9.999969E-001  -9.999969E-001  -9.999969E-001  -9.999969E-001  -9.999968E-001  -9.999967E-001
  -9.999967E-001  -9.999967E-001  -9.999967E-001  -9.999967E-001  -9.999966E-001  -9.999965E-001
  -9.999965E-001  -9.999965E-001  -9.999965E-001  -9.999965E-001  -9.999964E-001  -9.999963E-001
  -9.999963E-001  -9.999963E-001  -9.999963E-001  -9.999963E-001  -9.999963E-001  -9.999961E-001
  -9.999962E-001  -9.999962E-001  -9.999962E-001  -9.999962E-001  -9.999961E-001  -9.999960E-001
  -9.999960E-001  -9.999960E-001  -9.999960E-001  -9.999960E-001  -9.999959E-001  -9.999958E-001
  -9.999958E-001  -9.999958E-001  -9.999958E-001  -9.999958E-001  -9.999957E-001  -9.999956E-001
  -9.999956E-001  -9.999956E-001  -9.999956E-001  -9.999956E-001  -9.999955E-001  -9.999954E-001
  -9.999954E-001  -9.999954E-001  -9.999954E-001  -9.999954E-001  -9.999953E-001  -9.999952E-001
  -9.999952E-001  -9.999952E-001  -9.999952E-001  -9.999952E-001  -9.999951E-001  -9.999949E-001
  -9.999950E-001  -9.999950E-001  -9.999950E-001  -9.999950E-001  -9.999949E-001  -9.999947E-001
  -9.999948E-001  -9.999948E-001  -9.999948E-001  -9.999948E-001  -9.999947E-001  -9.999945E-001
  -9.999946E-001  -9.999946E-001  -9.999946E-001  -9.999946E-001  -9.999945E-001  -9.999943E-001
  -9.999944E-001  -9.999944E-001  -9.999944E-001  -9.999944E-001  -9.999943E-001  -9.999940E-001
  -9.999942E-001  -9.999942E-001  -9.999942E-001  -9.999942E-001  -9.999940E-001  -9.999938E-001
  -9.999940E-001  -9.999940E-001  -9.999940E-001  -9.999939E-001  -9.999938E-001  -9.999935E-001
  -9.999937E-001  -9.999937E-001  -9.999937E-001  -9.999937E-001  -9.999935E-001  -9.999933E-001
  -9.999935E-001  -9.999935E-001  -9.999935E-001  -9.999934E-001  -9.999933E-001  -9.999930E-001
  -9.999932E-001  -9.999932E-001  -9.999932E-001  -9.999932E-001  -9.999930E-001  -9.999927E-001
  -9.999930E-001  -9.999930E-001  -9.999930E-001  -9.999929E-001  -9.999927E-001  -9.999924E-001
  -9.999927E-001  -9.999927E-001  -9.999927E-001  -9.999927E-001  -9.999924E-001  -9.999921E-001
  -9.999924E-001  -9.999924E-001  -9.999924E-001  -9.999924E-001  -9.999921E-001  -9.999918E-001
  -9.999921E-001  -9.999921E-001  -9.999921E-001  -9.999921E-001  -9.999918E-001  -9.999914E-001
  -9.999918E-001  -9.999918E-001  -9.999918E-001  -9.999918E-001  -9.999915E-001  -9.999911E-001
  -9.999915E-001  -9.999915E-001  -9.999915E-001  -9.999915E-001  -9.999912E-001  -9.999907E-001
  -9.999912E-001  -9.999912E-001  -9.999912E-001  -9.999911E-001  -9.999908E-001  -9.999903E-001
  -9.999908E-001  -9.999908E-001  -9.999908E-001  -9.999908E-001  -9.999905E-001  -9.999900E-001
  -9.999905E-001  -9.999905E-001  -9.999905E-001  -9.999904E-001  -9.999901E-001  -9.999895E-001
  -9.999901E-001  -9.999901E-001  -9.999901E-001  -9.999901E-001  -9.999897E-001  -9.999891E-001
  -9.999898E-001  -9.999898E-001  -9.999898E-001  -9.999897E-001  -9.999893E-001  -9.999887E-001
  -9.999894E-001  -9.999894E-001  -9.999894E-001  -9.999893E-001  -9.999889E-001  -9.999882E-001
  -9.999890E-001  -9.999890E-001  -9.999890E-001  -9.999889E-001  -9.999885E-001  -9.999877E-001
  -9.999886E-001  -9.999886E-001  -9.999886E-001  -9.999885E-001  -9.999880E-001  -9.999872E-001
  -9.999881E-001  -9.999881E-001  -9.999881E-001  -9.999880E-001  -9.999875E-001  -9.999867E-001
  -9.999877E-001  -9.999877E-001  -9.999877E-001  -9.999876E-001  -9.999871E-001  -9.999861E-001
  -9.999872E-001  -9.999872E-001  -9.999872E-001  -9.999871E-001  -9.999865E-001  -9.999856E-001
  -9.999867E-001  -9.999867E-001  -9.999867E-001  -9.999866E-001  -9.999860E-001  -9.999849E-001
  -9.999862E-001  -9.999862E-001  -9.999862E-001  -9.999861E-001  -9.999855E-001  -9.999843E-001
  -9.999857E-001  -9.999857E-001  -9.999857E-001  -9.999856E-001  -9.999849E-001  -9.999837E-001
  -9.999852E-001  -9.999852E-001  -9.999852E-001  -9.999851E-001  -9.999843E-001  -9.999830E-001
  -9.999846E-001  -9.999846E-001  -9.999846E-001  -9.999845E-001  -9.999837E-001  -9.999822E-001
  -9.999841E-001  -9.999841E-001  -9.999840E-001  -9.999839E-001  -9.999830E-001  -9.999815E-001
  -9.999835E-001  -9.999835E-001  -9.999834E-001  -9.999833E-001  -9.999823E-001  -9.999807E-001
  -9.999828E-001  -9.999828E-001  -9.999828E-001  -9.999827E-001  -9.999816E-001  -9.999799E-001
  -9.999822E-001  -9.999822E-001  -9.999822E-001  -9.999820E-001  -9.999809E-001  -9.999790E-001
  -9.999815E-001  -9.999815E-001  -9.999815E-001  -9.999813E-001  -9.999801E-001  -9.999781E-001
  -9.999808E-001  -9.999808E-001  -9.999808E-001  -9.999806E-001  -9.999793E-001  -9.999772E-001
  -9.999801E-001  -9.999801E-001  -9.999801E-001  -9.999799E-001  -9.999785E-001  -9.999762E-001
  -9.999794E-001  -9.999794E-001  -9.999793E-001  -9.999791E-001  -9.999776E-001  -9.999751E-001
  -9.999786E-001  -9.999786E-001  -9.999785E-001  -9.999783E-001  -9.999767E-001  -9.999740E-001
  -9.999778E-001  -9.999778E-001  -9.999777E-001  -9.999775E-001  -9.999758E-001  -9.999729E-001
  -9.999769E-001  -9.999769E-001  -9.999769E-001  -9.999766E-001  -9.999748E-001  -9.999717E-001
  -9.999761E-001  -9.999761E-001  -9.999760E-001  -9.999757E-001  -9.999738E-001  -9.999704E-001
  -9.999752E-001  -9.999752E-001  -9.999751E-001  -9.999748E-001  -9.999727E-001  -9.999691E-001
  -9.999742E-001  -9.999742E-001  -9.999742E-001  -9.999738E-001  -9.999716E-001  -9.999677E-001
  -9.999733E-001  -9.999733E-001  -9.999732E-001  -9.999729E-001  -9.999704E-001  -9.999662E-001
  -9.999723E-001  -9.999723E-001  -9.999722E-001  -9.999718E-001  -9.999692E-001  -9.999647E-001
  -9.999712E-001  -9.999712E-001  -9.999712E-001  -9.999707E-001  -9.999679E-001  -9.999631E-001
  -9.999702E-001  -9.999702E-001  -9.999701E-001  -9.999696E-001  -9.999666E-001  -9.999614E-001
  -9.999690E-001  -9.999690E-001  -9.999690E-001  -9.999685E-001  -9.999652E-001  -9.999596E-001
  -9.999679E-001  -9.999679E-001  -9.999678E-001  -9.999673E-001  -9.999637E-001  -9.999577E-001
  -9.999667E-001  -9.999667E-001  -9.999666E-001  -9.999660E-001  -9.999622E-001  -9.999557E-001
  -9.999654E-001  -9.999654E-001  -9.999653E-001  -9.999647E-001  -9.999606E-001  -9.999536E-001
  -9.999641E-001  -9.999641E-001  -9.999640E-001  -9.999634E-001  -9.999590E-001  -9.999514E-001
  -9.999628E-001  -9.999628E-001  -9.999627E-001  -9.999619E-001  -9.999572E-001  -9.999491E-001
  -9.999614E-001  -9.999614E-001  -9.999613E-001  -9.999605E-001  -9.999554E-001  -9.999467E-001
  -9.999599E-001  -9.999599E-001  -9.999598E-001  -9.999590E-001  -9.999535E-001  -9.999441E-001
  -9.999584E-001  -9.999584E-001  -9.999583E-001  -9.999574E-001  -9.999515E-001  -9.999414E-001
  -9.999569E-001  -9.999569E-001  -9.999567E-001  -9.999558E-001  -9.999494E-001  -9.999385E-001
  -9.999552E-001  -9.999552E-001  -9.999551E-001  -9.999540E-001  -9.999472E-001  -9.999355E-001
  -9.999536E-001  -9.999536E-001  -9.999534E-001  -9.999523E-001  -9.999449E-001  -9.999323E-001
  -9.999518E-001  -9.999518E-001  -9.999516E-001  -9.999504E-001  -9.999425E-001  -9.999290E-001
  -9.999500E-001  -9.999500E-001  -9.999498E-001  -9.999485E-001  -9.999400E-001  -9.999254E-001
  -9.999481E-001  -9.999481E-001  -9.999479E-001  -9.999465E-001  -9.999374E-001  -9.999217E-001
  -9.999462E-001  -9.999462E-001  -9.999460E-001  -9.999445E-001  -9.999346E-001  -9.999177E-001
  -9.999442E-001  -9.999442E-001  -9.999439E-001  -9.999423E-001  -9.999317E-001  -9.999135E-001
  -9.999421E-001  -9.999421E-001  -9.999418E-001  -9.999401E-001  -9.999287E-001  -9.999091E-001
  -9.999399E-001  -9.999399E-001  -9.999396E-001  -9.999378E-001  -9.999255E-001  -9.999044E-001
  -9.999376E-001  -9.999376E-001  -9.999373E-001  -9.999353E-001  -9.999221E-001  -9.998994E-001
  -9.999353E-001  -9.999353E-001  -9.999350E-001  -9.999328E-001  -9.999186E-001  -9.998942E-001
  -9.999329E-001  -9.999329E-001  -9.999325E-001  -9.999302E-001  -9.999149E-001  -9.998886E-001
  -9.999303E-001  -9.999303E-001  -9.999300E-001  -9.999275E-001  -9.999110E-001  -9.998827E-001
  -9.999277E-001  -9.999277E-001  -9.999273E-001  -9.999246E-001  -9.999069E-001  -9.998764E-001
  -9.999250E-001  -9.999250E-001  -9.999246E-001  -9.999217E-001  -9.999026E-001  -9.998698E-001
  -9.999222E-001  -9.999222E-001  -9.999218E-001  -9.999186E-001  -9.998981E-001  -9.998628E-001
  -9.999193E-001  -9.999193E-001  -9.999188E-001  -9.999154E-001  -9.998933E-001  -9.998553E-001
  -9.999163E-001  -9.999162E-001  -9.999157E-001  -9.999121E-001  -9.998883E-001  -9.998474E-001
  -9.999131E-001  -9.999131E-001  -9.999126E-001  -9.999087E-001  -9.998831E-001  -9.998390E-001
  -9.999099E-001  -9.999098E-001  -9.999093E-001  -9.999051E-001  -9.998775E-001  -9.998301E-001
  -9.999065E-001  -9.999065E-001  -9.999058E-001  -9.999013E-001  -9.998716E-001  -9.998206E-001
  -9.999030E-001  -9.999030E-001  -9.999023E-001  -9.998974E-001  -9.998655E-001  -9.998105E-001
  -9.998993E-001  -9.998993E-001  -9.998986E-001  -9.998933E-001  -9.998590E-001  -9.997998E-001
  -9.998955E-001  -9.998955E-001  -9.998948E-001  -9.998891E-001  -9.998521E-001  -9.997884E-001
  -9.998916E-001  -9.998916E-001  -9.998908E-001  -9.998847E-001  -9.998449E-001  -9.997763E-001
  -9.998876E-001  -9.998876E-001  -9.998866E-001  -9.998801E-001  -9.998372E-001  -9.997635E-001
  -9.998833E-001  -9.998833E-001  -9.998824E-001  -9.998753E-001  -9.998292E-001  -9.997498E-001
  -9.998790E-001  -9.998790E-001  -9.998779E-001  -9.998703E-001  -9.998207E-001  -9.997352E-001
  -9.998744E-001  -9.998744E-001  -9.998733E-001  -9.998651E-001  -9.998117E-001  -9.997197E-001
  -9.998697E-001  -9.998697E-001  -9.998685E-001  -9.998597E-001  -9.998022E-001  -9.997031E-001
  -9.998648E-001  -9.998648E-001  -9.998635E-001  -9.998541E-001  -9.997921E-001  -9.996855E-001
  -9.998598E-001  -9.998598E-001  -9.998583E-001  -9.998482E-001  -9.997815E-001  -9.996667E-001
  -9.998545E-001  -9.998545E-001  -9.998530E-001  -9.998420E-001  -9.997703E-001  -9.996467E-001
  -9.998491E-001  -9.998490E-001  -9.998474E-001  -9.998356E-001  -9.997584E-001  -9.996254E-001
  -9.998434E-001  -9.998434E-001  -9.998416E-001  -9.998289E-001  -9.997458E-001  -9.996027E-001
  -9.998375E-001  -9.998375E-001  -9.998356E-001  -9.998220E-001  -9.997324E-001  -9.995784E-001
  -9.998314E-001  -9.998314E-001  -9.998294E-001  -9.998147E-001  -9.997183E-001  -9.995525E-001
  -9.998251E-001  -9.998251E-001  -9.998229E-001  -9.998071E-001  -9.997034E-001  -9.995249E-001
  -9.998186E-001  -9.998185E-001  -9.998162E-001  -9.997992E-001  -9.996875E-001  -9.994954E-001
  -9.998118E-001  -9.998117E-001  -9.998092E-001  -9.997909E-001  -9.996707E-001  -9.994639E-001
  -9.998047E-001  -9.998047E-001  -9.998019E-001  -9.997822E-001  -9.996529E-001  -9.994303E-001
  -9.997974E-001  -9.997974E-001  -9.997944E-001  -9.997732E-001  -9.996340E-001  -9.993944E-001
  -9.997898E-001  -9.997898E-001  -9.997866E-001  -9.997637E-001  -9.996139E-001  -9.993560E-001
  -9.997819E-001  -9.997819E-001  -9.997785E-001  -9.997539E-001  -9.995926E-001  -9.993150E-001
  -9.997738E-001  -9.997737E-001  -9.997700E-001  -9.997436E-001  -9.995699E-001  -9.992712E-001
  -9.997653E-001  -9.997652E-001  -9.997613E-001  -9.997328E-001  -9.995459E-001  -9.992244E-001
  -9.997565E-001  -9.997564E-001  -9.997522E-001  -9.997215E-001  -9.995204E-001  -9.991743E-001
  -9.997474E-001  -9.997473E-001  -9.997427E-001  -9.997097E-001  -9.994932E-001  -9.991207E-001
  -9.997379E-001  -9.997379E-001  -9.997329E-001  -9.996974E-001  -9.994644E-001  -9.990634E-001
  -9.997281E-001  -9.997280E-001  -9.997227E-001  -9.996845E-001  -9.994337E-001  -9.990022E-001
  -9.997179E-001  -9.997179E-001  -9.997122E-001  -9.996710E-001  -9.994010E-001  -9.989366E-001
  -9.997074E-001  -9.997073E-001  -9.997012E-001  -9.996568E-001  -9.993663E-001  -9.988664E-001
  -9.996964E-001  -9.996963E-001  -9.996897E-001  -9.996420E-001  -9.993293E-001  -9.987913E-001
  -9.996850E-001  -9.996850E-001  -9.996779E-001  -9.996265E-001  -9.992899E-001  -9.987108E-001
  -9.996733E-001  -9.996732E-001  -9.996655E-001  -9.996103E-001  -9.992480E-001  -9.986247E-001
  -9.996610E-001  -9.996610E-001  -9.996527E-001  -9.995932E-001  -9.992033E-001  -9.985325E-001
  -9.996484E-001  -9.996483E-001  -9.996394E-001  -9.995754E-001  -9.991557E-001  -9.984338E-001
  -9.996352E-001  -9.996351E-001  -9.996256E-001  -9.995567E-001  -9.991050E-001  -9.983280E-001
  -9.996216E-001  -9.996215E-001  -9.996112E-001  -9.995370E-001  -9.990509E-001  -9.982147E-001
  -9.996074E-001  -9.996073E-001  -9.995962E-001  -9.995164E-001  -9.989932E-001  -9.980933E-001
  -9.995927E-001  -9.995926E-001  -9.995807E-001  -9.994948E-001  -9.989317E-001  -9.979632E-001
  -9.995775E-001  -9.995774E-001  -9.995646E-001  -9.994721E-001  -9.988661E-001  -9.978238E-001
  -9.995617E-001  -9.995616E-001  -9.995478E-001  -9.994483E-001  -9.987961E-001  -9.976744E-001
  -9.995454E-001  -9.995452E-001  -9.995304E-001  -9.994233E-001  -9.987213E-001  -9.975143E-001
  -9.995284E-001  -9.995282E-001  -9.995122E-001  -9.993970E-001  -9.986416E-001  -9.973426E-001
  -9.995108E-001  -9.995106E-001  -9.994934E-001  -9.993694E-001  -9.985564E-001  -9.971585E-001
  -9.994925E-001  -9.994923E-001  -9.994738E-001  -9.993404E-001  -9.984654E-001  -9.969612E-001
  -9.994735E-001  -9.994733E-001  -9.994534E-001  -9.993098E-001  -9.983682E-001  -9.967495E-001
  -9.994539E-001  -9.994537E-001  -9.994322E-001  -9.992777E-001  -9.982644E-001  -9.965226E-001
  -9.994335E-001  -9.994333E-001  -9.994102E-001  -9.992439E-001  -9.981535E-001  -9.962792E-001
  -9.994124E-001  -9.994121E-001  -9.993873E-001  -9.992083E-001  -9.980349E-001  -9.960181E-001
  -9.993905E-001  -9.993902E-001  -9.993635E-001  -9.991709E-001  -9.979082E-001  -9.957381E-001
  -9.993677E-001  -9.993675E-001  -9.993387E-001  -9.991314E-001  -9.977727E-001  -9.954377E-001
  -9.993442E-001  -9.993439E-001  -9.993129E-001  -9.990899E-001  -9.976278E-001  -9.951155E-001
  -9.993197E-001  -9.993194E-001  -9.992861E-001  -9.990461E-001  -9.974728E-001  -9.947698E-001
  -9.992944E-001  -9.992940E-001  -9.992582E-001  -9.989999E-001  -9.973070E-001  -9.943989E-001
  -9.992681E-001  -9.992677E-001  -9.992292E-001  -9.989512E-001  -9.971297E-001  -9.940009E-001
  -9.992408E-001  -9.992404E-001  -9.991989E-001  -9.988999E-001  -9.969400E-001  -9.935739E-001
  -9.992126E-001  -9.992122E-001  -9.991675E-001  -9.988457E-001  -9.967369E-001  -9.931157E-001
  -9.991833E-001  -9.991828E-001  -9.991348E-001  -9.987885E-001  -9.965196E-001  -9.926240E-001
  -9.991529E-001  -9.991524E-001  -9.991007E-001  -9.987282E-001  -9.962870E-001  -9.920965E-001
  -9.991214E-001  -9.991209E-001  -9.990652E-001  -9.986644E-001  -9.960380E-001  -9.915303E-001
  -9.990887E-001  -9.990882E-001  -9.990283E-001  -9.985970E-001  -9.957714E-001  -9.909228E-001
  -9.990549E-001  -9.990543E-001  -9.989899E-001  -9.985258E-001  -9.954860E-001  -9.902708E-001
  -9.990198E-001  -9.990191E-001  -9.989498E-001  -9.984506E-001  -9.951804E-001  -9.895711E-001
  -9.989834E-001  -9.989827E-001  -9.989081E-001  -9.983710E-001  -9.948530E-001  -9.888203E-001
  -9.989457E-001  -9.989449E-001  -9.988647E-001  -9.982868E-001  -9.945024E-001  -9.880146E-001
  -9.989066E-001  -9.989057E-001  -9.988194E-001  -9.981978E-001  -9.941269E-001  -9.871499E-001
  -9.988660E-001  -9.988651E-001  -9.987723E-001  -9.981035E-001  -9.937247E-001  -9.862221E-001
  -9.988240E-001  -9.988230E-001  -9.987232E-001  -9.980037E-001  -9.932937E-001  -9.852265E-001
  -9.987804E-001  -9.987794E-001  -9.986720E-001  -9.978980E-001  -9.928321E-001  -9.841582E-001
  -9.987353E-001  -9.987342E-001  -9.986186E-001  -9.977860E-001  -9.923375E-001  -9.830119E-001
  -9.986885E-001  -9.986873E-001  -9.985630E-001  -9.976674E-001  -9.918075E-001  -9.817820E-001
  -9.986400E-001  -9.986387E-001  -9.985050E-001  -9.975417E-001  -9.912397E-001  -9.804625E-001
  -9.985897E-001  -9.985883E-001  -9.984445E-001  -9.974083E-001  -9.906312E-001  -9.790469E-001
  -9.985376E-001  -9.985362E-001  -9.983814E-001  -9.972670E-001  -9.899792E-001  -9.775284E-001
  -9.984836E-001  -9.984821E-001  -9.983156E-001  -9.971170E-001  -9.892805E-001  -9.758996E-001
  -9.984277E-001  -9.984260E-001  -9.982470E-001  -9.969579E-001  -9.885318E-001  -9.741526E-001
  -9.983697E-001  -9.983679E-001  -9.981754E-001  -9.967890E-001  -9.877294E-001  -9.722791E-001
  -9.983097E-001  -9.983077E-001  -9.981007E-001  -9.966097E-001  -9.868697E-001  -9.702700E-001
  -9.982475E-001  -9.982453E-001  -9.980227E-001  -9.964193E-001  -9.859483E-001  -9.681159E-001
  -9.981830E-001  -9.981807E-001  -9.979413E-001  -9.962171E-001  -9.849610E-001  -9.658066E-001
  -9.981162E-001  -9.981137E-001  -9.978563E-001  -9.960022E-001  -9.839030E-001  -9.633313E-001
  -9.980470E-001  -9.980443E-001  -9.977675E-001  -9.957740E-001  -9.827694E-001  -9.606784E-001
  -9.979753E-001  -9.979725E-001  -9.976748E-001  -9.955314E-001  -9.815547E-001  -9.578357E-001
  -9.979011E-001  -9.978980E-001  -9.975779E-001  -9.952735E-001  -9.802532E-001  -9.547901E-001
  -9.978242E-001  -9.978209E-001  -9.974768E-001  -9.949992E-001  -9.788589E-001  -9.515278E-001
  -9.977445E-001  -9.977410E-001  -9.973710E-001  -9.947076E-001  -9.773651E-001  -9.480342E-001
  -9.976621E-001  -9.976582E-001  -9.972605E-001  -9.943974E-001  -9.757650E-001  -9.442937E-001
  -9.975766E-001  -9.975726E-001  -9.971450E-001  -9.940674E-001  -9.740511E-001  -9.402898E-001
  -9.974882E-001  -9.974838E-001  -9.970242E-001  -9.937162E-001  -9.722154E-001  -9.360052E-001
  -9.973966E-001  -9.973919E-001  -9.968978E-001  -9.933425E-001  -9.702496E-001  -9.314214E-001
  -9.973018E-001  -9.972967E-001  -9.967657E-001  -9.929448E-001  -9.681446E-001  -9.265192E-001
  -9.972037E-001  -9.971982E-001  -9.966275E-001  -9.925213E-001  -9.658911E-001  -9.212781E-001
  -9.971021E-001  -9.970962E-001  -9.964828E-001  -9.920704E-001  -9.634787E-001  -9.156767E-001
  -9.969969E-001  -9.969906E-001  -9.963314E-001  -9.915903E-001  -9.608967E-001  -9.096926E-001
  -9.968881E-001  -9.968813E-001  -9.961730E-001  -9.910791E-001  -9.581337E-001  -9.033021E-001
  -9.967754E-001  -9.967682E-001  -9.960070E-001  -9.905345E-001  -9.551776E-001  -8.964808E-001
  -9.966589E-001  -9.966511E-001  -9.958333E-001  -9.899544E-001  -9.520155E-001  -8.892031E-001
  -9.965383E-001  -9.965299E-001  -9.956513E-001  -9.893364E-001  -9.486338E-001  -8.814423E-001
  -9.964135E-001  -9.964045E-001  -9.954607E-001  -9.886781E-001  -9.450181E-001  -8.731709E-001
  -9.962844E-001  -9.962747E-001  -9.952609E-001  -9.879766E-001  -9.411533E-001  -8.643606E-001
  -9.961509E-001  -9.961405E-001  -9.950515E-001  -9.872292E-001  -9.370233E-001  -8.549820E-001
  -9.960128E-001  -9.960016E-001  -9.948320E-001  -9.864327E-001  -9.326113E-001  -8.450052E-001
  -9.958700E-001  -9.958580E-001  -9.946019E-001  -9.855840E-001  -9.278995E-001  -8.343998E-001
  -9.957224E-001  -9.957094E-001  -9.943606E-001  -9.846795E-001  -9.228694E-001  -8.231349E-001
  -9.955697E-001  -9.955558E-001  -9.941075E-001  -9.837157E-001  -9.175014E-001  -8.111795E-001
  -9.954119E-001  -9.953970E-001  -9.938420E-001  -9.826885E-001  -9.117750E-001  -7.985026E-001
  -9.952487E-001  -9.952327E-001  -9.935634E-001  -9.815939E-001  -9.056690E-001  -7.850736E-001
  -9.950801E-001  -9.950630E-001  -9.932711E-001  -9.804274E-001  -8.991611E-001  -7.708624E-001
  -9.949059E-001  -9.948875E-001  -9.929642E-001  -9.791844E-001  -8.922284E-001  -7.558403E-001
  -9.947259E-001  -9.947061E-001  -9.926420E-001  -9.778598E-001  -8.848470E-001  -7.399799E-001
  -9.945399E-001  -9.945187E-001  -9.923038E-001  -9.764485E-001  -8.769921E-001  -7.232559E-001
  -9.943478E-001  -9.943250E-001  -9.919485E-001  -9.749448E-001  -8.686384E-001  -7.056455E-001
  -9.941494E-001  -9.941250E-001  -9.915754E-001  -9.733428E-001  -8.597600E-001  -6.871294E-001
  -9.939446E-001  -9.939184E-001  -9.911834E-001  -9.716364E-001  -8.503304E-001  -6.676921E-001
  -9.937331E-001  -9.937050E-001  -9.907715E-001  -9.698188E-001  -8.403225E-001  -6.473228E-001
  -9.935148E-001  -9.934847E-001  -9.903387E-001  -9.678831E-001  -8.297094E-001  -6.260168E-001
  -9.932895E-001  -9.932572E-001  -9.898838E-001  -9.658219E-001  -8.184637E-001  -6.037756E-001
  -9.930570E-001  -9.930224E-001  -9.894056E-001  -9.636275E-001  -8.065585E-001  -5.806087E-001
  -9.928172E-001  -9.927800E-001  -9.889029E-001  -9.612916E-001  -7.939672E-001  -5.565342E-001
  -9.925698E-001  -9.925300E-001  -9.883743E-001  -9.588057E-001  -7.806637E-001  -5.315801E-001
  -9.923147E-001  -9.922720E-001  -9.878185E-001  -9.561606E-001  -7.666234E-001  -5.057859E-001
  -9.920516E-001  -9.920059E-001  -9.872340E-001  -9.533468E-001  -7.518227E-001  -4.792031E-001
  -9.917805E-001  -9.917315E-001  -9.866193E-001  -9.503543E-001  -7.362400E-001  -4.518971E-001
  -9.915010E-001  -9.914485E-001  -9.859727E-001  -9.471727E-001  -7.198561E-001  -4.239481E-001
  -9.912131E-001  -9.911568E-001  -9.852925E-001  -9.437910E-001  -7.026548E-001  -3.954521E-001
  -9.909165E-001  -9.908562E-001  -9.845769E-001  -9.401976E-001  -6.846230E-001  -3.665221E-001
  -9.906110E-001  -9.905465E-001  -9.838241E-001  -9.363808E-001  -6.657522E-001  -3.372891E-001
  -9.902964E-001  -9.902274E-001  -9.830320E-001  -9.323279E-001  -6.460385E-001  -3.079022E-001
  -9.899726E-001  -9.898987E-001  -9.821986E-001  -9.280262E-001  -6.254836E-001  -2.785290E-001
  -9.896394E-001  -9.895603E-001  -9.813218E-001  -9.234622E-001  -6.040958E-001  -2.493557E-001
  -9.892965E-001  -9.892119E-001  -9.803992E-001  -9.186221E-001  -5.818907E-001  -2.205860E-001
  -9.889439E-001  -9.888534E-001  -9.794284E-001  -9.134914E-001  -5.588921E-001  -1.924401E-001
  -9.885813E-001  -9.884845E-001  -9.784070E-001  -9.080556E-001  -5.351330E-001  -1.651525E-001
  -9.882085E-001  -9.881050E-001  -9.773323E-001  -9.022994E-001  -5.106565E-001  -1.389690E-001
  -9.878254E-001  -9.877148E-001  -9.762016E-001  -8.962074E-001  -4.855169E-001  -1.141431E-001
  -9.874319E-001  -9.873136E-001  -9.750121E-001  -8.897638E-001  -4.597803E-001  -9.093152E-002
  -9.870277E-001  -9.869013E-001  -9.737608E-001  -8.829526E-001  -4.335256E-001  -6.958762E-002
  -9.866126E-001  -9.864776E-001  -9.724445E-001  -8.757575E-001  -4.068455E-001  -5.035515E-002
  -9.861867E-001  -9.860424E-001  -9.710601E-001  -8.681622E-001  -3.798466E-001  -3.346012E-002
  -9.857496E-001  -9.855956E-001  -9.696042E-001  -8.601506E-001  -3.526504E-001  -1.910197E-002
  -9.853013E-001  -9.851369E-001  -9.680732E-001  -8.517062E-001  -3.253928E-001  -7.444000E-003
  -9.848416E-001  -9.846661E-001  -9.664637E-001  -8.428131E-001  -2.982247E-001   1.396577E-003
  -9.843704E-001  -9.841832E-001  -9.647717E-001  -8.334557E-001  -2.713109E-001   7.358753E-003
  -9.838877E-001  -9.836880E-001  -9.629935E-001  -8.236189E-001  -2.448296E-001   1.044731E-002
  -9.833933E-001  -9.831803E-001  -9.611250E-001  -8.132880E-001  -2.189706E-001   1.074133E-002
  -9.828870E-001  -9.826600E-001  -9.591621E-001  -8.024496E-001  -1.939337E-001   8.400886E-003
  -9.823690E-001  -9.821270E-001  -9.571004E-001  -7.910910E-001  -1.699258E-001   3.671084E-003
  -9.818390E-001  -9.815812E-001  -9.549356E-001  -7.792009E-001  -1.471579E-001  -3.117487E-003
  -9.812970E-001  -9.810225E-001  -9.526630E-001  -7.667697E-001  -1.258407E-001  -1.155267E-002
  -9.807430E-001  -9.804507E-001  -9.502782E-001  -7.537893E-001  -1.061801E-001  -2.114987E-002
  -9.801770E-001  -9.798658E-001  -9.477762E-001  -7.402537E-001  -8.837204E-002  -3.136698E-002
  -9.795989E-001  -9.792678E-001  -9.451523E-001  -7.261595E-001  -7.259577E-002  -4.162536E-002
  -9.790088E-001  -9.786566E-001  -9.424014E-001  -7.115059E-001  -5.900785E-002  -5.133671E-002
  -9.784066E-001  -9.780321E-001  -9.395185E-001  -6.962948E-001  -4.773482E-002  -5.993508E-002
  -9.777925E-001  -9.773943E-001  -9.364985E-001  -6.805319E-001  -3.886615E-002  -6.691260E-002
  -9.771664E-001  -9.767433E-001  -9.333361E-001  -6.642263E-001  -3.244712E-002  -7.185669E-002
  -9.765285E-001  -9.760790E-001  -9.300262E-001  -6.473913E-001  -2.847228E-002  -7.448582E-002
  -9.758787E-001  -9.754015E-001  -9.265633E-001  -6.300445E-001  -2.687976E-002  -7.468011E-002
  -9.752173E-001  -9.747107E-001  -9.229423E-001  -6.122084E-001  -2.754687E-002  -7.250286E-002
  -9.745444E-001  -9.740068E-001  -9.191578E-001  -5.939104E-001  -3.028775E-002  -6.820874E-002
  -9.738600E-001  -9.732898E-001  -9.152045E-001  -5.751835E-001  -3.485322E-002  -6.223505E-002
  -9.731644E-001  -9.725599E-001  -9.110771E-001  -5.560664E-001  -4.093368E-002  -5.517368E-002
  -9.724577E-001  -9.718170E-001  -9.067706E-001  -5.366035E-001  -4.816533E-002  -4.772292E-002
  -9.717402E-001  -9.710614E-001  -9.022799E-001  -5.168455E-001  -5.613996E-002  -4.062123E-002
  -9.710120E-001  -9.702933E-001  -8.975999E-001  -4.968495E-001  -6.441869E-002  -3.456787E-002
  -9.702735E-001  -9.695126E-001  -8.927259E-001  -4.766786E-001  -7.254926E-002  -3.013838E-002
  -9.695248E-001  -9.687197E-001  -8.876533E-001  -4.564024E-001  -8.008661E-002  -2.770615E-002
  -9.687663E-001  -9.679148E-001  -8.823777E-001  -4.360966E-001  -8.661594E-002  -2.738247E-002
  -9.679982E-001  -9.670980E-001  -8.768951E-001  -4.158426E-001  -9.177703E-002  -2.898773E-002
  -9.672209E-001  -9.662696E-001  -8.712015E-001  -3.957276E-001  -9.528826E-002  -3.206404E-002
  -9.664346E-001  -9.654299E-001  -8.652934E-001  -3.758433E-001  -9.696833E-002  -3.593394E-002
  -9.656399E-001  -9.645790E-001  -8.591679E-001  -3.562861E-001  -9.675374E-002  -3.980256E-002
  -9.648369E-001  -9.637174E-001  -8.528223E-001  -3.371552E-001  -9.470943E-002  -4.289107E-002
  -9.640262E-001  -9.628453E-001  -8.462542E-001  -3.185526E-001  -9.103080E-002  -4.458005E-002
  -9.632081E-001  -9.619630E-001  -8.394622E-001  -3.005810E-001  -8.603520E-002  -4.453481E-002
  -9.623831E-001  -9.610709E-001  -8.324449E-001  -2.833429E-001  -8.014209E-002  -4.278262E-002
  -9.615515E-001  -9.601693E-001  -8.252020E-001  -2.669389E-001  -7.384183E-002  -3.971738E-002
  -9.607139E-001  -9.592586E-001  -8.177336E-001  -2.514659E-001  -6.765467E-002  -3.602039E-002
  -9.598707E-001  -9.583392E-001  -8.100405E-001  -2.370152E-001  -6.208268E-002  -3.250531E-002
  -9.590224E-001  -9.574114E-001  -8.021244E-001  -2.236706E-001  -5.755910E-002  -2.991792E-002
  -9.581694E-001  -9.564757E-001  -7.939877E-001  -2.115063E-001  -5.440059E-002  -2.873964E-002
  -9.573123E-001  -9.555324E-001  -7.856336E-001  -2.005848E-001  -5.276867E-002  -2.905151E-002
  -9.564516E-001  -9.545821E-001  -7.770663E-001  -1.909547E-001  -5.264666E-002  -3.050664E-002
  -9.555878E-001  -9.536251E-001  -7.682909E-001  -1.826491E-001  -5.383721E-002  -3.243209E-002
  -9.547214E-001  -9.526618E-001  -7.593135E-001  -1.756832E-001  -5.598355E-002  -3.404069E-002
  -9.538529E-001  -9.516928E-001  -7.501411E-001  -1.700535E-001  -5.861436E-002  -3.469181E-002
  -9.529829E-001  -9.507185E-001  -7.407818E-001  -1.657357E-001  -6.120840E-002  -3.414710E-002
  -9.521119E-001  -9.497394E-001  -7.312446E-001  -1.626846E-001  -6.327091E-002  -3.258213E-002
  -9.512405E-001  -9.487558E-001  -7.215400E-001  -1.608333E-001  -6.441065E-002  -3.050887E-002
  -9.503692E-001  -9.477683E-001  -7.116790E-001  -1.600937E-001  -6.440410E-002  -2.864692E-002
  -9.494985E-001  -9.467774E-001  -7.016742E-001  -1.603572E-001  -6.323425E-002  -2.758514E-002
  -9.486289E-001  -9.457835E-001  -6.915390E-001  -1.614964E-001  -6.109381E-002  -2.753369E-002
  -9.477611E-001  -9.447871E-001  -6.812879E-001  -1.633674E-001  -5.851584E-002  -2.824295E-002
  -9.454766E-001  -9.423878E-001  -6.708982E-001  -1.655165E-001  -5.563975E-002  -2.913688E-002
  -9.453564E-001  -9.422499E-001  -6.695282E-001  -1.658661E-001  -5.527202E-002  -2.923444E-002
  -9.452363E-001  -9.421119E-001  -6.681567E-001  -1.662226E-001  -5.491068E-002  -2.932292E-002
  -9.451159E-001  -9.419738E-001  -6.667840E-001  -1.665855E-001  -5.455673E-002  -2.940123E-002
  -9.449954E-001  -9.418354E-001  -6.654099E-001  -1.669545E-001  -5.421113E-002  -2.946839E-002
  -9.448747E-001  -9.416966E-001  -6.640345E-001  -1.673291E-001  -5.387482E-002  -2.952353E-002
  -9.447537E-001  -9.415576E-001  -6.626579E-001  -1.677089E-001  -5.354867E-002  -2.956591E-002
  -9.446323E-001  -9.414181E-001  -6.612802E-001  -1.680936E-001  -5.323353E-002  -2.959496E-002
  -9.445107E-001  -9.412782E-001  -6.599013E-001  -1.684826E-001  -5.293020E-002  -2.961020E-002
  -9.443886E-001  -9.411380E-001  -6.585214E-001  -1.688757E-001  -5.263939E-002  -2.961134E-002
  -9.442662E-001  -9.409972E-001  -6.571404E-001  -1.692723E-001  -5.236181E-002  -2.959821E-002
  -9.441433E-001  -9.408559E-001  -6.557584E-001  -1.696721E-001  -5.209807E-002  -2.957079E-002
  -9.440198E-001  -9.407139E-001  -6.543755E-001  -1.700746E-001  -5.184875E-002  -2.952923E-002
  -9.438956E-001  -9.405711E-001  -6.529916E-001  -1.704794E-001  -5.161434E-002  -2.947380E-002
  -9.437706E-001  -9.404276E-001  -6.516070E-001  -1.708861E-001  -5.139528E-002  -2.940493E-002
  -9.436449E-001  -9.402832E-001  -6.502216E-001  -1.712943E-001  -5.119193E-002  -2.932316E-002
  -9.435181E-001  -9.401378E-001  -6.488355E-001  -1.717035E-001  -5.100460E-002  -2.922920E-002
  -9.433904E-001  -9.399912E-001  -6.474487E-001  -1.721133E-001  -5.083350E-002  -2.912383E-002
  -9.432614E-001  -9.398434E-001  -6.460613E-001  -1.725232E-001  -5.067880E-002  -2.900799E-002
  -9.431312E-001  -9.396943E-001  -6.446734E-001  -1.729330E-001  -5.054057E-002  -2.888269E-002
  -9.429997E-001  -9.395439E-001  -6.432850E-001  -1.733421E-001  -5.041882E-002  -2.874903E-002
  -9.428669E-001  -9.393921E-001  -6.418962E-001  -1.737501E-001  -5.031348E-002  -2.860818E-002
  -9.427328E-001  -9.392389E-001  -6.405070E-001  -1.741567E-001  -5.022443E-002  -2.846138E-002
  -9.425973E-001  -9.390843E-001  -6.391176E-001  -1.745615E-001  -5.015145E-002  -2.830992E-002
  -9.424602E-001  -9.389281E-001  -6.377279E-001  -1.749640E-001  -5.009428E-002  -2.815510E-002
  -9.423216E-001  -9.387703E-001  -6.363381E-001  -1.753640E-001  -5.005257E-002  -2.799825E-002
  -9.421815E-001  -9.386109E-001  -6.349482E-001  -1.757609E-001  -5.002592E-002  -2.784069E-002
  -9.420396E-001  -9.384498E-001  -6.335583E-001  -1.761543E-001  -5.001387E-002  -2.768376E-002
  -9.418960E-001  -9.382868E-001  -6.321684E-001  -1.765440E-001  -5.001588E-002  -2.752872E-002
  -9.417504E-001  -9.381218E-001  -6.307787E-001  -1.769296E-001  -5.003137E-002  -2.737683E-002
  -9.416030E-001  -9.379550E-001  -6.293892E-001  -1.773106E-001  -5.005970E-002  -2.722926E-002
  -9.414536E-001  -9.377861E-001  -6.280000E-001  -1.776867E-001  -5.010017E-002  -2.708712E-002
  -9.413023E-001  -9.376153E-001  -6.266111E-001  -1.780576E-001  -5.015205E-002  -2.695144E-002
  -9.411487E-001  -9.374422E-001  -6.252226E-001  -1.784228E-001  -5.021455E-002  -2.682315E-002
  -9.409929E-001  -9.372668E-001  -6.238347E-001  -1.787821E-001  -5.028685E-002  -2.670309E-002
  -9.408348E-001  -9.370891E-001  -6.224474E-001  -1.791351E-001  -5.036808E-002  -2.659196E-002
  -9.406744E-001  -9.369090E-001  -6.210607E-001  -1.794815E-001  -5.045737E-002  -2.649036E-002
  -9.405116E-001  -9.367265E-001  -6.196748E-001  -1.798210E-001  -5.055380E-002  -2.639876E-002
  -9.403461E-001  -9.365414E-001  -6.182898E-001  -1.801532E-001  -5.065641E-002  -2.631751E-002
  -9.401779E-001  -9.363535E-001  -6.169056E-001  -1.804778E-001  -5.076427E-002  -2.624680E-002
  -9.400070E-001  -9.361628E-001  -6.155225E-001  -1.807945E-001  -5.087640E-002  -2.618672E-002
  -9.398333E-001  -9.359693E-001  -6.141405E-001  -1.811031E-001  -5.099185E-002  -2.613721E-002
  -9.396566E-001  -9.357728E-001  -6.127597E-001  -1.814032E-001  -5.110962E-002  -2.609809E-002
  -9.394767E-001  -9.355732E-001  -6.113802E-001  -1.816945E-001  -5.122876E-002  -2.606904E-002
  -9.392937E-001  -9.353703E-001  -6.100021E-001  -1.819769E-001  -5.134829E-002  -2.604965E-002
  -9.391073E-001  -9.351641E-001  -6.086255E-001  -1.822499E-001  -5.146730E-002  -2.603938E-002
  -9.389174E-001  -9.349544E-001  -6.072505E-001  -1.825135E-001  -5.158484E-002  -2.603759E-002
  -9.387239E-001  -9.347411E-001  -6.058771E-001  -1.827673E-001  -5.170001E-002  -2.604357E-002
  -9.385267E-001  -9.345240E-001  -6.045056E-001  -1.830111E-001  -5.181194E-002  -2.605651E-002
  -9.383255E-001  -9.343030E-001  -6.031360E-001  -1.832447E-001  -5.191980E-002  -2.607555E-002
  -9.381203E-001  -9.340780E-001  -6.017683E-001  -1.834679E-001  -5.202280E-002  -2.609976E-002
  -9.379109E-001  -9.338489E-001  -6.004029E-001  -1.836804E-001  -5.212017E-002  -2.612818E-002
  -9.376972E-001  -9.336153E-001  -5.990396E-001  -1.838822E-001  -5.221120E-002  -2.615985E-002
  -9.374789E-001  -9.333772E-001  -5.976787E-001  -1.840729E-001  -5.229524E-002  -2.619376E-002
  -9.372559E-001  -9.331345E-001  -5.963203E-001  -1.842526E-001  -5.237169E-002  -2.622894E-002
  -9.370280E-001  -9.328869E-001  -5.949645E-001  -1.844209E-001  -5.244000E-002  -2.626441E-002
  -9.367951E-001  -9.326343E-001  -5.936115E-001  -1.845779E-001  -5.249969E-002  -2.629925E-002
  -9.365569E-001  -9.323765E-001  -5.922612E-001  -1.847233E-001  -5.255032E-002  -2.633256E-002
  -9.363134E-001  -9.321134E-001  -5.909140E-001  -1.848570E-001  -5.259155E-002  -2.636352E-002
  -9.360642E-001  -9.318447E-001  -5.895698E-001  -1.849790E-001  -5.262307E-002  -2.639137E-002
  -9.358092E-001  -9.315702E-001  -5.882289E-001  -1.850892E-001  -5.264465E-002  -2.641542E-002
  -9.355483E-001  -9.312899E-001  -5.868914E-001  -1.851875E-001  -5.265613E-002  -2.643507E-002
  -9.352813E-001  -9.310035E-001  -5.855573E-001  -1.852738E-001  -5.265741E-002  -2.644980E-002
  -9.350079E-001  -9.307108E-001  -5.842269E-001  -1.853482E-001  -5.264847E-002  -2.645922E-002
  -9.347280E-001  -9.304117E-001  -5.829003E-001  -1.854106E-001  -5.262933E-002  -2.646299E-002
  -9.344414E-001  -9.301059E-001  -5.815776E-001  -1.854610E-001  -5.260008E-002  -2.646092E-002
  -9.341479E-001  -9.297934E-001  -5.802589E-001  -1.854994E-001  -5.256088E-002  -2.645286E-002
  -9.338474E-001  -9.294739E-001  -5.789445E-001  -1.855259E-001  -5.251195E-002  -2.643882E-002
  -9.335397E-001  -9.291473E-001  -5.776343E-001  -1.855405E-001  -5.245355E-002  -2.641885E-002
  -9.332246E-001  -9.288135E-001  -5.763286E-001  -1.855431E-001  -5.238599E-002  -2.639312E-002
  -9.329019E-001  -9.284721E-001  -5.750275E-001  -1.855341E-001  -5.230966E-002  -2.636186E-002
  -9.325716E-001  -9.281233E-001  -5.737312E-001  -1.855133E-001  -5.222494E-002  -2.632538E-002
  -9.322336E-001  -9.277668E-001  -5.724397E-001  -1.854809E-001  -5.213231E-002  -2.628406E-002
  -9.318876E-001  -9.274025E-001  -5.711532E-001  -1.854371E-001  -5.203223E-002  -2.623832E-002
  -9.315335E-001  -9.270302E-001  -5.698719E-001  -1.853820E-001  -5.192522E-002  -2.618864E-002
  -9.311713E-001  -9.266499E-001  -5.685958E-001  -1.853157E-001  -5.181181E-002  -2.613552E-002
  -9.308009E-001  -9.262616E-001  -5.673251E-001  -1.852383E-001  -5.169257E-002  -2.607949E-002
  -9.304223E-001  -9.258652E-001  -5.660599E-001  -1.851501E-001  -5.156807E-002  -2.602110E-002
  -9.300353E-001  -9.254606E-001  -5.648003E-001  -1.850513E-001  -5.143888E-002  -2.596089E-002
  -9.296399E-001  -9.250477E-001  -5.635465E-001  -1.849420E-001  -5.130560E-002  -2.589939E-002
  -9.292362E-001  -9.246266E-001  -5.622984E-001  -1.848225E-001  -5.116881E-002  -2.583715E-002
  -9.288241E-001  -9.241973E-001  -5.610564E-001  -1.846929E-001  -5.102909E-002  -2.577466E-002
  -9.284037E-001  -9.237599E-001  -5.598203E-001  -1.845536E-001  -5.088702E-002  -2.571240E-002
  -9.279750E-001  -9.233143E-001  -5.585904E-001  -1.844047E-001  -5.074316E-002  -2.565081E-002
  -9.275379E-001  -9.228605E-001  -5.573667E-001  -1.842466E-001  -5.059807E-002  -2.559029E-002
  -9.270928E-001  -9.223988E-001  -5.561493E-001  -1.840794E-001  -5.045227E-002  -2.553121E-002
  -9.266397E-001  -9.219293E-001  -5.549382E-001  -1.839034E-001  -5.030626E-002  -2.547387E-002
  -9.261787E-001  -9.214520E-001  -5.537335E-001  -1.837189E-001  -5.016054E-002  -2.541854E-002
  -9.257098E-001  -9.209671E-001  -5.525353E-001  -1.835261E-001  -5.001557E-002  -2.536544E-002
  -9.252333E-001  -9.204747E-001  -5.513437E-001  -1.833254E-001  -4.987178E-002  -2.531473E-002
  -9.247495E-001  -9.199751E-001  -5.501586E-001  -1.831170E-001  -4.972959E-002  -2.526653E-002
  -9.242586E-001  -9.194686E-001  -5.489801E-001  -1.829012E-001  -4.958936E-002  -2.522092E-002
  -9.237607E-001  -9.189552E-001  -5.478082E-001  -1.826783E-001  -4.945145E-002  -2.517791E-002
  -9.232560E-001  -9.184352E-001  -5.466430E-001  -1.824485E-001  -4.931620E-002  -2.513750E-002
  -9.227449E-001  -9.179090E-001  -5.454844E-001  -1.822121E-001  -4.918389E-002  -2.509962E-002
  -9.222277E-001  -9.173769E-001  -5.443325E-001  -1.819693E-001  -4.905478E-002  -2.506417E-002
  -9.217047E-001  -9.168391E-001  -5.431872E-001  -1.817206E-001  -4.892912E-002  -2.503103E-002
  -9.211762E-001  -9.162959E-001  -5.420486E-001  -1.814660E-001  -4.880712E-002  -2.500005E-002
  -9.206425E-001  -9.157476E-001  -5.409166E-001  -1.812059E-001  -4.868897E-002  -2.497103E-002
  -9.201039E-001  -9.151946E-001  -5.397912E-001  -1.809406E-001  -4.857482E-002  -2.494378E-002
  -9.195610E-001  -9.146374E-001  -5.386723E-001  -1.806702E-001  -4.846482E-002  -2.491808E-002
  -9.190140E-001  -9.140762E-001  -5.375599E-001  -1.803950E-001  -4.835907E-002  -2.489370E-002
  -9.184633E-001  -9.135114E-001  -5.364541E-001  -1.801152E-001  -4.825765E-002  -2.487041E-002
  -9.179091E-001  -9.129434E-001  -5.353546E-001  -1.798311E-001  -4.816064E-002  -2.484798E-002
  -9.173521E-001  -9.123725E-001  -5.342615E-001  -1.795428E-001  -4.806806E-002  -2.482617E-002
  -9.167926E-001  -9.117993E-001  -5.331747E-001  -1.792506E-001  -4.797993E-002  -2.480478E-002
  -9.162310E-001  -9.112241E-001  -5.320941E-001  -1.789547E-001  -4.789623E-002  -2.478360E-002
  -9.156676E-001  -9.106471E-001  -5.310197E-001  -1.786553E-001  -4.781694E-002  -2.476244E-002
  -9.151029E-001  -9.100689E-001  -5.299514E-001  -1.783525E-001  -4.774198E-002  -2.474114E-002
  -9.145373E-001  -9.094899E-001  -5.288891E-001  -1.780465E-001  -4.767128E-002  -2.471957E-002
  -9.139712E-001  -9.089106E-001  -5.278327E-001  -1.777375E-001  -4.760473E-002  -2.469760E-002
  -9.134050E-001  -9.083311E-001  -5.267822E-001  -1.774257E-001  -4.754219E-002  -2.467515E-002
  -9.128390E-001  -9.077519E-001  -5.257374E-001  -1.771111E-001  -4.748352E-002  -2.465217E-002
  -9.122736E-001  -9.071733E-001  -5.246983E-001  -1.767940E-001  -4.742852E-002  -2.462861E-002
  -9.117093E-001  -9.065959E-001  -5.236647E-001  -1.764745E-001  -4.737700E-002  -2.460446E-002
  -9.111465E-001  -9.060200E-001  -5.226367E-001  -1.761526E-001  -4.732875E-002  -2.457975E-002
  -9.105854E-001  -9.054458E-001  -5.216140E-001  -1.758287E-001  -4.728351E-002  -2.455448E-002
  -9.100263E-001  -9.048737E-001  -5.205966E-001  -1.755027E-001  -4.724103E-002  -2.452871E-002
  -9.094697E-001  -9.043041E-001  -5.195845E-001  -1.751747E-001  -4.720104E-002  -2.450248E-002
  -9.089159E-001  -9.037372E-001  -5.185775E-001  -1.748450E-001  -4.716326E-002  -2.447586E-002
  -9.083652E-001  -9.031735E-001  -5.175754E-001  -1.745136E-001  -4.712739E-002  -2.444890E-002
  -9.078178E-001  -9.026131E-001  -5.165784E-001  -1.741807E-001  -4.709313E-002  -2.442165E-002
  -9.072741E-001  -9.020563E-001  -5.155862E-001  -1.738463E-001  -4.706017E-002  -2.439417E-002
  -9.067344E-001  -9.015035E-001  -5.145987E-001  -1.735105E-001  -4.702823E-002  -2.436650E-002
  -9.061989E-001  -9.009549E-001  -5.136160E-001  -1.731736E-001  -4.699700E-002  -2.433868E-002
  -9.056678E-001  -9.004107E-001  -5.126378E-001  -1.728355E-001  -4.696620E-002  -2.431074E-002
  -9.051414E-001  -8.998711E-001  -5.116641E-001  -1.724965E-001  -4.693555E-002  -2.428270E-002
  -9.046199E-001  -8.993364E-001  -5.106950E-001  -1.721566E-001  -4.690479E-002  -2.425457E-002
  -9.041035E-001  -8.988067E-001  -5.097301E-001  -1.718159E-001  -4.687369E-002  -2.422637E-002
  -9.035925E-001  -8.982823E-001  -5.087696E-001  -1.714746E-001  -4.684203E-002  -2.419810E-002
  -9.030868E-001  -8.977633E-001  -5.078133E-001  -1.711328E-001  -4.680962E-002  -2.416978E-002
  -9.025868E-001  -8.972498E-001  -5.068612E-001  -1.707907E-001  -4.677630E-002  -2.414142E-002
  -9.020926E-001  -8.967420E-001  -5.059131E-001  -1.704484E-001  -4.674193E-002  -2.411304E-002
  -9.016043E-001  -8.962401E-001  -5.049692E-001  -1.701059E-001  -4.670640E-002  -2.408467E-002
  -9.011220E-001  -8.957442E-001  -5.040292E-001  -1.697635E-001  -4.666965E-002  -2.405636E-002
  -9.006459E-001  -8.952543E-001  -5.030931E-001  -1.694214E-001  -4.663162E-002  -2.402815E-002
  -9.001760E-001  -8.947705E-001  -5.021610E-001  -1.690796E-001  -4.659230E-002  -2.400011E-002
  -8.997124E-001  -8.942930E-001  -5.012327E-001  -1.687383E-001  -4.655169E-002  -2.397231E-002
  -8.992552E-001  -8.938218E-001  -5.003082E-001  -1.683978E-001  -4.650984E-002  -2.394483E-002
  -8.988045E-001  -8.933569E-001  -4.993874E-001  -1.680581E-001  -4.646680E-002  -2.391775E-002
  -8.983603E-001  -8.928985E-001  -4.984704E-001  -1.677194E-001  -4.642264E-002  -2.389116E-002
  -8.979226E-001  -8.924465E-001  -4.975571E-001  -1.673820E-001  -4.637745E-002  -2.386512E-002
  -8.974915E-001  -8.920010E-001  -4.966475E-001  -1.670459E-001  -4.633134E-002  -2.383971E-002
  -8.970671E-001  -8.915620E-001  -4.957416E-001  -1.667115E-001  -4.628441E-002  -2.381499E-002
  -8.966492E-001  -8.911295E-001  -4.948392E-001  -1.663788E-001  -4.623679E-002  -2.379100E-002
  -8.962381E-001  -8.907036E-001  -4.939405E-001  -1.660481E-001  -4.618857E-002  -2.376776E-002
  -8.958335E-001  -8.902842E-001  -4.930454E-001  -1.657196E-001  -4.613988E-002  -2.374528E-002
  -8.954356E-001  -8.898713E-001  -4.921539E-001  -1.653935E-001  -4.609082E-002  -2.372355E-002
  -8.950443E-001  -8.894650E-001  -4.912659E-001  -1.650699E-001  -4.604147E-002  -2.370254E-002
  -8.946597E-001  -8.890651E-001  -4.903815E-001  -1.647490E-001  -4.599193E-002  -2.368219E-002
  -8.942816E-001  -8.886717E-001  -4.895007E-001  -1.644311E-001  -4.594227E-002  -2.366244E-002
  -8.939101E-001  -8.882847E-001  -4.886234E-001  -1.641164E-001  -4.589253E-002  -2.364320E-002
  -8.935451E-001  -8.879042E-001  -4.877497E-001  -1.638050E-001  -4.584276E-002  -2.362441E-002
  -8.931867E-001  -8.875301E-001  -4.868795E-001  -1.634971E-001  -4.579299E-002  -2.360595E-002
  -8.928347E-001  -8.871622E-001  -4.860130E-001  -1.631930E-001  -4.574323E-002  -2.358773E-002
  -8.924891E-001  -8.868007E-001  -4.851500E-001  -1.628928E-001  -4.569348E-002  -2.356967E-002
  -8.921498E-001  -8.864454E-001  -4.842906E-001  -1.625968E-001  -4.564373E-002  -2.355170E-002
  -8.918169E-001  -8.860963E-001  -4.834347E-001  -1.623050E-001  -4.559397E-002  -2.353372E-002
  -8.914903E-001  -8.857534E-001  -4.825825E-001  -1.620176E-001  -4.554418E-002  -2.351569E-002
  -8.911699E-001  -8.854165E-001  -4.817339E-001  -1.617349E-001  -4.549433E-002  -2.349753E-002
  -8.908556E-001  -8.850857E-001  -4.808890E-001  -1.614570E-001  -4.544440E-002  -2.347923E-002
  -8.905474E-001  -8.847608E-001  -4.800477E-001  -1.611841E-001  -4.539438E-002  -2.346071E-002
  -8.902453E-001  -8.844419E-001  -4.792101E-001  -1.609162E-001  -4.534426E-002  -2.344199E-002
  -8.899492E-001  -8.841288E-001  -4.783762E-001  -1.606536E-001  -4.529404E-002  -2.342303E-002
  -8.896590E-001  -8.838216E-001  -4.775460E-001  -1.603963E-001  -4.524374E-002  -2.340382E-002
  -8.893746E-001  -8.835200E-001  -4.767196E-001  -1.601445E-001  -4.519339E-002  -2.338435E-002
  -8.890960E-001  -8.832241E-001  -4.758969E-001  -1.598982E-001  -4.514302E-002  -2.336463E-002
  -8.888232E-001  -8.829338E-001  -4.750781E-001  -1.596577E-001  -4.509270E-002  -2.334464E-002
  -8.885560E-001  -8.826490E-001  -4.742630E-001  -1.594229E-001  -4.504250E-002  -2.332441E-002
  -8.882945E-001  -8.823697E-001  -4.734518E-001  -1.591939E-001  -4.499252E-002  -2.330392E-002
  -8.880384E-001  -8.820959E-001  -4.726446E-001  -1.589709E-001  -4.494285E-002  -2.328320E-002
  -8.877879E-001  -8.818273E-001  -4.718412E-001  -1.587537E-001  -4.489361E-002  -2.326226E-002
  -8.875427E-001  -8.815640E-001  -4.710418E-001  -1.585426E-001  -4.484493E-002  -2.324112E-002
  -8.873028E-001  -8.813059E-001  -4.702463E-001  -1.583374E-001  -4.479693E-002  -2.321982E-002
  -8.870682E-001  -8.810529E-001  -4.694549E-001  -1.581383E-001  -4.474975E-002  -2.319842E-002
  -8.868388E-001  -8.808050E-001  -4.686676E-001  -1.579452E-001  -4.470352E-002  -2.317694E-002
  -8.866146E-001  -8.805621E-001  -4.678843E-001  -1.577580E-001  -4.465835E-002  -2.315548E-002
  -8.863954E-001  -8.803241E-001  -4.671052E-001  -1.575768E-001  -4.461436E-002  -2.313407E-002
  -8.861812E-001  -8.800910E-001  -4.663302E-001  -1.574015E-001  -4.457166E-002  -2.311281E-002
  -8.859719E-001  -8.798627E-001  -4.655594E-001  -1.572321E-001  -4.453033E-002  -2.309176E-002
  -8.857675E-001  -8.796391E-001  -4.647929E-001  -1.570684E-001  -4.449044E-002  -2.307100E-002
  -8.855678E-001  -8.794202E-001  -4.640306E-001  -1.569104E-001  -4.445203E-002  -2.305059E-002
  -8.853729E-001  -8.792058E-001  -4.632727E-001  -1.567580E-001  -4.441513E-002  -2.303060E-002
  -8.851827E-001  -8.789960E-001  -4.625191E-001  -1.566111E-001  -4.437974E-002  -2.301108E-002
  -8.849971E-001  -8.787907E-001  -4.617700E-001  -1.564696E-001  -4.434583E-002  -2.299205E-002
  -8.848160E-001  -8.785897E-001  -4.610253E-001  -1.563332E-001  -4.431335E-002  -2.297355E-002
  -8.846393E-001  -8.783931E-001  -4.602850E-001  -1.562020E-001  -4.428224E-002  -2.295556E-002
  -8.844671E-001  -8.782007E-001  -4.595493E-001  -1.560756E-001  -4.425241E-002  -2.293807E-002
  -8.842992E-001  -8.780126E-001  -4.588182E-001  -1.559540E-001  -4.422375E-002  -2.292108E-002
  -8.841356E-001  -8.778286E-001  -4.580916E-001  -1.558370E-001  -4.419613E-002  -2.290451E-002
  -8.839762E-001  -8.776487E-001  -4.573697E-001  -1.557244E-001  -4.416942E-002  -2.288837E-002
  -8.838209E-001  -8.774728E-001  -4.566526E-001  -1.556160E-001  -4.414349E-002  -2.287256E-002
  -8.836698E-001  -8.773009E-001  -4.559401E-001  -1.555115E-001  -4.411819E-002  -2.285703E-002
  -8.835226E-001  -8.771328E-001  -4.552324E-001  -1.554109E-001  -4.409336E-002  -2.284176E-002
  -8.833795E-001  -8.769686E-001  -4.545296E-001  -1.553138E-001  -4.406888E-002  -2.282669E-002
  -8.832402E-001  -8.768082E-001  -4.538316E-001  -1.552201E-001  -4.404460E-002  -2.281179E-002
  -8.831049E-001  -8.766515E-001  -4.531386E-001  -1.551296E-001  -4.402039E-002  -2.279704E-002
  -8.829733E-001  -8.764985E-001  -4.524504E-001  -1.550420E-001  -4.399615E-002  -2.278234E-002
  -8.828454E-001  -8.763490E-001  -4.517673E-001  -1.549571E-001  -4.397176E-002  -2.276773E-002
  -8.827212E-001  -8.762031E-001  -4.510892E-001  -1.548746E-001  -4.394714E-002  -2.275319E-002
  -8.826007E-001  -8.760607E-001  -4.504162E-001  -1.547944E-001  -4.392221E-002  -2.273868E-002
  -8.821130E-001  -8.754755E-001  -4.475229E-001  -1.544633E-001  -4.380800E-002  -2.267476E-002
  -8.816894E-001  -8.749518E-001  -4.447316E-001  -1.541531E-001  -4.368487E-002  -2.260819E-002
  -8.813257E-001  -8.744853E-001  -4.420457E-001  -1.538477E-001  -4.355316E-002  -2.253712E-002
  -8.810177E-001  -8.740719E-001  -4.394681E-001  -1.535344E-001  -4.341378E-002  -2.246431E-002
  -8.807614E-001  -8.737076E-001  -4.370015E-001  -1.532044E-001  -4.326824E-002  -2.239596E-002
  -8.805533E-001  -8.733888E-001  -4.346482E-001  -1.528535E-001  -4.312031E-002  -2.233530E-002
  -8.803897E-001  -8.731119E-001  -4.324101E-001  -1.524817E-001  -4.297670E-002  -2.228028E-002
  -8.802675E-001  -8.728736E-001  -4.302886E-001  -1.520924E-001  -4.284477E-002  -2.222779E-002
  -8.801834E-001  -8.726709E-001  -4.282845E-001  -1.516916E-001  -4.272926E-002  -2.217613E-002
  -8.801347E-001  -8.725007E-001  -4.263980E-001  -1.512863E-001  -4.262857E-002  -2.212315E-002
  -8.801184E-001  -8.723605E-001  -4.246289E-001  -1.508833E-001  -4.253765E-002  -2.206703E-002
  -8.801322E-001  -8.722474E-001  -4.229760E-001  -1.504880E-001  -4.245130E-002  -2.200974E-002
  -8.801735E-001  -8.721592E-001  -4.214378E-001  -1.501036E-001  -4.236673E-002  -2.195567E-002
  -8.802400E-001  -8.720936E-001  -4.200118E-001  -1.497302E-001  -4.228250E-002  -2.190679E-002
  -8.803297E-001  -8.720484E-001  -4.186952E-001  -1.493658E-001  -4.219583E-002  -2.186213E-002
  -8.804406E-001  -8.720215E-001  -4.174842E-001  -1.490062E-001  -4.210260E-002  -2.181973E-002
  -8.805707E-001  -8.720112E-001  -4.163744E-001  -1.486465E-001  -4.200109E-002  -2.177675E-002
  -8.807183E-001  -8.720157E-001  -4.153610E-001  -1.482822E-001  -4.189541E-002  -2.173123E-002
  -8.808819E-001  -8.720334E-001  -4.144385E-001  -1.479103E-001  -4.179417E-002  -2.168470E-002
  -8.810598E-001  -8.720626E-001  -4.136008E-001  -1.475303E-001  -4.170437E-002  -2.164005E-002
  -8.812507E-001  -8.721021E-001  -4.128415E-001  -1.471449E-001  -4.162659E-002  -2.159850E-002
  -8.814532E-001  -8.721504E-001  -4.121539E-001  -1.467592E-001  -4.155624E-002  -2.156047E-002
  -8.816661E-001  -8.722063E-001  -4.115307E-001  -1.463805E-001  -4.148887E-002  -2.152499E-002
  -8.818881E-001  -8.722686E-001  -4.109648E-001  -1.460172E-001  -4.142255E-002  -2.148868E-002
  -8.821184E-001  -8.723363E-001  -4.104487E-001  -1.456768E-001  -4.135800E-002  -2.145008E-002
  -8.823557E-001  -8.724084E-001  -4.099751E-001  -1.453653E-001  -4.129138E-002  -2.141157E-002
  -8.825993E-001  -8.724839E-001  -4.095367E-001  -1.450856E-001  -4.121956E-002  -2.137504E-002
  -8.828482E-001  -8.725621E-001  -4.091266E-001  -1.448375E-001  -4.114308E-002  -2.134106E-002
  -8.831017E-001  -8.726420E-001  -4.087381E-001  -1.446177E-001  -4.106710E-002  -2.130986E-002
  -8.833589E-001  -8.727229E-001  -4.083649E-001  -1.444204E-001  -4.099707E-002  -2.127919E-002
  -8.836193E-001  -8.728042E-001  -4.080013E-001  -1.442388E-001  -4.093460E-002  -2.124700E-002
  -8.838821E-001  -8.728853E-001  -4.076422E-001  -1.440661E-001  -4.087801E-002  -2.121417E-002
  -8.841468E-001  -8.729655E-001  -4.072830E-001  -1.438968E-001  -4.082530E-002  -2.118244E-002
  -8.844128E-001  -8.730443E-001  -4.069202E-001  -1.437270E-001  -4.077455E-002  -2.115314E-002
  -8.846797E-001  -8.731213E-001  -4.065507E-001  -1.435551E-001  -4.072272E-002  -2.112608E-002
  -8.849469E-001  -8.731959E-001  -4.061723E-001  -1.433807E-001  -4.066711E-002  -2.109914E-002
  -8.852141E-001  -8.732678E-001  -4.057837E-001  -1.432046E-001  -4.060845E-002  -2.107136E-002
  -8.854808E-001  -8.733367E-001  -4.053842E-001  -1.430273E-001  -4.055037E-002  -2.104324E-002
  -8.857467E-001  -8.734020E-001  -4.049740E-001  -1.428490E-001  -4.049558E-002  -2.101605E-002
  -8.860115E-001  -8.734637E-001  -4.045537E-001  -1.426692E-001  -4.044459E-002  -2.099133E-002
  -8.862749E-001  -8.735213E-001  -4.041248E-001  -1.424870E-001  -4.039771E-002  -2.096780E-002
  -8.865365E-001  -8.735746E-001  -4.036891E-001  -1.423016E-001  -4.035509E-002  -2.094380E-002
  -8.867963E-001  -8.736234E-001  -4.032489E-001  -1.421134E-001  -4.031436E-002  -2.091938E-002
  -8.870538E-001  -8.736675E-001  -4.028067E-001  -1.419237E-001  -4.027113E-002  -2.089502E-002
  -8.873090E-001  -8.737068E-001  -4.023651E-001  -1.417355E-001  -4.022443E-002  -2.087258E-002
  -8.875616E-001  -8.737410E-001  -4.019270E-001  -1.415521E-001  -4.017742E-002  -2.085158E-002
  -8.878115E-001  -8.737700E-001  -4.014948E-001  -1.413771E-001  -4.013266E-002  -2.083056E-002
  -8.880585E-001  -8.737937E-001  -4.010711E-001  -1.412130E-001  -4.009034E-002  -2.080899E-002
  -8.883026E-001  -8.738121E-001  -4.006578E-001  -1.410606E-001  -4.005104E-002  -2.078753E-002
  -8.885435E-001  -8.738249E-001  -4.002569E-001  -1.409193E-001  -4.001527E-002  -2.076750E-002
  -8.887813E-001  -8.738323E-001  -3.998694E-001  -1.407872E-001  -3.998075E-002  -2.074865E-002
  -8.890157E-001  -8.738340E-001  -3.994961E-001  -1.406620E-001  -3.994433E-002  -2.072997E-002
  -8.892468E-001  -8.738301E-001  -3.991373E-001  -1.405420E-001  -3.990599E-002  -2.071068E-002
  -8.894745E-001  -8.738205E-001  -3.987926E-001  -1.404261E-001  -3.986780E-002  -2.069178E-002
  -8.896986E-001  -8.738053E-001  -3.984614E-001  -1.403142E-001  -3.983111E-002  -2.067419E-002
  -8.899193E-001  -8.737843E-001  -3.981424E-001  -1.402062E-001  -3.979702E-002  -2.065734E-002
  -8.901363E-001  -8.737577E-001  -3.978342E-001  -1.401015E-001  -3.976602E-002  -2.064041E-002
  -8.903498E-001  -8.737254E-001  -3.975349E-001  -1.399985E-001  -3.973619E-002  -2.062312E-002
  -8.905597E-001  -8.736874E-001  -3.972427E-001  -1.398949E-001  -3.970544E-002  -2.060666E-002
  -8.907660E-001  -8.736438E-001  -3.969558E-001  -1.397882E-001  -3.967381E-002  -2.059118E-002
  -8.909686E-001  -8.735947E-001  -3.966723E-001  -1.396770E-001  -3.964187E-002  -2.057600E-002
  -8.911676E-001  -8.735400E-001  -3.963907E-001  -1.395617E-001  -3.961055E-002  -2.056045E-002
  -8.913630E-001  -8.734797E-001  -3.961097E-001  -1.394448E-001  -3.958185E-002  -2.054526E-002
  -8.915548E-001  -8.734141E-001  -3.958286E-001  -1.393297E-001  -3.955564E-002  -2.053098E-002
  -8.917430E-001  -8.733431E-001  -3.955470E-001  -1.392197E-001  -3.952967E-002  -2.051721E-002
  -8.919276E-001  -8.732667E-001  -3.952647E-001  -1.391169E-001  -3.950294E-002  -2.050312E-002
  -8.921087E-001  -8.731852E-001  -3.949825E-001  -1.390213E-001  -3.947588E-002  -2.048926E-002
  -8.922862E-001  -8.730984E-001  -3.947012E-001  -1.389315E-001  -3.944867E-002  -2.047615E-002
  -8.924603E-001  -8.730066E-001  -3.944220E-001  -1.388454E-001  -3.942290E-002  -2.046356E-002
  -8.926309E-001  -8.729098E-001  -3.941464E-001  -1.387619E-001  -3.939948E-002  -2.045073E-002
  -8.927981E-001  -8.728081E-001  -3.938761E-001  -1.386806E-001  -3.937684E-002  -2.043808E-002
  -8.929618E-001  -8.727015E-001  -3.936128E-001  -1.386022E-001  -3.935387E-002  -2.042616E-002
  -8.931223E-001  -8.725902E-001  -3.933578E-001  -1.385271E-001  -3.933036E-002  -2.041456E-002
  -8.932794E-001  -8.724743E-001  -3.931127E-001  -1.384546E-001  -3.930676E-002  -2.040283E-002
  -8.934332E-001  -8.723538E-001  -3.928782E-001  -1.383830E-001  -3.928455E-002  -2.039133E-002
  -8.935839E-001  -8.722289E-001  -3.926550E-001  -1.383101E-001  -3.926388E-002  -2.038052E-002
  -8.937313E-001  -8.720996E-001  -3.924433E-001  -1.382348E-001  -3.924389E-002  -2.036980E-002
  -8.938756E-001  -8.719661E-001  -3.922428E-001  -1.381574E-001  -3.922382E-002  -2.035901E-002
  -8.940168E-001  -8.718285E-001  -3.920527E-001  -1.380797E-001  -3.920301E-002  -2.034867E-002
  -8.941550E-001  -8.716869E-001  -3.918721E-001  -1.380041E-001  -3.918261E-002  -2.033877E-002
  -8.942902E-001  -8.715413E-001  -3.916995E-001  -1.379320E-001  -3.916374E-002  -2.032882E-002
  -8.944225E-001  -8.713920E-001  -3.915337E-001  -1.378639E-001  -3.914566E-002  -2.031900E-002
  -8.945518E-001  -8.712389E-001  -3.913730E-001  -1.377990E-001  -3.912802E-002  -2.030969E-002
  -8.946784E-001  -8.710823E-001  -3.912161E-001  -1.377368E-001  -3.910986E-002  -2.030052E-002
  -8.948021E-001  -8.709221E-001  -3.910618E-001  -1.376770E-001  -3.909163E-002  -2.029130E-002
  -8.949231E-001  -8.707587E-001  -3.909092E-001  -1.376196E-001  -3.907443E-002  -2.028251E-002
  -8.950413E-001  -8.705919E-001  -3.907577E-001  -1.375647E-001  -3.905819E-002  -2.027399E-002
  -8.951570E-001  -8.704221E-001  -3.906070E-001  -1.375108E-001  -3.904237E-002  -2.026540E-002
  -8.952700E-001  -8.702492E-001  -3.904572E-001  -1.374567E-001  -3.902625E-002  -2.025712E-002
  -8.953805E-001  -8.700734E-001  -3.903086E-001  -1.374016E-001  -3.901009E-002  -2.024914E-002
  -8.954885E-001  -8.698949E-001  -3.901616E-001  -1.373458E-001  -3.899461E-002  -2.024116E-002
  -8.955940E-001  -8.697137E-001  -3.900167E-001  -1.372901E-001  -3.898009E-002  -2.023337E-002
  -8.956972E-001  -8.695299E-001  -3.898744E-001  -1.372358E-001  -3.896589E-002  -2.022591E-002
  -8.957979E-001  -8.693436E-001  -3.897353E-001  -1.371832E-001  -3.895131E-002  -2.021845E-002
  -8.958964E-001  -8.691551E-001  -3.895994E-001  -1.371322E-001  -3.893697E-002  -2.021116E-002
  -8.959926E-001  -8.689643E-001  -3.894667E-001  -1.370828E-001  -3.892322E-002  -2.020417E-002
  -8.960866E-001  -8.687715E-001  -3.893372E-001  -1.370359E-001  -3.891029E-002  -2.019718E-002
  -8.961784E-001  -8.685767E-001  -3.892104E-001  -1.369915E-001  -3.889732E-002  -2.019037E-002
  -8.962681E-001  -8.683800E-001  -3.890858E-001  -1.369491E-001  -3.888410E-002  -2.018381E-002
  -8.963557E-001  -8.681816E-001  -3.889630E-001  -1.369076E-001  -3.887144E-002  -2.017725E-002
  -8.964412E-001  -8.679815E-001  -3.888416E-001  -1.368656E-001  -3.885942E-002  -2.017092E-002
  -8.965248E-001  -8.677800E-001  -3.887213E-001  -1.368229E-001  -3.884768E-002  -2.016475E-002
  -8.966064E-001  -8.675770E-001  -3.886021E-001  -1.367801E-001  -3.883583E-002  -2.015860E-002
  -8.966861E-001  -8.673728E-001  -3.884840E-001  -1.367382E-001  -3.882405E-002  -2.015270E-002
  -8.967639E-001  -8.671674E-001  -3.883675E-001  -1.366975E-001  -3.881295E-002  -2.014688E-002
  -8.968399E-001  -8.669609E-001  -3.882529E-001  -1.366576E-001  -3.880219E-002  -2.014114E-002
  -8.969141E-001  -8.667535E-001  -3.881410E-001  -1.366188E-001  -3.879142E-002  -2.013563E-002
  -8.969866E-001  -8.665453E-001  -3.880321E-001  -1.365816E-001  -3.878064E-002  -2.013014E-002
  -8.970573E-001  -8.663364E-001  -3.879267E-001  -1.365465E-001  -3.877042E-002  -2.012481E-002
  -8.971264E-001  -8.661268E-001  -3.878249E-001  -1.365128E-001  -3.876055E-002  -2.011962E-002
  -8.971938E-001  -8.659168E-001  -3.877269E-001  -1.364796E-001  -3.875067E-002  -2.011447E-002
  -8.972596E-001  -8.657064E-001  -3.876323E-001  -1.364459E-001  -3.874082E-002  -2.010952E-002
  -8.973239E-001  -8.654957E-001  -3.875408E-001  -1.364121E-001  -3.873147E-002  -2.010460E-002
  -8.973866E-001  -8.652849E-001  -3.874519E-001  -1.363789E-001  -3.872241E-002  -2.009983E-002
  -8.974478E-001  -8.650740E-001  -3.873652E-001  -1.363462E-001  -3.871329E-002  -2.009516E-002
  -8.975075E-001  -8.648632E-001  -3.872801E-001  -1.363141E-001  -3.870433E-002  -2.009054E-002
  -8.975658E-001  -8.646526E-001  -3.871966E-001  -1.362831E-001  -3.869569E-002  -2.008609E-002
  -8.976227E-001  -8.644422E-001  -3.871145E-001  -1.362535E-001  -3.868744E-002  -2.008168E-002
  -8.976782E-001  -8.642322E-001  -3.870338E-001  -1.362253E-001  -3.867901E-002  -2.007741E-002
  -8.977324E-001  -8.640227E-001  -3.869548E-001  -1.361966E-001  -3.867087E-002  -2.007319E-002
  -8.977853E-001  -8.638138E-001  -3.868776E-001  -1.361702E-001  -3.866308E-002  -2.006909E-002
  -8.978369E-001  -8.636055E-001  -3.868023E-001  -1.361430E-001  -3.865526E-002  -2.006506E-002
  -8.978872E-001  -8.633981E-001  -3.867288E-001  -1.361160E-001  -3.864760E-002  -2.006112E-002
  -8.979363E-001  -8.631915E-001  -3.866571E-001  -1.360891E-001  -3.864019E-002  -2.005728E-002
  -8.979842E-001  -8.629859E-001  -3.865869E-001  -1.360626E-001  -3.863303E-002  -2.005352E-002
  -8.980310E-001  -8.627814E-001  -3.865177E-001  -1.360372E-001  -3.862581E-002  -2.004981E-002
  -8.980765E-001  -8.625781E-001  -3.864492E-001  -1.360130E-001  -3.861884E-002  -2.004557E-002
  -8.981210E-001  -8.623760E-001  -3.863813E-001  -1.359895E-001  -3.861210E-002  -2.004266E-002
  -8.981644E-001  -8.621753E-001  -3.863139E-001  -1.359666E-001  -3.860537E-002  -2.003918E-002
  -8.982066E-001  -8.619761E-001  -3.862471E-001  -1.359438E-001  -3.859880E-002  -2.003580E-002
  -8.982479E-001  -8.617784E-001  -3.861813E-001  -1.359213E-001  -3.859249E-002  -2.003247E-002
  -8.982880E-001  -8.615824E-001  -3.861168E-001  -1.358989E-001  -3.858620E-002  -2.002923E-002
  -8.983272E-001  -8.613881E-001  -3.860541E-001  -1.358767E-001  -3.858001E-002  -2.002604E-002
  -8.983654E-001  -8.611955E-001  -3.859933E-001  -1.358552E-001  -3.857407E-002  -2.002294E-002
  -8.984026E-001  -8.610049E-001  -3.859345E-001  -1.358347E-001  -3.856820E-002  -2.001988E-002
  -8.984389E-001  -8.608162E-001  -3.858776E-001  -1.358148E-001  -3.856234E-002  -2.001691E-002
  -8.984742E-001  -8.606296E-001  -3.858223E-001  -1.357921E-001  -3.855682E-002  -2.001398E-002
  -8.985087E-001  -8.604450E-001  -3.857683E-001  -1.357761E-001  -3.855129E-002  -2.001117E-002
  -8.985422E-001  -8.602627E-001  -3.857152E-001  -1.357571E-001  -3.854584E-002  -2.000832E-002
  -8.985748E-001  -8.600826E-001  -3.856631E-001  -1.357381E-001  -3.854061E-002  -2.000556E-002
  -8.986066E-001  -8.599048E-001  -3.856118E-001  -1.357195E-001  -3.853541E-002  -2.000289E-002
  -8.986375E-001  -8.597295E-001  -3.855616E-001  -1.357016E-001  -3.853033E-002  -2.000026E-002
  -8.986676E-001  -8.595565E-001  -3.855125E-001  -1.356838E-001  -3.852541E-002  -1.999769E-002
  -8.986969E-001  -8.593861E-001  -3.854647E-001  -1.356674E-001  -3.852050E-002  -1.999515E-002
  -8.987253E-001  -8.592183E-001  -3.854182E-001  -1.356509E-001  -3.851574E-002  -1.999268E-002
  -8.987530E-001  -8.590530E-001  -3.853727E-001  -1.356345E-001  -3.851110E-002  -1.999030E-002
  -8.987799E-001  -8.588904E-001  -3.853280E-001  -1.356180E-001  -3.850649E-002  -1.998790E-002
  -8.988060E-001  -8.587306E-001  -3.852839E-001  -1.356020E-001  -3.850204E-002  -1.998556E-002
  -8.988313E-001  -8.585735E-001  -3.852401E-001  -1.355865E-001  -3.849769E-002  -1.998328E-002
  -8.988559E-001  -8.584191E-001  -3.851967E-001  -1.355715E-001  -3.849332E-002  -1.998100E-002
  -8.988797E-001  -8.582676E-001  -3.851538E-001  -1.355568E-001  -3.848911E-002  -1.997885E-002
  -8.989028E-001  -8.581190E-001  -3.851117E-001  -1.355424E-001  -3.848493E-002  -1.997671E-002
  -8.989252E-001  -8.579732E-001  -3.850706E-001  -1.355280E-001  -3.848092E-002  -1.997461E-002
  -8.989468E-001  -8.578304E-001  -3.850305E-001  -1.355138E-001  -3.847693E-002  -1.997254E-002
  -8.989677E-001  -8.576904E-001  -3.849915E-001  -1.355000E-001  -3.847301E-002  -1.997051E-002
  -8.989879E-001  -8.575534E-001  -3.849535E-001  -1.354865E-001  -3.846921E-002  -1.996853E-002
  -8.990074E-001  -8.574194E-001  -3.849162E-001  -1.354734E-001  -3.846543E-002  -1.996661E-002
  -8.990261E-001  -8.572883E-001  -3.848796E-001  -1.354606E-001  -3.846176E-002  -1.996466E-002
  -8.990442E-001  -8.571602E-001  -3.848435E-001  -1.354478E-001  -3.845813E-002  -1.996281E-002
  -8.990615E-001  -8.570350E-001  -3.848082E-001  -1.354352E-001  -3.845457E-002  -1.996093E-002
  -8.990781E-001  -8.569127E-001  -3.847736E-001  -1.354228E-001  -3.845111E-002  -1.995912E-002
  -8.990940E-001  -8.567934E-001  -3.847398E-001  -1.354107E-001  -3.844764E-002  -1.995735E-002
  -8.991091E-001  -8.566770E-001  -3.847066E-001  -1.353989E-001  -3.844428E-002  -1.995604E-002
  -8.991236E-001  -8.565635E-001  -3.846740E-001  -1.353873E-001  -3.844095E-002  -1.995387E-002
  -8.991373E-001  -8.564528E-001  -3.846417E-001  -1.353758E-001  -3.843770E-002  -1.995218E-002
  -8.991502E-001  -8.563450E-001  -3.846096E-001  -1.353644E-001  -3.843447E-002  -1.995051E-002
  -8.991624E-001  -8.562399E-001  -3.845778E-001  -1.353532E-001  -3.843133E-002  -1.994887E-002
  -8.991738E-001  -8.561376E-001  -3.845464E-001  -1.353422E-001  -3.842820E-002  -1.994725E-002
  -8.991844E-001  -8.560379E-001  -3.845155E-001  -1.353315E-001  -3.842513E-002  -1.994566E-002
  -8.991943E-001  -8.559409E-001  -3.844851E-001  -1.353209E-001  -3.842211E-002  -1.994409E-002
  -8.992033E-001  -8.558464E-001  -3.844552E-001  -1.353104E-001  -3.841913E-002  -1.994255E-002
  -8.992115E-001  -8.557544E-001  -3.844257E-001  -1.352999E-001  -3.841617E-002  -1.994101E-002
  -8.992188E-001  -8.556649E-001  -3.843966E-001  -1.352896E-001  -3.841331E-002  -1.993950E-002
  -8.992253E-001  -8.555777E-001  -3.843678E-001  -1.352796E-001  -3.841040E-002  -1.993799E-002
  -8.992308E-001  -8.554928E-001  -3.843393E-001  -1.352696E-001  -3.840753E-002  -1.993652E-002
  -8.992354E-001  -8.554100E-001  -3.843113E-001  -1.352596E-001  -3.840470E-002  -1.993506E-002
  -8.992391E-001  -8.553293E-001  -3.842836E-001  -1.352497E-001  -3.840191E-002  -1.993360E-002
  -8.992417E-001  -8.552506E-001  -3.842562E-001  -1.352398E-001  -3.839913E-002  -1.993216E-002
  -8.992434E-001  -8.551737E-001  -3.842288E-001  -1.352302E-001  -3.839636E-002  -1.993073E-002
  -8.992439E-001  -8.550986E-001  -3.842014E-001  -1.352206E-001  -3.839362E-002  -1.992931E-002
  -8.992434E-001  -8.550251E-001  -3.841740E-001  -1.352110E-001  -3.839091E-002  -1.992789E-002
  -8.992416E-001  -8.549531E-001  -3.841467E-001  -1.352013E-001  -3.838817E-002  -1.992647E-002
  -8.992387E-001  -8.548825E-001  -3.841194E-001  -1.351917E-001  -3.838546E-002  -1.992506E-002
  -8.992345E-001  -8.548131E-001  -3.840921E-001  -1.351822E-001  -3.838282E-002  -1.992366E-002
  -8.992289E-001  -8.547448E-001  -3.840651E-001  -1.351727E-001  -3.838003E-002  -1.992225E-002
  -8.992220E-001  -8.546774E-001  -3.840378E-001  -1.351631E-001  -3.837731E-002  -1.992084E-002
  -8.992136E-001  -8.546109E-001  -3.840104E-001  -1.351534E-001  -3.837458E-002  -1.991941E-002
  -8.992037E-001  -8.545450E-001  -3.839829E-001  -1.351438E-001  -3.837183E-002  -1.991799E-002
  -8.991922E-001  -8.544795E-001  -3.839554E-001  -1.351341E-001  -3.836906E-002  -1.991656E-002
  -8.991790E-001  -8.544144E-001  -3.839277E-001  -1.351243E-001  -3.836625E-002  -1.991511E-002
  -8.991640E-001  -8.543493E-001  -3.838994E-001  -1.351143E-001  -3.836346E-002  -1.991364E-002
  -8.991471E-001  -8.542843E-001  -3.838714E-001  -1.351043E-001  -3.836061E-002  -1.991217E-002
  -8.991282E-001  -8.542189E-001  -3.838425E-001  -1.350942E-001  -3.835771E-002  -1.991067E-002
  -8.991073E-001  -8.541531E-001  -3.838131E-001  -1.350838E-001  -3.835480E-002  -1.990915E-002
  -8.990841E-001  -8.540867E-001  -3.837833E-001  -1.350733E-001  -3.835178E-002  -1.990760E-002
  -8.990586E-001  -8.540195E-001  -3.837529E-001  -1.350626E-001  -3.834878E-002  -1.990603E-002
  -8.990306E-001  -8.539511E-001  -3.837218E-001  -1.350517E-001  -3.834568E-002  -1.990444E-002
  -8.990000E-001  -8.538815E-001  -3.836900E-001  -1.350405E-001  -3.834251E-002  -1.990273E-002
  -8.989666E-001  -8.538105E-001  -3.836575E-001  -1.350291E-001  -3.833997E-002  -1.990111E-002
  -8.989303E-001  -8.537376E-001  -3.836242E-001  -1.350173E-001  -3.833592E-002  -1.989935E-002
  -8.988908E-001  -8.536628E-001  -3.835897E-001  -1.350053E-001  -3.833249E-002  -1.989757E-002
  -8.988481E-001  -8.535858E-001  -3.835547E-001  -1.349928E-001  -3.832896E-002  -1.989574E-002
  -8.988018E-001  -8.535063E-001  -3.835183E-001  -1.349800E-001  -3.832531E-002  -1.989384E-002
  -8.987519E-001  -8.534241E-001  -3.834806E-001  -1.349667E-001  -3.832154E-002  -1.989189E-002
  -8.986979E-001  -8.533389E-001  -3.834413E-001  -1.349530E-001  -3.831764E-002  -1.988987E-002
  -8.986398E-001  -8.532504E-001  -3.834011E-001  -1.349387E-001  -3.831360E-002  -1.988777E-002
  -8.985773E-001  -8.531583E-001  -3.833590E-001  -1.349239E-001  -3.830941E-002  -1.988557E-002
  -8.985100E-001  -8.530623E-001  -3.833152E-001  -1.349085E-001  -3.830503E-002  -1.988331E-002
  -8.984376E-001  -8.529621E-001  -3.832697E-001  -1.348925E-001  -3.830048E-002  -1.988095E-002
  -8.983600E-001  -8.528573E-001  -3.832222E-001  -1.348758E-001  -3.829573E-002  -1.987849E-002
  -8.982766E-001  -8.527477E-001  -3.831726E-001  -1.348583E-001  -3.829077E-002  -1.987590E-002
  -8.981872E-001  -8.526328E-001  -3.831208E-001  -1.348401E-001  -3.828558E-002  -1.987322E-002
  -8.980914E-001  -8.525123E-001  -3.830663E-001  -1.348209E-001  -3.828015E-002  -1.987038E-002
  -8.979888E-001  -8.523857E-001  -3.830087E-001  -1.348009E-001  -3.827445E-002  -1.986745E-002
  -8.978789E-001  -8.522527E-001  -3.829498E-001  -1.347799E-001  -3.826847E-002  -1.986435E-002
  -8.977613E-001  -8.521127E-001  -3.828870E-001  -1.347578E-001  -3.826221E-002  -1.986109E-002
  -8.976355E-001  -8.519654E-001  -3.828202E-001  -1.347345E-001  -3.825562E-002  -1.985767E-002
  -8.975010E-001  -8.518103E-001  -3.827514E-001  -1.347100E-001  -3.824867E-002  -1.985407E-002
  -8.973572E-001  -8.516467E-001  -3.826783E-001  -1.346843E-001  -3.824147E-002  -1.985027E-002
  -8.972035E-001  -8.514742E-001  -3.826012E-001  -1.346563E-001  -3.823366E-002  -1.984627E-002
  -8.970393E-001  -8.512922E-001  -3.825199E-001  -1.346285E-001  -3.822556E-002  -1.984205E-002
  -8.968640E-001  -8.511001E-001  -3.824341E-001  -1.345984E-001  -3.821695E-002  -1.983760E-002
  -8.966768E-001  -8.508971E-001  -3.823434E-001  -1.345664E-001  -3.820789E-002  -1.983290E-002
  -8.964770E-001  -8.506826E-001  -3.822476E-001  -1.345327E-001  -3.819832E-002  -1.982792E-002
  -8.962638E-001  -8.504559E-001  -3.821463E-001  -1.344970E-001  -3.818819E-002  -1.982264E-002
  -8.960363E-001  -8.502161E-001  -3.820391E-001  -1.344593E-001  -3.817739E-002  -1.981711E-002
  -8.957937E-001  -8.499624E-001  -3.819257E-001  -1.344194E-001  -3.816615E-002  -1.981118E-002
  -8.955350E-001  -8.496940E-001  -3.818057E-001  -1.343772E-001  -3.815416E-002  -1.980500E-002
  -8.952592E-001  -8.494098E-001  -3.816786E-001  -1.343324E-001  -3.814145E-002  -1.979841E-002
  -8.949652E-001  -8.491089E-001  -3.815439E-001  -1.342850E-001  -3.812800E-002  -1.979142E-002
  -8.946519E-001  -8.487902E-001  -3.814012E-001  -1.342348E-001  -3.811376E-002  -1.978402E-002
  -8.943181E-001  -8.484526E-001  -3.812500E-001  -1.341816E-001  -3.809862E-002  -1.977618E-002
  -8.939625E-001  -8.480948E-001  -3.810897E-001  -1.341252E-001  -3.808259E-002  -1.976788E-002
  -8.935838E-001  -8.477156E-001  -3.809196E-001  -1.340653E-001  -3.806561E-002  -1.975904E-002
  -8.931806E-001  -8.473137E-001  -3.807393E-001  -1.340019E-001  -3.804794E-002  -1.974969E-002
  -8.927513E-001  -8.468876E-001  -3.805481E-001  -1.339346E-001  -3.802848E-002  -1.973977E-002
  -8.922944E-001  -8.464358E-001  -3.803454E-001  -1.338632E-001  -3.800822E-002  -1.972925E-002
  -8.918082E-001  -8.459567E-001  -3.801302E-001  -1.337872E-001  -3.798672E-002  -1.971809E-002
  -8.912910E-001  -8.454486E-001  -3.799018E-001  -1.337071E-001  -3.796392E-002  -1.970625E-002
  -8.907409E-001  -8.449098E-001  -3.796601E-001  -1.336220E-001  -3.793974E-002  -1.969370E-002
  -8.901559E-001  -8.443383E-001  -3.794033E-001  -1.335317E-001  -3.791407E-002  -1.968038E-002
  -8.895340E-001  -8.437323E-001  -3.791310E-001  -1.334358E-001  -3.788687E-002  -1.966637E-002
  -8.888730E-001  -8.430896E-001  -3.788423E-001  -1.333342E-001  -3.785801E-002  -1.965128E-002
  -8.881707E-001  -8.424081E-001  -3.785360E-001  -1.332264E-001  -3.782736E-002  -1.963539E-002
  -8.874247E-001  -8.416855E-001  -3.782113E-001  -1.331120E-001  -3.779496E-002  -1.961857E-002
  -8.866325E-001  -8.409195E-001  -3.778670E-001  -1.329909E-001  -3.776149E-002  -1.960069E-002
  -8.857914E-001  -8.401074E-001  -3.775020E-001  -1.328625E-001  -3.772408E-002  -1.958180E-002
  -8.848988E-001  -8.392468E-001  -3.771153E-001  -1.327264E-001  -3.768543E-002  -1.956170E-002
  -8.839519E-001  -8.383349E-001  -3.767054E-001  -1.325816E-001  -3.764448E-002  -1.954044E-002
  -8.829475E-001  -8.373688E-001  -3.762713E-001  -1.324294E-001  -3.760109E-002  -1.951792E-002
  -8.818827E-001  -8.363457E-001  -3.758115E-001  -1.322672E-001  -3.755515E-002  -1.949407E-002
  -8.807543E-001  -8.352625E-001  -3.753248E-001  -1.320962E-001  -3.750650E-002  -1.946882E-002
  -8.795588E-001  -8.341160E-001  -3.748096E-001  -1.319149E-001  -3.745502E-002  -1.944210E-002
  -8.782929E-001  -8.329029E-001  -3.742645E-001  -1.317230E-001  -3.740055E-002  -1.941382E-002
  -8.769530E-001  -8.316199E-001  -3.736880E-001  -1.315201E-001  -3.734293E-002  -1.938392E-002
  -8.755354E-001  -8.302634E-001  -3.730786E-001  -1.313056E-001  -3.728204E-002  -1.935231E-002
  -8.740364E-001  -8.288298E-001  -3.724345E-001  -1.310789E-001  -3.721767E-002  -1.931890E-002
  -8.724520E-001  -8.273156E-001  -3.717542E-001  -1.308394E-001  -3.714969E-002  -1.928360E-002
  -8.707782E-001  -8.257168E-001  -3.710359E-001  -1.305867E-001  -3.707797E-002  -1.924635E-002
  -8.690110E-001  -8.240297E-001  -3.702779E-001  -1.303199E-001  -3.700215E-002  -1.920703E-002
  -8.671462E-001  -8.222502E-001  -3.694784E-001  -1.300386E-001  -3.692229E-002  -1.916556E-002
  -8.651796E-001  -8.203745E-001  -3.686357E-001  -1.297420E-001  -3.683812E-002  -1.912187E-002
  -8.631070E-001  -8.183985E-001  -3.677479E-001  -1.294295E-001  -3.674938E-002  -1.907579E-002
  -8.609241E-001  -8.163181E-001  -3.668132E-001  -1.291005E-001  -3.665593E-002  -1.902731E-002
  -8.586265E-001  -8.141292E-001  -3.658296E-001  -1.287544E-001  -3.655768E-002  -1.897630E-002
  -8.562098E-001  -8.118277E-001  -3.647957E-001  -1.283905E-001  -3.645432E-002  -1.892266E-002
  -8.536699E-001  -8.094095E-001  -3.637092E-001  -1.280081E-001  -3.634575E-002  -1.886630E-002
  -8.510025E-001  -8.068707E-001  -3.625685E-001  -1.276066E-001  -3.623175E-002  -1.880713E-002
  -8.482032E-001  -8.042071E-001  -3.613717E-001  -1.271854E-001  -3.611213E-002  -1.874502E-002
  -8.452681E-001  -8.014149E-001  -3.601171E-001  -1.267438E-001  -3.598675E-002  -1.867997E-002
  -8.421931E-001  -7.984904E-001  -3.588029E-001  -1.262816E-001  -3.585547E-002  -1.861180E-002
  -8.389743E-001  -7.954298E-001  -3.574253E-001  -1.257972E-001  -3.571816E-002  -1.854047E-002
  -8.356081E-001  -7.922296E-001  -3.559898E-001  -1.252912E-001  -3.557434E-002  -1.846588E-002
  -8.320908E-001  -7.888865E-001  -3.544876E-001  -1.247625E-001  -3.542422E-002  -1.838795E-002
  -8.284194E-001  -7.853973E-001  -3.529197E-001  -1.242107E-001  -3.526755E-002  -1.830661E-002
  -8.245906E-001  -7.817592E-001  -3.512850E-001  -1.236352E-001  -3.510418E-002  -1.822183E-002
  -8.206017E-001  -7.779696E-001  -3.495818E-001  -1.230359E-001  -3.493400E-002  -1.813350E-002
  -8.164504E-001  -7.740261E-001  -3.478101E-001  -1.224123E-001  -3.475694E-002  -1.804158E-002
  -8.121344E-001  -7.699267E-001  -3.459681E-001  -1.217640E-001  -3.457287E-002  -1.794603E-002
  -8.076520E-001  -7.656698E-001  -3.440552E-001  -1.210908E-001  -3.438171E-002  -1.784681E-002
  -8.030018E-001  -7.612540E-001  -3.420710E-001  -1.203925E-001  -3.418342E-002  -1.774387E-002
  -7.981830E-001  -7.566785E-001  -3.400149E-001  -1.196688E-001  -3.397796E-002  -1.763723E-002
  -7.931948E-001  -7.519426E-001  -3.378869E-001  -1.189199E-001  -3.376523E-002  -1.752684E-002
  -7.880372E-001  -7.470463E-001  -3.356867E-001  -1.181455E-001  -3.354544E-002  -1.741272E-002
  -7.827106E-001  -7.419899E-001  -3.334147E-001  -1.173458E-001  -3.331839E-002  -1.729487E-002
  -7.772157E-001  -7.367742E-001  -3.310710E-001  -1.165210E-001  -3.308419E-002  -1.717329E-002
  -7.715539E-001  -7.314004E-001  -3.286563E-001  -1.156712E-001  -3.284289E-002  -1.704804E-002
  -7.657268E-001  -7.258702E-001  -3.261713E-001  -1.147965E-001  -3.259456E-002  -1.691914E-002
  -7.597367E-001  -7.201856E-001  -3.236157E-001  -1.138975E-001  -3.233930E-002  -1.678663E-002
  -7.535864E-001  -7.143492E-001  -3.209944E-001  -1.129745E-001  -3.207724E-002  -1.665060E-002
  -7.472789E-001  -7.083641E-001  -3.183048E-001  -1.120280E-001  -3.180847E-002  -1.651109E-002
  -7.408178E-001  -7.022336E-001  -3.155503E-001  -1.110585E-001  -3.153319E-002  -1.636816E-002
  -7.342073E-001  -6.959615E-001  -3.127320E-001  -1.100666E-001  -3.125156E-002  -1.622201E-002
  -7.274518E-001  -6.895522E-001  -3.098520E-001  -1.090529E-001  -3.096375E-002  -1.607262E-002
  -7.205560E-001  -6.830101E-001  -3.069124E-001  -1.080183E-001  -3.066999E-002  -1.592013E-002
  -7.135254E-001  -6.763404E-001  -3.039147E-001  -1.069635E-001  -3.037050E-002  -1.576467E-002
  -7.063653E-001  -6.695482E-001  -3.008633E-001  -1.058893E-001  -3.006550E-002  -1.560636E-002
  -6.990818E-001  -6.626391E-001  -2.977587E-001  -1.047967E-001  -2.975526E-002  -1.544532E-002
  -6.916811E-001  -6.556190E-001  -2.946042E-001  -1.036865E-001  -2.944008E-002  -1.528169E-002
  -6.841694E-001  -6.484941E-001  -2.914027E-001  -1.025597E-001  -2.912010E-002  -1.511562E-002
