  -1.829375E-008  -1.530022E-006  -1.571414E-005  -4.482892E-005  -1.164961E-004  -1.829375E-004
  -1.898078E-008  -1.587484E-006  -1.630430E-005  -4.651251E-005  -1.208712E-004  -1.898078E-004
  -1.969362E-008  -1.647103E-006  -1.691662E-005  -4.825932E-005  -1.254106E-004  -1.969362E-004
  -2.043323E-008  -1.708961E-006  -1.755194E-005  -5.007173E-005  -1.301205E-004  -2.043323E-004
  -2.120061E-008  -1.773142E-006  -1.821111E-005  -5.195221E-005  -1.350072E-004  -2.120061E-004
  -2.199682E-008  -1.839734E-006  -1.889504E-005  -5.390331E-005  -1.400775E-004  -2.199682E-004
  -2.282292E-008  -1.908826E-006  -1.960466E-005  -5.592768E-005  -1.453382E-004  -2.282292E-004
  -2.368005E-008  -1.980513E-006  -2.034092E-005  -5.802807E-005  -1.507964E-004  -2.368005E-004
  -2.456936E-008  -2.054892E-006  -2.110483E-005  -6.020735E-005  -1.564597E-004  -2.456936E-004
  -2.549208E-008  -2.132064E-006  -2.189744E-005  -6.246846E-005  -1.623356E-004  -2.549207E-004
  -2.644944E-008  -2.212135E-006  -2.271980E-005  -6.481449E-005  -1.684322E-004  -2.644944E-004
  -2.744276E-008  -2.295213E-006  -2.357305E-005  -6.724862E-005  -1.747577E-004  -2.744275E-004
  -2.847338E-008  -2.381410E-006  -2.445835E-005  -6.977416E-005  -1.813208E-004  -2.847338E-004
  -2.954271E-008  -2.470844E-006  -2.537689E-005  -7.239455E-005  -1.881303E-004  -2.954270E-004
  -3.065219E-008  -2.563638E-006  -2.632992E-005  -7.511334E-005  -1.951956E-004  -3.065218E-004
  -3.180334E-008  -2.659915E-006  -2.731875E-005  -7.793424E-005  -2.025262E-004  -3.180333E-004
  -3.299772E-008  -2.759809E-006  -2.834471E-005  -8.086107E-005  -2.101321E-004  -3.299771E-004
  -3.423695E-008  -2.863454E-006  -2.940919E-005  -8.389782E-005  -2.180236E-004  -3.423694E-004
  -3.552272E-008  -2.970991E-006  -3.051366E-005  -8.704861E-005  -2.262115E-004  -3.552271E-004
  -3.685678E-008  -3.082567E-006  -3.165960E-005  -9.031772E-005  -2.347069E-004  -3.685676E-004
  -3.824093E-008  -3.198333E-006  -3.284858E-005  -9.370960E-005  -2.435213E-004  -3.824092E-004
  -3.967707E-008  -3.318446E-006  -3.408220E-005  -9.722886E-005  -2.526667E-004  -3.967705E-004
  -4.116714E-008  -3.443070E-006  -3.536216E-005  -1.008803E-004  -2.621556E-004  -4.116712E-004
  -4.271317E-008  -3.572374E-006  -3.669018E-005  -1.046688E-004  -2.720008E-004  -4.271314E-004
  -4.431725E-008  -3.706534E-006  -3.806807E-005  -1.085996E-004  -2.822158E-004  -4.431722E-004
  -4.598158E-008  -3.845732E-006  -3.949771E-005  -1.126781E-004  -2.928143E-004  -4.598154E-004
  -4.770840E-008  -3.990157E-006  -4.098103E-005  -1.169097E-004  -3.038109E-004  -4.770837E-004
  -4.950007E-008  -4.140006E-006  -4.252006E-005  -1.213002E-004  -3.152204E-004  -4.950003E-004
  -5.135903E-008  -4.295483E-006  -4.411689E-005  -1.258556E-004  -3.270583E-004  -5.135899E-004
  -5.328780E-008  -4.456798E-006  -4.577368E-005  -1.305820E-004  -3.393409E-004  -5.328775E-004
  -5.528900E-008  -4.624171E-006  -4.749269E-005  -1.354860E-004  -3.520846E-004  -5.528894E-004
  -5.736535E-008  -4.797829E-006  -4.927625E-005  -1.405741E-004  -3.653070E-004  -5.736528E-004
  -5.951967E-008  -4.978009E-006  -5.112679E-005  -1.458532E-004  -3.790259E-004  -5.951960E-004
  -6.175489E-008  -5.164955E-006  -5.304683E-005  -1.513307E-004  -3.932599E-004  -6.175481E-004
  -6.407405E-008  -5.358921E-006  -5.503896E-005  -1.570138E-004  -4.080285E-004  -6.407396E-004
  -6.648031E-008  -5.560171E-006  -5.710591E-005  -1.629103E-004  -4.233517E-004  -6.648020E-004
  -6.897692E-008  -5.768979E-006  -5.925048E-005  -1.690283E-004  -4.392503E-004  -6.897680E-004
  -7.156729E-008  -5.985628E-006  -6.147557E-005  -1.753760E-004  -4.557459E-004  -7.156716E-004
  -7.425493E-008  -6.210412E-006  -6.378423E-005  -1.819621E-004  -4.728610E-004  -7.425478E-004
  -7.704349E-008  -6.443638E-006  -6.617958E-005  -1.887954E-004  -4.906188E-004  -7.704333E-004
  -7.993678E-008  -6.685621E-006  -6.866488E-005  -1.958855E-004  -5.090434E-004  -7.993660E-004
  -8.293871E-008  -6.936692E-006  -7.124351E-005  -2.032417E-004  -5.281599E-004  -8.293851E-004
  -8.605337E-008  -7.197191E-006  -7.391897E-005  -2.108742E-004  -5.479942E-004  -8.605314E-004
  -8.928499E-008  -7.467472E-006  -7.669490E-005  -2.187933E-004  -5.685734E-004  -8.928473E-004
  -9.263796E-008  -7.747902E-006  -7.957507E-005  -2.270097E-004  -5.899253E-004  -9.263767E-004
  -9.611684E-008  -8.038863E-006  -8.256339E-005  -2.355347E-004  -6.120790E-004  -9.611652E-004
  -9.972635E-008  -8.340749E-006  -8.566393E-005  -2.443799E-004  -6.350645E-004  -9.972599E-004
  -1.034714E-007  -8.653972E-006  -8.888089E-005  -2.535571E-004  -6.589132E-004  -1.034710E-003
  -1.073571E-007  -8.978957E-006  -9.221865E-005  -2.630790E-004  -6.836575E-004  -1.073566E-003
  -1.113887E-007  -9.316144E-006  -9.568175E-005  -2.729585E-004  -7.093308E-004  -1.113882E-003
  -1.155717E-007  -9.665993E-006  -9.927489E-005  -2.832089E-004  -7.359682E-004  -1.155711E-003
  -1.199117E-007  -1.002898E-005  -1.030029E-004  -2.938442E-004  -7.636059E-004  -1.199111E-003
  -1.244147E-007  -1.040560E-005  -1.068710E-004  -3.048788E-004  -7.922813E-004  -1.244140E-003
  -1.290868E-007  -1.079635E-005  -1.108843E-004  -3.163278E-004  -8.220334E-004  -1.290861E-003
  -1.339344E-007  -1.120178E-005  -1.150483E-004  -3.282067E-004  -8.529027E-004  -1.339335E-003
  -1.389639E-007  -1.162244E-005  -1.193686E-004  -3.405317E-004  -8.849310E-004  -1.389630E-003
  -1.441823E-007  -1.205889E-005  -1.238512E-004  -3.533194E-004  -9.181620E-004  -1.441813E-003
  -1.495967E-007  -1.251172E-005  -1.285020E-004  -3.665873E-004  -9.526408E-004  -1.495955E-003
  -1.552144E-007  -1.298156E-005  -1.333276E-004  -3.803534E-004  -9.884141E-004  -1.552130E-003
  -1.610429E-007  -1.346905E-005  -1.383343E-004  -3.946363E-004  -1.025531E-003  -1.610414E-003
  -1.670904E-007  -1.397483E-005  -1.435289E-004  -4.094556E-004  -1.064041E-003  -1.670887E-003
  -1.733649E-007  -1.449961E-005  -1.489187E-004  -4.248312E-004  -1.103997E-003  -1.733630E-003
  -1.798750E-007  -1.504409E-005  -1.545108E-004  -4.407842E-004  -1.145453E-003  -1.798729E-003
  -1.866295E-007  -1.560901E-005  -1.603128E-004  -4.573362E-004  -1.188466E-003  -1.866272E-003
  -1.936376E-007  -1.619515E-005  -1.663328E-004  -4.745096E-004  -1.233093E-003  -1.936350E-003
  -2.009089E-007  -1.680329E-005  -1.725787E-004  -4.923278E-004  -1.279397E-003  -2.009060E-003
  -2.084532E-007  -1.743426E-005  -1.790591E-004  -5.108150E-004  -1.327438E-003  -2.084499E-003
  -2.162807E-007  -1.808893E-005  -1.857829E-004  -5.299963E-004  -1.377283E-003  -2.162770E-003
  -2.244021E-007  -1.876817E-005  -1.927591E-004  -5.498978E-004  -1.429000E-003  -2.243980E-003
  -2.328284E-007  -1.947292E-005  -1.999972E-004  -5.705465E-004  -1.482658E-003  -2.328238E-003
  -2.415710E-007  -2.020412E-005  -2.075071E-004  -5.919703E-004  -1.538331E-003  -2.415660E-003
  -2.506419E-007  -2.096278E-005  -2.152989E-004  -6.141985E-004  -1.596094E-003  -2.506363E-003
  -2.600534E-007  -2.174992E-005  -2.233832E-004  -6.372612E-004  -1.656025E-003  -2.600471E-003
  -2.698182E-007  -2.256661E-005  -2.317710E-004  -6.611898E-004  -1.718206E-003  -2.698111E-003
  -2.799495E-007  -2.341396E-005  -2.404738E-004  -6.860166E-004  -1.782721E-003  -2.799416E-003
  -2.904613E-007  -2.429312E-005  -2.495032E-004  -7.117755E-004  -1.849658E-003  -2.904524E-003
  -3.013676E-007  -2.520529E-005  -2.588717E-004  -7.385014E-004  -1.919108E-003  -3.013577E-003
  -3.126834E-007  -2.615170E-005  -2.685918E-004  -7.662306E-004  -1.991165E-003  -3.126724E-003
  -3.244239E-007  -2.713364E-005  -2.786768E-004  -7.950007E-004  -2.065926E-003  -3.244116E-003
  -3.366052E-007  -2.815244E-005  -2.891404E-004  -8.248508E-004  -2.143494E-003  -3.365915E-003
  -3.492438E-007  -2.920948E-005  -2.999968E-004  -8.558214E-004  -2.223973E-003  -3.492284E-003
  -3.623568E-007  -3.030620E-005  -3.112607E-004  -8.879546E-004  -2.307473E-003  -3.623396E-003
  -3.759620E-007  -3.144409E-005  -3.229474E-004  -9.212940E-004  -2.394107E-003  -3.759429E-003
  -3.900779E-007  -3.262470E-005  -3.350729E-004  -9.558848E-004  -2.483992E-003  -3.900565E-003
  -4.047237E-007  -3.384962E-005  -3.476534E-004  -9.917739E-004  -2.577251E-003  -4.046998E-003
  -4.199192E-007  -3.512051E-005  -3.607062E-004  -1.029010E-003  -2.674010E-003  -4.198925E-003
  -4.356850E-007  -3.643911E-005  -3.742489E-004  -1.067644E-003  -2.774401E-003  -4.356552E-003
  -4.520426E-007  -3.780720E-005  -3.882999E-004  -1.107728E-003  -2.878558E-003  -4.520094E-003
  -4.690142E-007  -3.922664E-005  -4.028782E-004  -1.149316E-003  -2.986624E-003  -4.689770E-003
  -4.866227E-007  -4.069935E-005  -4.180037E-004  -1.192465E-003  -3.098746E-003  -4.865812E-003
  -5.048921E-007  -4.222734E-005  -4.336969E-004  -1.237234E-003  -3.215074E-003  -5.048458E-003
  -5.238472E-007  -4.381267E-005  -4.499791E-004  -1.283682E-003  -3.335767E-003  -5.237954E-003
  -5.435136E-007  -4.545750E-005  -4.668723E-004  -1.331874E-003  -3.460989E-003  -5.434557E-003
  -5.639180E-007  -4.716405E-005  -4.843995E-004  -1.381874E-003  -3.590909E-003  -5.638534E-003
  -5.850882E-007  -4.893465E-005  -5.025844E-004  -1.433751E-003  -3.725703E-003  -5.850161E-003
  -6.070528E-007  -5.077169E-005  -5.214517E-004  -1.487574E-003  -3.865553E-003  -6.069722E-003
  -6.298416E-007  -5.267766E-005  -5.410270E-004  -1.543417E-003  -4.010650E-003  -6.297517E-003
  -6.534856E-007  -5.465516E-005  -5.613369E-004  -1.601355E-003  -4.161190E-003  -6.533851E-003
  -6.780167E-007  -5.670685E-005  -5.824088E-004  -1.661467E-003  -4.317375E-003  -6.779045E-003
  -7.034683E-007  -5.883553E-005  -6.042714E-004  -1.723834E-003  -4.479419E-003  -7.033429E-003
  -7.298748E-007  -6.104407E-005  -6.269542E-004  -1.788541E-003  -4.647540E-003  -7.297348E-003
  -7.572721E-007  -6.333548E-005  -6.504881E-004  -1.855676E-003  -4.821966E-003  -7.571157E-003
  -7.856972E-007  -6.571285E-005  -6.749048E-004  -1.925329E-003  -5.002932E-003  -7.855225E-003
  -8.151887E-007  -6.817942E-005  -7.002376E-004  -1.997595E-003  -5.190684E-003  -8.149936E-003
  -8.457866E-007  -7.073851E-005  -7.265207E-004  -2.072572E-003  -5.385474E-003  -8.455687E-003
  -8.775322E-007  -7.339360E-005  -7.537898E-004  -2.150361E-003  -5.587568E-003  -8.772889E-003
  -9.104687E-007  -7.614829E-005  -7.820817E-004  -2.231068E-003  -5.797236E-003  -9.101969E-003
  -9.446406E-007  -7.900631E-005  -8.114348E-004  -2.314802E-003  -6.014764E-003  -9.443371E-003
  -9.800943E-007  -8.197152E-005  -8.418889E-004  -2.401676E-003  -6.240444E-003  -9.797553E-003
  -1.016878E-006  -8.504794E-005  -8.734852E-004  -2.491808E-003  -6.474581E-003  -1.016499E-002
  -1.055040E-006  -8.823975E-005  -9.062664E-004  -2.585320E-003  -6.717491E-003  -1.054618E-002
  -1.094635E-006  -9.155125E-005  -9.402770E-004  -2.682338E-003  -6.969501E-003  -1.094162E-002
  -1.135713E-006  -9.498693E-005  -9.755630E-004  -2.782994E-003  -7.230952E-003  -1.135186E-002
  -1.178333E-006  -9.855145E-005  -1.012172E-003  -2.887423E-003  -7.502196E-003  -1.177743E-002
  -1.222550E-006  -1.022496E-004  -1.050154E-003  -2.995768E-003  -7.783597E-003  -1.221892E-002
  -1.268425E-006  -1.060864E-004  -1.089560E-003  -3.108173E-003  -8.075535E-003  -1.267690E-002
  -1.316020E-006  -1.100671E-004  -1.130443E-003  -3.224793E-003  -8.378402E-003  -1.315199E-002
  -1.365399E-006  -1.141970E-004  -1.172858E-003  -3.345783E-003  -8.692605E-003  -1.364483E-002
  -1.416630E-006  -1.184817E-004  -1.216864E-003  -3.471307E-003  -9.018568E-003  -1.415606E-002
  -1.469780E-006  -1.229271E-004  -1.262519E-003  -3.601535E-003  -9.356726E-003  -1.468637E-002
  -1.524923E-006  -1.275390E-004  -1.309885E-003  -3.736643E-003  -9.707535E-003  -1.523646E-002
  -1.582132E-006  -1.323238E-004  -1.359027E-003  -3.876813E-003  -1.007146E-002  -1.580707E-002
  -1.641486E-006  -1.372879E-004  -1.410010E-003  -4.022235E-003  -1.044900E-002  -1.639893E-002
  -1.703063E-006  -1.424380E-004  -1.462903E-003  -4.173103E-003  -1.084065E-002  -1.701285E-002
  -1.766948E-006  -1.477811E-004  -1.517778E-003  -4.329622E-003  -1.124694E-002  -1.764962E-002
  -1.833226E-006  -1.533243E-004  -1.574709E-003  -4.492003E-003  -1.166840E-002  -1.831008E-002
  -1.901987E-006  -1.590753E-004  -1.633772E-003  -4.660465E-003  -1.210561E-002  -1.899510E-002
  -1.973324E-006  -1.650416E-004  -1.695048E-003  -4.835233E-003  -1.255914E-002  -1.970558E-002
  -2.047333E-006  -1.712315E-004  -1.758619E-003  -5.016545E-003  -1.302960E-002  -2.044243E-002
  -2.124113E-006  -1.776531E-004  -1.824570E-003  -5.204643E-003  -1.351761E-002  -2.120663E-002
  -2.203769E-006  -1.843152E-004  -1.892991E-003  -5.399780E-003  -1.402383E-002  -2.199916E-002
  -2.286408E-006  -1.912268E-004  -1.963974E-003  -5.602220E-003  -1.454891E-002  -2.282105E-002
  -2.372140E-006  -1.983971E-004  -2.037614E-003  -5.812233E-003  -1.509357E-002  -2.367335E-002
  -2.461082E-006  -2.058359E-004  -2.114010E-003  -6.030103E-003  -1.565851E-002  -2.455716E-002
  -2.553352E-006  -2.135531E-004  -2.193266E-003  -6.256121E-003  -1.624448E-002  -2.547360E-002
  -2.649077E-006  -2.215591E-004  -2.275488E-003  -6.490590E-003  -1.685225E-002  -2.642385E-002
  -2.748383E-006  -2.298647E-004  -2.360786E-003  -6.733826E-003  -1.748262E-002  -2.740910E-002
  -2.851405E-006  -2.384811E-004  -2.449275E-003  -6.986153E-003  -1.813642E-002  -2.843060E-002
  -2.958281E-006  -2.474198E-004  -2.541074E-003  -7.247910E-003  -1.881450E-002  -2.948963E-002
  -3.069154E-006  -2.566928E-004  -2.636307E-003  -7.519446E-003  -1.951774E-002  -3.058749E-002
  -3.184175E-006  -2.663127E-004  -2.735100E-003  -7.801125E-003  -2.024706E-002  -3.172556E-002
  -3.303496E-006  -2.762923E-004  -2.837587E-003  -8.093323E-003  -2.100341E-002  -3.290522E-002
  -3.427279E-006  -2.866450E-004  -2.943906E-003  -8.396430E-003  -2.178776E-002  -3.412792E-002
  -3.555688E-006  -2.973848E-004  -3.054198E-003  -8.710850E-003  -2.260111E-002  -3.539512E-002
  -3.688897E-006  -3.085259E-004  -3.168611E-003  -9.037001E-003  -2.344453E-002  -3.670835E-002
  -3.827084E-006  -3.200833E-004  -3.287299E-003  -9.375319E-003  -2.431907E-002  -3.806916E-002
  -3.970434E-006  -3.320725E-004  -3.410420E-003  -9.726251E-003  -2.522585E-002  -3.947915E-002
  -4.119138E-006  -3.445096E-004  -3.538139E-003  -1.009027E-002  -2.616603E-002  -4.093995E-002
  -4.273396E-006  -3.574112E-004  -3.670626E-003  -1.046784E-002  -2.714078E-002  -4.245323E-002
  -4.433414E-006  -3.707944E-004  -3.808059E-003  -1.085948E-002  -2.815133E-002  -4.402070E-002
  -4.599405E-006  -3.846773E-004  -3.950621E-003  -1.126571E-002  -2.919893E-002  -4.564410E-002
  -4.771592E-006  -3.990783E-004  -4.098501E-003  -1.168705E-002  -3.028489E-002  -4.732521E-002
  -4.950203E-006  -4.140167E-004  -4.251897E-003  -1.212407E-002  -3.141053E-002  -4.906583E-002
  -5.135477E-006  -4.295124E-004  -4.411014E-003  -1.257733E-002  -3.257723E-002  -5.086779E-002
  -5.327661E-006  -4.455859E-004  -4.576062E-003  -1.304745E-002  -3.378641E-002  -5.273296E-002
  -5.527011E-006  -4.622588E-004  -4.747261E-003  -1.353502E-002  -3.503952E-002  -5.466319E-002
  -5.733792E-006  -4.795531E-004  -4.924839E-003  -1.404069E-002  -3.633804E-002  -5.666040E-002
  -5.948278E-006  -4.974919E-004  -5.109030E-003  -1.456513E-002  -3.768351E-002  -5.872646E-002
  -6.170755E-006  -5.160990E-004  -5.300080E-003  -1.510901E-002  -3.907749E-002  -6.086329E-002
  -6.401517E-006  -5.353991E-004  -5.498240E-003  -1.567304E-002  -4.052159E-002  -6.307278E-002
  -6.640871E-006  -5.554177E-004  -5.703773E-003  -1.625796E-002  -4.201745E-002  -6.535682E-002
  -6.889134E-006  -5.761814E-004  -5.916950E-003  -1.686453E-002  -4.356675E-002  -6.771725E-002
  -7.146634E-006  -5.977177E-004  -6.138053E-003  -1.749351E-002  -4.517120E-002  -7.015591E-002
  -7.413711E-006  -6.200550E-004  -6.367372E-003  -1.814573E-002  -4.683254E-002  -7.267457E-002
  -7.690718E-006  -6.432227E-004  -6.605210E-003  -1.882203E-002  -4.855254E-002  -7.527493E-002
  -7.978021E-006  -6.672516E-004  -6.851879E-003  -1.952326E-002  -5.033300E-002  -7.795864E-002
  -8.275997E-006  -6.921731E-004  -7.107703E-003  -2.025032E-002  -5.217574E-002  -8.072721E-002
  -8.585039E-006  -7.180201E-004  -7.373017E-003  -2.100414E-002  -5.408261E-002  -8.358207E-002
  -8.905554E-006  -7.448267E-004  -7.648168E-003  -2.178566E-002  -5.605545E-002  -8.652447E-002
  -9.237962E-006  -7.726279E-004  -7.933515E-003  -2.259588E-002  -5.809613E-002  -8.955552E-002
  -9.582698E-006  -8.014602E-004  -8.229431E-003  -2.343580E-002  -6.020652E-002  -9.267611E-002
  -9.940214E-006  -8.313613E-004  -8.536300E-003  -2.430647E-002  -6.238847E-002  -9.588690E-002
  -1.031098E-005  -8.623704E-004  -8.854522E-003  -2.520898E-002  -6.464384E-002  -9.918827E-002
  -1.069547E-005  -8.945279E-004  -9.184508E-003  -2.614444E-002  -6.697445E-002  -1.025803E-001
  -1.109420E-005  -9.278758E-004  -9.526687E-003  -2.711400E-002  -6.938209E-002  -1.060627E-001
  -1.150768E-005  -9.624574E-004  -9.881500E-003  -2.811883E-002  -7.186850E-002  -1.096347E-001
  -1.193645E-005  -9.983176E-004  -1.024940E-002  -2.916016E-002  -7.443538E-002  -1.132952E-001
  -1.238106E-005  -1.035503E-003  -1.063087E-002  -3.023923E-002  -7.708431E-002  -1.170425E-001
  -1.284210E-005  -1.074062E-003  -1.102639E-002  -3.135733E-002  -7.981683E-002  -1.208741E-001
  -1.332015E-005  -1.114044E-003  -1.143647E-002  -3.251578E-002  -8.263432E-002  -1.247871E-001
  -1.381583E-005  -1.155500E-003  -1.186163E-002  -3.371594E-002  -8.553805E-002  -1.287777E-001
  -1.432979E-005  -1.198485E-003  -1.230242E-002  -3.495920E-002  -8.852912E-002  -1.328412E-001
  -1.486268E-005  -1.243053E-003  -1.275938E-002  -3.624698E-002  -9.160842E-002  -1.369720E-001
  -1.541518E-005  -1.289262E-003  -1.323311E-002  -3.758075E-002  -9.477665E-002  -1.411631E-001
  -1.598801E-005  -1.337170E-003  -1.372419E-002  -3.896200E-002  -9.803423E-002  -1.454067E-001
  -1.658189E-005  -1.386839E-003  -1.423325E-002  -4.039225E-002  -1.013813E-001  -1.496934E-001
  -1.719758E-005  -1.438332E-003  -1.476092E-002  -4.187307E-002  -1.048176E-001  -1.540122E-001
  -1.783586E-005  -1.491715E-003  -1.530785E-002  -4.340604E-002  -1.083425E-001  -1.583506E-001
  -1.849755E-005  -1.547054E-003  -1.587473E-002  -4.499278E-002  -1.119550E-001  -1.626940E-001
  -1.918347E-005  -1.604421E-003  -1.646227E-002  -4.663492E-002  -1.156534E-001  -1.670258E-001
  -1.989450E-005  -1.663887E-003  -1.707117E-002  -4.833413E-002  -1.194358E-001  -1.713273E-001
  -2.063153E-005  -1.725527E-003  -1.770219E-002  -5.009211E-002  -1.232991E-001  -1.755768E-001
  -2.139547E-005  -1.789419E-003  -1.835610E-002  -5.191053E-002  -1.272400E-001  -1.797503E-001
  -2.218730E-005  -1.855642E-003  -1.903368E-002  -5.379113E-002  -1.312540E-001  -1.838204E-001
  -2.300799E-005  -1.924279E-003  -1.973577E-002  -5.573563E-002  -1.353359E-001  -1.877565E-001
  -2.385856E-005  -1.995415E-003  -2.046319E-002  -5.774574E-002  -1.394793E-001  -1.915244E-001
  -2.474007E-005  -2.069137E-003  -2.121682E-002  -5.982318E-002  -1.436768E-001  -1.950857E-001
  -2.565360E-005  -2.145538E-003  -2.199756E-002  -6.196966E-002  -1.479196E-001  -1.983979E-001
  -2.660028E-005  -2.224711E-003  -2.280631E-002  -6.418687E-002  -1.521976E-001  -2.014138E-001
  -2.758127E-005  -2.306753E-003  -2.364402E-002  -6.647646E-002  -1.564989E-001  -2.040812E-001
  -2.859777E-005  -2.391764E-003  -2.451166E-002  -6.884006E-002  -1.608101E-001  -2.063423E-001
  -2.965100E-005  -2.479847E-003  -2.541024E-002  -7.127923E-002  -1.651158E-001  -2.081339E-001
  -3.074225E-005  -2.571109E-003  -2.634077E-002  -7.379547E-002  -1.693983E-001  -2.093864E-001
  -3.187283E-005  -2.665659E-003  -2.730431E-002  -7.639021E-002  -1.736377E-001  -2.100238E-001
  -3.304410E-005  -2.763612E-003  -2.830194E-002  -7.906476E-002  -1.778115E-001  -2.099636E-001
  -3.425746E-005  -2.865084E-003  -2.933475E-002  -8.182035E-002  -1.818945E-001  -2.091158E-001
  -3.551435E-005  -2.970196E-003  -3.040389E-002  -8.465804E-002  -1.858582E-001  -2.073834E-001
  -3.681625E-005  -3.079072E-003  -3.151051E-002  -8.757875E-002  -1.896708E-001  -2.046621E-001
  -3.816471E-005  -3.191840E-003  -3.265578E-002  -9.058321E-002  -1.932971E-001  -2.008398E-001
  -3.956130E-005  -3.308633E-003  -3.384093E-002  -9.367194E-002  -1.966977E-001  -1.957972E-001
  -4.100765E-005  -3.429585E-003  -3.506718E-002  -9.684521E-002  -1.998290E-001  -1.894078E-001
  -4.250544E-005  -3.554838E-003  -3.633580E-002  -1.001030E-001  -2.026429E-001  -1.815384E-001
  -4.405638E-005  -3.684535E-003  -3.764806E-002  -1.034450E-001  -2.050865E-001  -1.720495E-001
  -4.566227E-005  -3.818824E-003  -3.900526E-002  -1.068706E-001  -2.071015E-001  -1.607968E-001
  -4.732491E-005  -3.957859E-003  -4.040872E-002  -1.103786E-001  -2.086241E-001  -1.476317E-001
  -4.904621E-005  -4.101797E-003  -4.185979E-002  -1.139674E-001  -2.095848E-001  -1.324038E-001
  -5.082808E-005  -4.250798E-003  -4.335981E-002  -1.176351E-001  -2.099080E-001  -1.149624E-001
  -5.267252E-005  -4.405028E-003  -4.491016E-002  -1.213789E-001  -2.095115E-001  -9.515973E-002
  -5.458157E-005  -4.564659E-003  -4.651223E-002  -1.251956E-001  -2.083070E-001  -7.285363E-002
  -5.655733E-005  -4.729866E-003  -4.816738E-002  -1.290813E-001  -2.061991E-001  -4.791211E-002
  -5.860196E-005  -4.900828E-003  -4.987703E-002  -1.330309E-001  -2.030860E-001  -2.021785E-002
  -6.071767E-005  -5.077731E-003  -5.164256E-002  -1.370390E-001  -1.988591E-001   1.032613E-002
  -6.290674E-005  -5.260763E-003  -5.346536E-002  -1.410988E-001  -1.934033E-001   4.378986E-002
  -6.517150E-005  -5.450120E-003  -5.534681E-002  -1.452027E-001  -1.865977E-001   8.020894E-002
  -6.751434E-005  -5.646001E-003  -5.728828E-002  -1.493416E-001  -1.783156E-001   1.195760E-001
  -6.993772E-005  -5.848611E-003  -5.929113E-002  -1.535053E-001  -1.684256E-001   1.618309E-001
  -7.244415E-005  -6.058158E-003  -6.135666E-002  -1.576822E-001  -1.567926E-001   2.068505E-001
  -7.503621E-005  -6.274858E-003  -6.348616E-002  -1.618590E-001  -1.432795E-001   2.544368E-001
  -7.771653E-005  -6.498931E-003  -6.568088E-002  -1.660208E-001  -1.277483E-001   3.043050E-001
  -8.048782E-005  -6.730600E-003  -6.794201E-002  -1.701508E-001  -1.100632E-001   3.560706E-001
  -8.335283E-005  -6.970097E-003  -7.027068E-002  -1.742301E-001  -9.009255E-002   4.092366E-001
  -8.631441E-005  -7.217656E-003  -7.266794E-002  -1.782377E-001  -6.771255E-002   4.631809E-001
  -8.937543E-005  -7.473518E-003  -7.513478E-002  -1.821503E-001  -4.281109E-002   5.171452E-001
  -9.253886E-005  -7.737928E-003  -7.767205E-002  -1.859418E-001  -1.529229E-002   5.702252E-001
  -9.580769E-005  -8.011136E-003  -8.028052E-002  -1.895836E-001   1.491816E-002   6.213641E-001
  -9.918503E-005  -8.293398E-003  -8.296082E-002  -1.930440E-001   4.786686E-002   6.693499E-001
  -1.026740E-004  -8.584976E-003  -8.571345E-002  -1.962883E-001   8.356586E-002   7.128191E-001
  -1.062778E-004  -8.886133E-003  -8.853872E-002  -1.992784E-001   1.219849E-001   7.502672E-001
  -1.099997E-004  -9.197142E-003  -9.143677E-002  -2.019727E-001   1.630427E-001   7.800682E-001
  -1.138431E-004  -9.518277E-003  -9.440754E-002  -2.043259E-001   2.065982E-001   8.005063E-001
  -1.178112E-004  -9.849819E-003  -9.745072E-002  -2.062889E-001   2.524401E-001   8.098194E-001
  -1.219077E-004  -1.019205E-002  -1.005658E-001  -2.078083E-001   3.002769E-001   8.062591E-001
  -1.261359E-004  -1.054527E-002  -1.037518E-001  -2.088268E-001   3.497267E-001   7.881660E-001
  -1.304994E-004  -1.090976E-002  -1.070078E-001  -2.092828E-001   4.003061E-001   7.540629E-001
  -1.350020E-004  -1.128582E-002  -1.103321E-001  -2.091103E-001   4.514215E-001   7.027658E-001
  -1.396471E-004  -1.167376E-002  -1.137230E-001  -2.082390E-001   5.023599E-001   6.335097E-001
  -1.444386E-004  -1.207388E-002  -1.171781E-001  -2.065941E-001   5.522828E-001   5.460881E-001
  -1.493802E-004  -1.248650E-002  -1.206947E-001  -2.040968E-001   6.002226E-001   4.409991E-001
  -1.544759E-004  -1.291192E-002  -1.242696E-001  -2.006644E-001   6.450823E-001   3.195906E-001
  -1.597294E-004  -1.335047E-002  -1.278990E-001  -1.962101E-001   6.856411E-001   1.841932E-001
  -1.651447E-004  -1.380247E-002  -1.315786E-001  -1.906441E-001   7.205655E-001   3.822558E-002
  -1.707257E-004  -1.426823E-002  -1.353034E-001  -1.838739E-001   7.484282E-001  -1.137451E-001
  -1.764765E-004  -1.474810E-002  -1.390678E-001  -1.758047E-001   7.677366E-001  -2.660083E-001
  -1.824012E-004  -1.524239E-002  -1.428654E-001  -1.663408E-001   7.769707E-001  -4.118038E-001
  -1.885038E-004  -1.575143E-002  -1.466890E-001  -1.553864E-001   7.746333E-001  -5.435249E-001
  -1.947885E-004  -1.627557E-002  -1.505307E-001  -1.428468E-001   7.593124E-001  -6.530512E-001
  -2.012594E-004  -1.681514E-002  -1.543816E-001  -1.286302E-001   7.297562E-001  -7.322219E-001
  -2.079207E-004  -1.737048E-002  -1.582318E-001  -1.126495E-001   6.849606E-001  -7.734526E-001
  -2.147768E-004  -1.794192E-002  -1.620705E-001  -9.482413E-002   6.242679E-001  -7.704778E-001
  -2.218317E-004  -1.852980E-002  -1.658858E-001  -7.508280E-002   5.474733E-001  -7.191836E-001
  -2.290898E-004  -1.913446E-002  -1.696645E-001  -5.336605E-002   4.549358E-001  -6.184668E-001
  -2.365555E-004  -1.975625E-002  -1.733925E-001  -2.962940E-002   3.476878E-001  -4.710276E-001
  -2.442329E-004  -2.039551E-002  -1.770541E-001  -3.846727E-003   2.275338E-001  -2.839781E-001
  -2.521265E-004  -2.105257E-002  -1.806326E-001   2.398601E-002   9.713004E-002  -6.912408E-002
  -2.602406E-004  -2.172777E-002  -1.841098E-001   5.384672E-002  -3.996824E-002   1.572275E-001
  -2.685796E-004  -2.242145E-002  -1.874660E-001   8.568285E-002  -1.793045E-001   3.750705E-001
  -2.771478E-004  -2.313395E-002  -1.906802E-001   1.194069E-001  -3.155788E-001   5.622034E-001
  -2.859495E-004  -2.386561E-002  -1.937298E-001   1.548915E-001  -4.427794E-001   6.964477E-001
  -2.949893E-004  -2.461675E-002  -1.965907E-001   1.919651E-001  -5.544005E-001   7.584769E-001
  -3.042714E-004  -2.538771E-002  -1.992371E-001   2.304068E-001  -6.437542E-001   7.350060E-001
  -3.138003E-004  -2.617881E-002  -2.016419E-001   2.699421E-001  -7.043794E-001   6.219240E-001
  -3.235803E-004  -2.699039E-002  -2.037763E-001   3.102388E-001  -7.305387E-001   4.268062E-001
  -3.336157E-004  -2.782275E-002  -2.056098E-001   3.509035E-001  -7.177862E-001   1.701447E-001
  -3.439111E-004  -2.867623E-002  -2.071105E-001   3.914790E-001  -6.635698E-001  -1.153497E-001
  -3.544707E-004  -2.955114E-002  -2.082452E-001   4.314428E-001  -5.678213E-001  -3.878583E-001
  -3.652989E-004  -3.044777E-002  -2.089791E-001   4.702072E-001  -4.334663E-001  -6.021059E-001
  -3.764000E-004  -3.136645E-002  -2.092762E-001   5.071209E-001  -2.667760E-001  -7.171472E-001
  -3.877784E-004  -3.230747E-002  -2.090991E-001   5.414736E-001  -7.747460E-002  -7.052160E-001
  -3.994384E-004  -3.327113E-002  -2.084097E-001   5.725020E-001   1.214850E-001  -5.599103E-001
  -4.113844E-004  -3.425772E-002  -2.071690E-001   5.993997E-001   3.145479E-001  -3.015269E-001
  -4.236206E-004  -3.526752E-002  -2.053373E-001   6.213301E-001   4.846281E-001   2.265946E-002
  -4.361514E-004  -3.630082E-002  -2.028745E-001   6.374426E-001   6.146163E-001   3.447535E-001
  -4.489811E-004  -3.735790E-002  -1.997406E-001   6.468934E-001   6.892529E-001   5.894384E-001
  -4.621140E-004  -3.843901E-002  -1.958958E-001   6.488690E-001   6.972128E-001   6.922293E-001
  -4.755543E-004  -3.954443E-002  -1.913010E-001   6.426153E-001   6.331661E-001   6.187923E-001
  -4.893065E-004  -4.067441E-002  -1.859183E-001   6.274683E-001   4.995049E-001   3.796426E-001
  -5.033747E-004  -4.182921E-002  -1.797113E-001   6.028902E-001   3.073779E-001   3.420310E-002
  -5.177634E-004  -4.300907E-002  -1.726457E-001   5.685062E-001   7.667901E-002  -3.200160E-001
  -5.324767E-004  -4.421424E-002  -1.646899E-001   5.241439E-001  -1.652955E-001  -5.732810E-001
  -5.475192E-004  -4.544495E-002  -1.558158E-001   4.698719E-001  -3.866500E-001  -6.390323E-001
  -5.628950E-004  -4.670143E-002  -1.459990E-001   4.060375E-001  -5.550494E-001  -4.878254E-001
  -5.786085E-004  -4.798391E-002  -1.352200E-001   3.333001E-001  -6.428302E-001  -1.660727E-001
  -5.946643E-004  -4.929261E-002  -1.234648E-001   2.526583E-001  -6.323440E-001   2.110752E-001
  -6.110666E-004  -5.062775E-002  -1.107253E-001   1.654685E-001  -5.205423E-001   5.011304E-001
  -6.278200E-004  -5.198954E-002  -9.700094E-002   7.345111E-002  -3.216833E-001   5.825010E-001
  -6.449290E-004  -5.337819E-002  -8.229859E-002  -2.131740E-002  -6.712919E-002   4.168400E-001
  -6.623982E-004  -5.479391E-002  -6.663404E-002  -1.164308E-001   1.984235E-001   7.384270E-002
  -6.802322E-004  -5.623689E-002  -5.003251E-002  -2.091991E-001   4.242711E-001  -2.903591E-001
  -6.984358E-004  -5.770735E-002  -3.252950E-002  -2.967160E-001   5.631129E-001  -5.015416E-001
  -7.169101E-004  -5.919697E-002  -1.421774E-002  -3.768012E-001   5.843817E-001  -4.549123E-001
  -7.193928E-004  -5.939700E-002  -1.172947E-002  -3.865115E-001   5.775676E-001  -4.291758E-001
  -7.218825E-004  -5.959752E-002  -9.227366E-003  -3.960163E-001   5.685145E-001  -3.994460E-001
  -7.243788E-004  -5.979853E-002  -6.711573E-003  -4.053086E-001   5.572495E-001  -3.660176E-001
  -7.268818E-004  -6.000002E-002  -4.182247E-003  -4.143814E-001   5.438088E-001  -3.292241E-001
  -7.293914E-004  -6.020200E-002  -1.639545E-003  -4.232279E-001   5.282380E-001  -2.894344E-001
  -7.319076E-004  -6.040446E-002   9.163804E-004  -4.318413E-001   5.105917E-001  -2.470494E-001
  -7.344305E-004  -6.060741E-002   3.485369E-003  -4.402148E-001   4.909338E-001  -2.024984E-001
  -7.369600E-004  -6.081085E-002   6.067252E-003  -4.483417E-001   4.693371E-001  -1.562351E-001
  -7.394961E-004  -6.101477E-002   8.661859E-003  -4.562155E-001   4.458831E-001  -1.087327E-001
  -7.420390E-004  -6.121917E-002   1.126903E-002  -4.638294E-001   4.206621E-001  -6.047956E-002
  -7.445885E-004  -6.142406E-002   1.388863E-002  -4.711772E-001   3.937725E-001  -1.197393E-002
  -7.471446E-004  -6.162943E-002   1.652050E-002  -4.782523E-001   3.653206E-001   3.628084E-002
  -7.497075E-004  -6.183529E-002   1.916445E-002  -4.850486E-001   3.354206E-001   8.378152E-002
  -7.522770E-004  -6.204164E-002   2.182030E-002  -4.915596E-001   3.041940E-001   1.300305E-001
  -7.548533E-004  -6.224847E-002   2.448790E-002  -4.977794E-001   2.717693E-001   1.745412E-001
  -7.574362E-004  -6.245578E-002   2.716711E-002  -5.037019E-001   2.382811E-001   2.168435E-001
  -7.600259E-004  -6.266358E-002   2.985775E-002  -5.093212E-001   2.038704E-001   2.564885E-001
  -7.626223E-004  -6.287187E-002   3.255963E-002  -5.146313E-001   1.686835E-001   2.930537E-001
  -7.652253E-004  -6.308063E-002   3.527258E-002  -5.196266E-001   1.328721E-001   3.261485E-001
  -7.678351E-004  -6.328988E-002   3.799638E-002  -5.243013E-001   9.659208E-002   3.554183E-001
  -7.704516E-004  -6.349962E-002   4.073083E-002  -5.286501E-001   6.000330E-002   3.805494E-001
  -7.730748E-004  -6.370983E-002   4.347573E-002  -5.326676E-001   2.326866E-002   4.012734E-001
  -7.757047E-004  -6.392053E-002   4.623091E-002  -5.363486E-001  -1.344649E-002   4.173701E-001
  -7.783414E-004  -6.413171E-002   4.899616E-002  -5.396880E-001  -4.997506E-002   4.286713E-001
  -7.809847E-004  -6.434336E-002   5.177127E-002  -5.426809E-001  -8.614876E-002   4.350627E-001
  -7.836348E-004  -6.455550E-002   5.455601E-002  -5.453226E-001  -1.217993E-001   4.364866E-001
  -7.862916E-004  -6.476812E-002   5.735022E-002  -5.476086E-001  -1.567588E-001   4.329433E-001
  -7.889551E-004  -6.498121E-002   6.015371E-002  -5.495344E-001  -1.908612E-001   4.244912E-001
  -7.916253E-004  -6.519478E-002   6.296626E-002  -5.510958E-001  -2.239421E-001   4.112473E-001
  -7.943022E-004  -6.540882E-002   6.578759E-002  -5.522888E-001  -2.558400E-001   3.933868E-001
  -7.969858E-004  -6.562334E-002   6.861749E-002  -5.531095E-001  -2.863977E-001   3.711419E-001
  -7.996761E-004  -6.583833E-002   7.145579E-002  -5.535543E-001  -3.154628E-001   3.447990E-001
  -8.023732E-004  -6.605380E-002   7.430230E-002  -5.536198E-001  -3.428888E-001   3.146961E-001
  -8.050769E-004  -6.626974E-002   7.715678E-002  -5.533027E-001  -3.685348E-001   2.812197E-001
  -8.077873E-004  -6.648614E-002   8.001893E-002  -5.526001E-001  -3.922677E-001   2.448003E-001
  -8.105044E-004  -6.670301E-002   8.288858E-002  -5.515091E-001  -4.139628E-001   2.059071E-001
  -8.132281E-004  -6.692036E-002   8.576553E-002  -5.500273E-001  -4.335042E-001   1.650430E-001
  -8.159586E-004  -6.713816E-002   8.864961E-002  -5.481524E-001  -4.507861E-001   1.227374E-001
  -8.186956E-004  -6.735643E-002   9.154054E-002  -5.458822E-001  -4.657124E-001   7.954157E-002
  -8.214394E-004  -6.757516E-002   9.443805E-002  -5.432150E-001  -4.781990E-001   3.601985E-002
  -8.241897E-004  -6.779435E-002   9.734197E-002  -5.401492E-001  -4.881737E-001  -7.257445E-003
  -8.269467E-004  -6.801400E-002   1.002521E-001  -5.366836E-001  -4.955771E-001  -4.972183E-002
  -8.297104E-004  -6.823410E-002   1.031683E-001  -5.328170E-001  -5.003628E-001  -9.081424E-002
  -8.324806E-004  -6.845465E-002   1.060903E-001  -5.285488E-001  -5.024981E-001  -1.299924E-001
  -8.352574E-004  -6.867566E-002   1.090178E-001  -5.238786E-001  -5.019650E-001  -1.667397E-001
  -8.380408E-004  -6.889712E-002   1.119507E-001  -5.188060E-001  -4.987600E-001  -2.005730E-001
  -8.408307E-004  -6.911902E-002   1.148888E-001  -5.133313E-001  -4.928949E-001  -2.310498E-001
  -8.436272E-004  -6.934136E-002   1.178319E-001  -5.074547E-001  -4.843967E-001  -2.577748E-001
  -8.464302E-004  -6.956414E-002   1.207798E-001  -5.011770E-001  -4.733082E-001  -2.804066E-001
  -8.492398E-004  -6.978736E-002   1.237324E-001  -4.944993E-001  -4.596877E-001  -2.986639E-001
  -8.520558E-004  -7.001101E-002   1.266894E-001  -4.874229E-001  -4.436095E-001  -3.123308E-001
  -8.548782E-004  -7.023509E-002   1.296507E-001  -4.799492E-001  -4.251636E-001  -3.212605E-001
  -8.577072E-004  -7.045960E-002   1.326162E-001  -4.720804E-001  -4.044553E-001  -3.253785E-001
  -8.605425E-004  -7.068453E-002   1.355857E-001  -4.638188E-001  -3.816054E-001  -3.246848E-001
  -8.633842E-004  -7.090988E-002   1.385591E-001  -4.551669E-001  -3.567497E-001  -3.192554E-001
  -8.662323E-004  -7.113564E-002   1.415363E-001  -4.461277E-001  -3.300383E-001  -3.092412E-001
  -8.690867E-004  -7.136181E-002   1.445171E-001  -4.367046E-001  -3.016352E-001  -2.948672E-001
  -8.719474E-004  -7.158839E-002   1.475015E-001  -4.269012E-001  -2.717176E-001  -2.764293E-001
  -8.748144E-004  -7.181536E-002   1.504894E-001  -4.167216E-001  -2.404750E-001  -2.542903E-001
  -8.776876E-004  -7.204273E-002   1.534807E-001  -4.061701E-001  -2.081083E-001  -2.288743E-001
  -8.805670E-004  -7.227049E-002   1.564753E-001  -3.952517E-001  -1.748288E-001  -2.006602E-001
  -8.834526E-004  -7.249863E-002   1.594733E-001  -3.839716E-001  -1.408572E-001  -1.701738E-001
  -8.863443E-004  -7.272714E-002   1.624746E-001  -3.723352E-001  -1.064214E-001  -1.379787E-001
  -8.892421E-004  -7.295603E-002   1.654792E-001  -3.603485E-001  -7.175625E-002  -1.046660E-001
  -8.921460E-004  -7.318528E-002   1.684873E-001  -3.480180E-001  -3.710147E-002  -7.084437E-002
  -8.950558E-004  -7.341489E-002   1.714986E-001  -3.353507E-001  -2.700355E-003  -3.712830E-002
  -8.979716E-004  -7.364484E-002   1.745133E-001  -3.223540E-001   3.120245E-002  -4.125830E-003
  -9.008933E-004  -7.387514E-002   1.775316E-001  -3.090354E-001   6.436327E-002   2.757399E-002
  -9.038209E-004  -7.410577E-002   1.805536E-001  -2.954031E-001   9.654027E-002   5.741214E-002
  -9.067543E-004  -7.433673E-002   1.835794E-001  -2.814660E-001   1.274955E-001   8.487140E-002
  -9.096934E-004  -7.456800E-002   1.866088E-001  -2.672336E-001   1.569968E-001   1.094876E-001
  -9.126382E-004  -7.479959E-002   1.896423E-001  -2.527157E-001   1.848217E-001   1.308611E-001
  -9.155888E-004  -7.503147E-002   1.926800E-001  -2.379222E-001   2.107586E-001   1.486657E-001
  -9.185449E-004  -7.526364E-002   1.957222E-001  -2.228641E-001   2.346083E-001   1.626550E-001
  -9.215065E-004  -7.549609E-002   1.987690E-001  -2.075530E-001   2.561859E-001   1.726690E-001
  -9.244736E-004  -7.572881E-002   2.018203E-001  -1.920016E-001   2.753236E-001   1.786387E-001
  -9.274462E-004  -7.596179E-002   2.048767E-001  -1.762223E-001   2.918743E-001   1.805887E-001
  -9.304241E-004  -7.619502E-002   2.079385E-001  -1.602282E-001   3.057123E-001   1.786361E-001
  -9.334074E-004  -7.642848E-002   2.110060E-001  -1.440332E-001   3.167345E-001   1.729876E-001
  -9.363959E-004  -7.666218E-002   2.140792E-001  -1.276527E-001   3.248622E-001   1.639344E-001
  -9.393896E-004  -7.689609E-002   2.171581E-001  -1.111030E-001   3.300436E-001   1.518454E-001
  -9.423884E-004  -7.713020E-002   2.202433E-001  -9.439948E-002   3.322564E-001   1.371574E-001
  -9.453923E-004  -7.736450E-002   2.233352E-001  -7.755891E-002   3.315069E-001   1.203623E-001
  -9.484012E-004  -7.759898E-002   2.264340E-001  -6.059931E-002   3.278310E-001   1.019941E-001
  -9.514151E-004  -7.783363E-002   2.295396E-001  -4.354023E-002   3.212949E-001   8.261361E-002
  -9.544338E-004  -7.806843E-002   2.326520E-001  -2.640175E-002   3.119961E-001   6.279223E-002
  -9.574574E-004  -7.830338E-002   2.357718E-001  -9.203313E-003   3.000632E-001   4.309397E-002
  -9.604858E-004  -7.853845E-002   2.388993E-001   8.034179E-003   2.856542E-001   2.405922E-002
  -9.635188E-004  -7.877365E-002   2.420344E-001   2.528811E-002   2.689561E-001   6.188858E-003
  -9.665566E-004  -7.900894E-002   2.451768E-001   4.253418E-002   2.501832E-001  -1.007110E-002
  -9.695990E-004  -7.924433E-002   2.483263E-001   5.974832E-002   2.295759E-001  -2.434452E-002
  -9.726459E-004  -7.947979E-002   2.514835E-001   7.690674E-002   2.073969E-001  -3.633676E-002
  -9.756973E-004  -7.971532E-002   2.546483E-001   9.398390E-002   1.839291E-001  -4.584198E-002
  -9.787532E-004  -7.995090E-002   2.578202E-001   1.109524E-001   1.594726E-001  -5.274874E-002
  -9.818135E-004  -8.018653E-002   2.609985E-001   1.277833E-001   1.343412E-001  -5.704243E-002
  -9.848782E-004  -8.042218E-002   2.641829E-001   1.444489E-001   1.088567E-001  -5.880529E-002
  -9.879471E-004  -8.065785E-002   2.673735E-001   1.609210E-001   8.334491E-002  -5.821012E-002
  -9.910204E-004  -8.089353E-002   2.705697E-001   1.771698E-001   5.813198E-002  -5.551093E-002
  -9.940980E-004  -8.112919E-002   2.737704E-001   1.931637E-001   3.353970E-002  -5.103114E-002
  -9.971797E-004  -8.136485E-002   2.769745E-001   2.088704E-001   9.880037E-003  -4.514919E-002
  -1.000266E-003  -8.160047E-002   2.801815E-001   2.242591E-001  -1.255208E-002  -3.828174E-002
  -1.003356E-003  -8.183606E-002   2.833907E-001   2.392986E-001  -3.348188E-002  -3.086402E-002
  -1.006450E-003  -8.207159E-002   2.866009E-001   2.539561E-001  -5.265875E-002  -2.333040E-002
  -1.009548E-003  -8.230707E-002   2.898103E-001   2.681974E-001  -6.986069E-002  -1.609508E-002
  -1.012651E-003  -8.254249E-002   2.930174E-001   2.819892E-001  -8.489998E-002  -9.533657E-003
  -1.015757E-003  -8.277783E-002   2.962212E-001   2.952996E-001  -9.762788E-002  -3.966172E-003
  -1.018868E-003  -8.301308E-002   2.994204E-001   3.080964E-001  -1.079355E-001   3.569047E-004
  -1.021983E-003  -8.324825E-002   3.026129E-001   3.203466E-001  -1.157558E-001   3.265210E-003
  -1.025101E-003  -8.348332E-002   3.057964E-001   3.320165E-001  -1.210657E-001   4.675237E-003
  -1.028224E-003  -8.371828E-002   3.089689E-001   3.430747E-001  -1.238883E-001   4.593152E-003
  -1.031351E-003  -8.395314E-002   3.121288E-001   3.534913E-001  -1.242926E-001   3.112820E-003
  -1.034482E-003  -8.418789E-002   3.152742E-001   3.632367E-001  -1.223909E-001   4.091893E-004
  -1.037617E-003  -8.442252E-002   3.184023E-001   3.722810E-001  -1.183370E-001  -3.272178E-003
  -1.040756E-003  -8.465702E-002   3.215103E-001   3.805953E-001  -1.123234E-001  -7.629085E-003
  -1.043899E-003  -8.489141E-002   3.245960E-001   3.881537E-001  -1.045794E-001  -1.231948E-002
  -1.047047E-003  -8.512566E-002   3.276571E-001   3.949323E-001  -9.536454E-002  -1.698073E-002
  -1.050198E-003  -8.535979E-002   3.306911E-001   4.009078E-001  -8.496343E-002  -2.124983E-002
  -1.053354E-003  -8.559378E-002   3.336949E-001   4.060581E-001  -7.367953E-002  -2.478345E-002
  -1.056514E-003  -8.582764E-002   3.366652E-001   4.103631E-001  -6.182903E-002  -2.727701E-002
  -1.059678E-003  -8.606137E-002   3.395997E-001   4.138065E-001  -4.973411E-002  -2.848159E-002
  -1.062846E-003  -8.629496E-002   3.424958E-001   4.163740E-001  -3.771511E-002  -2.821819E-002
  -1.066019E-003  -8.652842E-002   3.453505E-001   4.180531E-001  -2.608322E-002  -2.638795E-002
  -1.069196E-003  -8.676175E-002   3.481603E-001   4.188330E-001  -1.513344E-002  -2.297825E-002
  -1.072377E-003  -8.699495E-002   3.509222E-001   4.187067E-001  -5.137757E-003  -1.806409E-002
  -1.075563E-003  -8.722802E-002   3.536336E-001   4.176705E-001   3.661431E-003  -1.180474E-002
  -1.078754E-003  -8.746096E-002   3.562917E-001   4.157232E-001   1.105719E-002  -4.436170E-003
  -1.081949E-003  -8.769377E-002   3.588933E-001   4.128663E-001   1.688300E-002   3.740735E-003
  -1.085148E-003  -8.792646E-002   3.614351E-001   4.091038E-001   2.101686E-002   1.237532E-002
  -1.088352E-003  -8.815904E-002   3.639142E-001   4.044435E-001   2.338438E-002   2.108512E-002
  -1.091561E-003  -8.839149E-002   3.663279E-001   3.988970E-001   2.396067E-002   2.947523E-002
  -1.094775E-003  -8.862382E-002   3.686735E-001   3.924784E-001   2.277092E-002   3.715806E-002
  -1.097993E-003  -8.885605E-002   3.709478E-001   3.852047E-001   1.988978E-002   4.377279E-002
  -1.101217E-003  -8.908817E-002   3.731477E-001   3.770960E-001   1.543946E-002   4.900339E-002
  -1.104445E-003  -8.932018E-002   3.752707E-001   3.681762E-001   9.586768E-003   5.259443E-002
  -1.107678E-003  -8.955209E-002   3.773143E-001   3.584723E-001   2.538634E-003   5.436337E-002
  -1.110917E-003  -8.978390E-002   3.792756E-001   3.480140E-001  -5.463272E-003   5.420902E-002
  -1.114161E-003  -9.001562E-002   3.811521E-001   3.368340E-001  -1.414888E-002   5.211618E-002
  -1.117409E-003  -9.024724E-002   3.829408E-001   3.249677E-001  -2.322685E-002   4.815603E-002
  -1.120663E-003  -9.047878E-002   3.846397E-001   3.124538E-001  -3.239231E-002   4.248241E-002
  -1.123923E-003  -9.071024E-002   3.862463E-001   2.993338E-001  -4.133514E-002   3.532381E-002
  -1.127188E-003  -9.094162E-002   3.877582E-001   2.856511E-001  -4.974830E-002   2.697215E-002
  -1.130458E-003  -9.117292E-002   3.891731E-001   2.714517E-001  -5.733624E-002   1.776883E-002
  -1.133734E-003  -9.140415E-002   3.904886E-001   2.567841E-001  -6.382303E-002   8.088696E-003
  -1.137016E-003  -9.163531E-002   3.917029E-001   2.416988E-001  -6.896000E-002  -1.677306E-003
  -1.140303E-003  -9.186640E-002   3.928139E-001   2.262481E-001  -7.253275E-002  -1.114010E-002
  -1.143596E-003  -9.209743E-002   3.938196E-001   2.104859E-001  -7.436723E-002  -1.992993E-002
  -1.146895E-003  -9.232840E-002   3.947179E-001   1.944676E-001  -7.433482E-002  -2.771270E-002
  -1.150200E-003  -9.255932E-002   3.955071E-001   1.782500E-001  -7.235614E-002  -3.420443E-002
  -1.153511E-003  -9.279018E-002   3.961855E-001   1.618907E-001  -6.840368E-002  -3.918339E-002
  -1.156828E-003  -9.302100E-002   3.967516E-001   1.454484E-001  -6.250291E-002  -4.249928E-002
  -1.160151E-003  -9.325176E-002   3.972035E-001   1.289820E-001  -5.473201E-002  -4.407910E-002
  -1.163480E-003  -9.348249E-002   3.975398E-001   1.125509E-001  -4.522026E-002  -4.392949E-002
  -1.166816E-003  -9.371317E-002   3.977592E-001   9.621426E-002  -3.414491E-002  -4.213534E-002
  -1.170158E-003  -9.394381E-002   3.978602E-001   8.003134E-002  -2.172686E-002  -3.885494E-002
  -1.173506E-003  -9.417441E-002   3.978416E-001   6.406069E-002  -8.225125E-003  -3.431162E-002
  -1.176861E-003  -9.440498E-002   3.977023E-001   4.836011E-002   6.069729E-003  -2.878214E-002
  -1.180223E-003  -9.463552E-002   3.974410E-001   3.298637E-002   2.084299E-002  -2.258250E-002
  -1.183591E-003  -9.486603E-002   3.970568E-001   1.799495E-002   3.576388E-002  -1.605152E-002
  -1.186966E-003  -9.509651E-002   3.965487E-001   3.439727E-003   5.049399E-002  -9.532972E-003
  -1.190347E-003  -9.532696E-002   3.959160E-001  -1.062724E-002   6.469596E-002  -3.357155E-003
  -1.193736E-003  -9.555739E-002   3.951577E-001  -2.415603E-002   7.804200E-002   2.177316E-003
  -1.197132E-003  -9.578779E-002   3.942731E-001  -3.709902E-002   9.022233E-002   6.820485E-003
  -1.200534E-003  -9.601818E-002   3.932618E-001  -4.941122E-002   1.009529E-001   1.038574E-002
  -1.203944E-003  -9.624854E-002   3.921231E-001  -6.105046E-002   1.099825E-001   1.276125E-002
  -1.207361E-003  -9.647888E-002   3.908565E-001  -7.197763E-002   1.170989E-001   1.391734E-002
  -1.210785E-003  -9.670921E-002   3.894618E-001  -8.215689E-002   1.221339E-001   1.390899E-002
  -1.214216E-003  -9.693952E-002   3.879385E-001  -9.155589E-002   1.249676E-001   1.287308E-002
  -1.217655E-003  -9.716981E-002   3.862866E-001  -1.001459E-001   1.255305E-001   1.102001E-002
  -1.221101E-003  -9.740009E-002   3.845059E-001  -1.079021E-001   1.238053E-001   8.619997E-003
  -1.224554E-003  -9.763035E-002   3.825964E-001  -1.148036E-001   1.198267E-001   5.984469E-003
  -1.228016E-003  -9.786060E-002   3.805580E-001  -1.208336E-001   1.136801E-001   3.443629E-003
  -1.231484E-003  -9.809084E-002   3.783910E-001  -1.259797E-001   1.054990E-001   1.321372E-003
  -1.234961E-003  -9.832107E-002   3.760956E-001  -1.302337E-001   9.546132E-002  -9.076994E-005
  -1.238445E-003  -9.855128E-002   3.736721E-001  -1.335918E-001   8.378461E-002  -5.587449E-004
  -1.241937E-003  -9.878148E-002   3.711209E-001  -1.360549E-001   7.072042E-002   7.179957E-005
  -1.245437E-003  -9.901167E-002   3.684425E-001  -1.376281E-001   5.654793E-002   1.858170E-003
  -1.248945E-003  -9.924184E-002   3.656375E-001  -1.383212E-001   4.156703E-002   4.749880E-003
  -1.252461E-003  -9.947201E-002   3.627065E-001  -1.381486E-001   2.609106E-002   8.585889E-003
  -1.255985E-003  -9.970216E-002   3.596503E-001  -1.371290E-001   1.043942E-002   1.310070E-002
  -1.259518E-003  -9.993230E-002   3.564698E-001  -1.352855E-001  -5.069880E-003   1.793953E-002
  -1.263058E-003  -1.001624E-001   3.531659E-001  -1.326456E-001  -2.012736E-002   2.268196E-002
  -1.266607E-003  -1.003925E-001   3.497396E-001  -1.292410E-001  -3.443894E-002   2.687285E-002
  -1.270164E-003  -1.006226E-001   3.461921E-001  -1.251073E-001  -4.773225E-002   3.005845E-002
  -1.273729E-003  -1.008527E-001   3.425245E-001  -1.202843E-001  -5.976230E-002   3.182495E-002
  -1.277303E-003  -1.010828E-001   3.387382E-001  -1.148153E-001  -7.031649E-002   3.183667E-002
  -1.280886E-003  -1.013128E-001   3.348346E-001  -1.087470E-001  -7.921865E-002   2.987027E-002
  -1.284477E-003  -1.015429E-001   3.308152E-001  -1.021297E-001  -8.633233E-002   2.584197E-002
  -1.288076E-003  -1.017729E-001   3.266816E-001  -9.501639E-002  -9.156309E-002   1.982492E-002
  -1.291685E-003  -1.020029E-001   3.224354E-001  -8.746294E-002  -9.485988E-002   1.205437E-002
  -1.295302E-003  -1.022329E-001   3.180785E-001  -7.952763E-002  -9.621542E-002   2.919613E-003
  -1.298928E-003  -1.024628E-001   3.136126E-001  -7.127085E-002  -9.566571E-002  -7.057712E-003
  -1.302563E-003  -1.026928E-001   3.090398E-001  -6.275478E-002  -9.328858E-002  -1.725780E-002
  -1.306206E-003  -1.029227E-001   3.043621E-001  -5.404303E-002  -8.920139E-002  -2.700715E-002
  -1.309859E-003  -1.031525E-001   2.995816E-001  -4.520029E-002  -8.355791E-002  -3.563012E-002
  -1.313521E-003  -1.033824E-001   2.947006E-001  -3.629194E-002  -7.654444E-002  -4.250322E-002
  -1.317192E-003  -1.036122E-001   2.897214E-001  -2.738367E-002  -6.837520E-002  -4.710783E-002
  -1.320872E-003  -1.038420E-001   2.846464E-001  -1.854110E-002  -5.928717E-002  -4.907618E-002
  -1.324561E-003  -1.040718E-001   2.794781E-001  -9.829360E-003  -4.953429E-002  -4.822657E-002
  -1.328259E-003  -1.043015E-001   2.742192E-001  -1.312722E-003  -3.938130E-002  -4.458391E-002
  -1.331967E-003  -1.045312E-001   2.688722E-001   6.945833E-003  -2.909721E-002  -3.838318E-002
  -1.348356E-003  -1.055390E-001   2.444297E-001   3.865060E-002   1.115439E-002   5.269884E-003
  -1.364929E-003  -1.065458E-001   2.186008E-001   5.969263E-002   3.117415E-002   3.259006E-002
  -1.381692E-003  -1.075514E-001   1.916692E-001   6.685337E-002   2.581754E-002   1.817819E-002
  -1.398648E-003  -1.085556E-001   1.639459E-001   5.872230E-002   6.321148E-003  -3.237406E-003
  -1.415801E-003  -1.095579E-001   1.357657E-001   3.595462E-002  -5.824491E-003   2.816209E-003
  -1.433156E-003  -1.105582E-001   1.074833E-001   1.276761E-003   6.206667E-003   1.486480E-002
  -1.450715E-003  -1.115559E-001   7.946770E-002  -4.078300E-002   3.943712E-002  -2.570500E-003
  -1.468482E-003  -1.125508E-001   5.209730E-002  -8.442492E-002   6.840926E-002  -3.203420E-002
  -1.486462E-003  -1.135425E-001   2.575289E-002  -1.233162E-001   6.169054E-002  -2.767844E-002
  -1.504656E-003  -1.145304E-001   8.109352E-004  -1.514487E-001   8.911796E-003   1.000456E-002
  -1.523070E-003  -1.155140E-001  -2.236405E-002  -1.640002E-001  -6.355504E-002   3.362448E-002
  -1.541705E-003  -1.164930E-001  -4.342741E-002  -1.580726E-001  -1.064467E-001   1.865938E-002
  -1.560565E-003  -1.174667E-001  -6.206251E-002  -1.331878E-001  -8.569408E-002  -7.392865E-003
  -1.579652E-003  -1.184346E-001  -7.798903E-002  -9.144992E-002  -1.407380E-002  -1.158167E-002
  -1.598971E-003  -1.193960E-001  -9.097107E-002  -3.733068E-002   5.515084E-002  -2.363908E-003
  -1.618523E-003  -1.203504E-001  -1.008249E-001   2.290992E-002   7.255706E-002  -7.699163E-003
  -1.638312E-003  -1.212971E-001  -1.074262E-001   8.209011E-002   3.635606E-002  -1.764281E-002
  -1.658340E-003  -1.222355E-001  -1.107162E-001   1.331320E-001  -7.869964E-003   2.569732E-003
  -1.678610E-003  -1.231647E-001  -1.107068E-001   1.700829E-001  -1.426033E-002   3.329846E-002
  -1.699125E-003  -1.240841E-001  -1.074847E-001   1.889633E-001   1.602941E-002   1.815289E-002
  -1.719887E-003  -1.249929E-001  -1.012129E-001   1.882972E-001   3.780834E-002  -2.242588E-002
  -1.740899E-003  -1.258903E-001  -9.213113E-002   1.692349E-001   1.348914E-002  -2.006955E-002
  -1.762163E-003  -1.267755E-001  -8.055392E-002   1.352549E-001  -4.256873E-002   5.179500E-003
  -1.783682E-003  -1.276476E-001  -6.686616E-002   9.150770E-002  -7.678951E-002  -1.265612E-003
  -1.805458E-003  -1.285057E-001  -5.151650E-002   4.393525E-002  -5.269409E-002  -4.647079E-003
  -1.827494E-003  -1.293489E-001  -3.500817E-002  -1.662965E-003   1.123212E-002   2.122566E-002
  -1.849792E-003  -1.301764E-001  -1.788742E-002  -4.044322E-002   6.154617E-002   1.735995E-002
  -1.872355E-003  -1.309870E-001  -7.296867E-004  -6.907547E-002   6.219378E-002  -2.022497E-002
  -1.895185E-003  -1.317799E-001   1.587631E-002  -8.597834E-002   2.347634E-002  -2.248068E-002
  -1.918285E-003  -1.325540E-001   3.134621E-002  -9.124313E-002  -1.534481E-002   6.226632E-003
  -1.941656E-003  -1.333082E-001   4.511890E-002  -8.632693E-002  -2.506118E-002   1.142713E-002
  -1.965302E-003  -1.340415E-001   5.667614E-002  -7.363149E-002  -1.036147E-002   2.098155E-003
  -1.989224E-003  -1.347527E-001   6.556230E-002  -5.607905E-002  -8.053654E-004   8.347242E-003
  -2.013426E-003  -1.354408E-001   7.140337E-002  -3.675312E-002  -1.581948E-002   2.875391E-003
  -2.037908E-003  -1.361045E-001   7.392461E-002  -1.860936E-002  -3.565546E-002  -2.326805E-002
  -2.062675E-003  -1.367426E-001   7.296585E-002  -4.209934E-003  -1.930632E-002  -9.432964E-003
  -2.087728E-003  -1.373540E-001   6.849363E-002   4.580057E-003   3.587418E-002   2.412048E-002
  -2.113069E-003  -1.379374E-001   6.060948E-002   6.955882E-003   7.084881E-002   5.649664E-003
  -2.138701E-003  -1.384914E-001   4.955336E-002   3.534801E-003   3.420051E-002  -7.208304E-003
  -2.164627E-003  -1.390149E-001   3.570191E-002  -3.439150E-003  -3.673467E-002   3.719094E-003
  -2.190849E-003  -1.395065E-001   1.956084E-002  -1.025360E-002  -5.572182E-002  -1.607062E-002
  -2.217370E-003  -1.399649E-001   1.751328E-003  -1.241559E-002  -1.112854E-002  -4.918083E-003
  -2.244191E-003  -1.403886E-001  -1.700962E-002  -5.880517E-003   1.870755E-002   2.475013E-002
  -2.271316E-003  -1.407762E-001  -3.593448E-002   1.140597E-002  -4.751240E-003   7.887726E-004
  -2.298746E-003  -1.411265E-001  -5.419560E-002   3.812688E-002  -1.899734E-002  -1.286497E-002
  -2.326486E-003  -1.414378E-001  -7.095974E-002   6.898074E-002   2.147871E-002  -1.019308E-003
  -2.354536E-003  -1.417087E-001  -8.542541E-002   9.535649E-002   5.480309E-002  -5.178786E-003
  -2.382901E-003  -1.419378E-001  -9.686146E-002   1.074642E-001   1.644951E-002   6.472071E-003
  -2.411582E-003  -1.421235E-001  -1.046451E-001   9.753621E-002  -4.519652E-002   1.716537E-002
  -2.440582E-003  -1.422644E-001  -1.082973E-001   6.314059E-002  -4.720913E-002  -1.519460E-002
  -2.469904E-003  -1.423587E-001  -1.075135E-001   9.316108E-003  -4.305718E-004  -9.868638E-003
  -2.499550E-003  -1.424051E-001  -1.021875E-001  -5.163392E-002   2.516724E-002   9.574139E-003
  -2.529524E-003  -1.424020E-001  -9.242674E-002  -1.031668E-001   1.222212E-002  -1.659529E-003
  -2.559828E-003  -1.423477E-001  -7.855707E-002  -1.297432E-001   2.222968E-003   1.378107E-002
  -2.590466E-003  -1.422406E-001  -6.111606E-002  -1.225914E-001   1.538084E-002  -1.195159E-002
  -2.621439E-003  -1.420791E-001  -4.083424E-002  -8.370136E-002   1.510331E-002  -1.137187E-002
  -2.652751E-003  -1.418617E-001  -1.860424E-002  -2.606434E-002  -2.487799E-002   1.464476E-002
  -2.684405E-003  -1.415866E-001   4.561318E-003   3.053453E-002  -4.783930E-002   7.585378E-005
  -2.716404E-003  -1.412523E-001   2.758132E-002   6.697594E-002   1.067611E-003   2.707929E-003
  -2.748751E-003  -1.408572E-001   4.936480E-002   7.263351E-002   4.845591E-002  -9.731904E-003
  -2.781449E-003  -1.403995E-001   6.887325E-002   5.006467E-002   1.539229E-002  -4.788354E-003
  -2.814501E-003  -1.398778E-001   8.518301E-002   1.405036E-002  -1.965086E-002   1.816470E-002
  -2.847911E-003  -1.392903E-001   9.754333E-002  -1.512503E-002   5.041926E-003  -8.178666E-003
  -2.881681E-003  -1.386354E-001   1.054259E-001  -2.141989E-002   7.123930E-004  -5.649684E-004
  -2.915815E-003  -1.379117E-001   1.085618E-001  -1.217537E-003  -3.830891E-002  -8.219940E-003
  -2.950316E-003  -1.371174E-001   1.069623E-001   3.435555E-002  -6.089418E-003   1.091384E-002
  -2.985188E-003  -1.362510E-001   1.009207E-001   6.465007E-002   4.716151E-002   4.015716E-003
  -3.020434E-003  -1.353111E-001   9.099417E-002   7.006706E-002   1.709895E-002  -1.208529E-002
  -3.056057E-003  -1.342960E-001   7.796586E-002   4.269672E-002  -2.507897E-002   2.954764E-003
  -3.092061E-003  -1.332043E-001   6.278848E-002  -8.734522E-003  -1.119457E-002   1.513432E-003
  -3.128450E-003  -1.320347E-001   4.651363E-002  -6.261587E-002  -5.841976E-004   9.169865E-003
  -3.165226E-003  -1.307856E-001   3.021158E-002  -9.520399E-002  -1.127794E-002  -1.540387E-002
  -3.202395E-003  -1.294557E-001   1.488812E-002  -9.263659E-002   8.055559E-003   6.352782E-003
  -3.239959E-003  -1.280438E-001   1.405589E-003  -5.759447E-002   3.514305E-002   1.397694E-003
  -3.277922E-003  -1.265485E-001  -9.584399E-003  -7.032242E-003  -2.608339E-003   5.453328E-003
  -3.316288E-003  -1.249688E-001  -1.768978E-002   3.736957E-002  -4.004078E-002  -1.420809E-002
  -3.355060E-003  -1.233035E-001  -2.280275E-002   6.020024E-002   3.050134E-003   1.003625E-002
  -3.394244E-003  -1.215515E-001  -2.509695E-002   5.850407E-002   1.500506E-002  -9.796603E-006
  -3.433842E-003  -1.197120E-001  -2.499623E-002   4.042047E-002  -6.608106E-003  -1.150541E-005
  -3.473860E-003  -1.177839E-001  -2.311718E-002   1.846176E-002   2.511909E-002  -8.705016E-003
  -3.514300E-003  -1.157666E-001  -2.019081E-002   2.427402E-003  -1.295074E-003   1.187489E-002
  -3.555166E-003  -1.136594E-001  -1.697143E-002  -4.081113E-003  -4.079570E-002  -4.737529E-003
  -3.596464E-003  -1.114618E-001  -1.414306E-002  -3.078873E-003   1.146630E-002  -1.416948E-003
  -3.638198E-003  -1.091731E-001  -1.223478E-002   2.302874E-004   2.040553E-002  -2.863228E-003
  -3.680371E-003  -1.067932E-001  -1.155594E-002  -2.318542E-004  -3.293227E-003   1.232570E-002
  -3.722988E-003  -1.043218E-001  -1.216077E-002  -9.064057E-003   6.782562E-003  -1.465925E-002
  -3.766053E-003  -1.017589E-001  -1.384837E-002  -2.607974E-002  -1.285976E-002   6.999921E-003
  -3.809572E-003  -9.910460E-002  -1.619970E-002  -4.338035E-002  -2.126653E-002   1.885794E-003
  -3.853548E-003  -9.635906E-002  -1.864812E-002  -4.690853E-002   2.573124E-002  -3.013317E-003
  -3.897985E-003  -9.352274E-002  -2.057456E-002  -2.521202E-002   1.461663E-002  -2.164042E-003
  -3.942890E-003  -9.059622E-002  -2.141395E-002   1.864946E-002  -2.039690E-002   4.931023E-003
  -3.988266E-003  -8.758027E-002  -2.075653E-002   6.272051E-002   4.763184E-003   3.145973E-004
  -4.034117E-003  -8.447585E-002  -1.842699E-002   7.769852E-002  -1.723318E-002  -9.398883E-003
  -4.080450E-003  -8.128411E-002  -1.452626E-002   4.965641E-002   1.439841E-002   1.322722E-002
  -4.127269E-003  -7.800643E-002  -9.425675E-003  -4.592269E-003   2.237618E-002  -7.256131E-003
  -4.174578E-003  -7.464440E-002  -3.710840E-003  -4.681857E-002  -2.848045E-002  -3.510001E-003
  -4.222383E-003  -7.119982E-002   1.919182E-003  -4.827372E-002   2.847109E-003   1.042006E-002
  -4.270689E-003  -6.767477E-002   6.782147E-003  -1.583799E-002  -2.245409E-003  -9.621578E-003
  -4.319501E-003  -6.407155E-002   1.034995E-002   1.367058E-002   1.098718E-002   3.779318E-003
  -4.368824E-003  -6.039270E-002   1.236604E-002   9.559489E-003   1.107468E-002   3.613985E-003
  -4.418663E-003  -5.664106E-002   1.291635E-002  -2.056948E-002  -2.765282E-002  -9.393909E-003
  -4.469025E-003  -5.281972E-002   1.243274E-002  -3.752268E-002   7.195634E-003   8.838474E-003
  -4.519913E-003  -4.893206E-002   1.161900E-002  -1.259865E-002   9.259151E-003  -2.868993E-004
  -4.571334E-003  -4.498174E-002   1.130446E-002   3.847672E-002   1.826386E-003  -8.640450E-003
  -4.623293E-003  -4.097272E-002   1.224689E-002   6.847750E-002  -1.077785E-003   9.953041E-003
  -4.675795E-003  -3.690928E-002   1.492109E-002   4.716996E-002  -2.248418E-002  -4.421831E-003
  -4.728847E-003  -3.279599E-002   1.933973E-002  -7.015271E-003   2.846335E-002  -4.081829E-003
  -4.782454E-003  -2.863774E-002   2.495357E-002  -4.705935E-002  -8.997372E-003   1.036432E-002
  -4.836622E-003  -2.443973E-002   3.066925E-002  -4.556880E-002   2.868389E-003  -6.520813E-003
  -4.891357E-003  -2.020752E-002   3.500240E-002  -1.701338E-002  -1.637193E-002  -1.956889E-003
  -4.946664E-003  -1.594695E-002   3.635579E-002   6.145853E-003   1.535053E-002   2.340267E-003
  -5.002550E-003  -1.166423E-002   3.338030E-002   9.385983E-003   6.230388E-003   8.340303E-004
  -5.059021E-003  -7.365887E-003   2.534886E-002   3.391142E-003  -1.556530E-002   5.487951E-004
  -5.116082E-003  -3.058767E-003   1.245645E-002   3.950797E-003   3.624993E-003  -6.080222E-003
  -5.173741E-003   1.249937E-003  -4.039800E-003   1.464676E-002   1.653488E-003   9.440685E-003
  -5.232003E-003   5.552712E-003  -2.190367E-002   2.625858E-002   1.273187E-002  -8.614062E-004
  -5.290874E-003   9.841721E-003  -3.824702E-002   2.395096E-002  -2.309889E-002  -4.215188E-003
  -5.350362E-003   1.410881E-002  -5.006483E-002  -1.487952E-003   1.266877E-002  -1.263187E-003
  -5.410472E-003   1.834552E-002  -5.488352E-002  -3.746253E-002   1.487564E-003   4.962373E-005
  -5.471212E-003   2.254308E-002  -5.138197E-002  -4.919796E-002   2.213044E-003   6.812865E-003
  -5.532587E-003   2.669245E-002  -3.982638E-002  -1.607194E-002  -1.578123E-002  -7.243048E-003
  -5.594605E-003   3.078430E-002  -2.218118E-002   3.148242E-002   1.766227E-002  -5.749934E-004
  -5.657272E-003   3.480905E-002  -1.819327E-003   4.004807E-002  -5.808295E-003  -5.530949E-003
  -5.720595E-003   3.875688E-002   1.715067E-002   6.540148E-003  -1.449684E-003   6.613707E-003
  -5.784582E-003   4.261776E-002   3.081741E-002  -1.376299E-002  -5.000825E-003   6.636907E-004
  -5.849239E-003   4.638144E-002   3.644507E-002   6.758576E-003   1.307926E-002   2.110115E-003
  -5.914573E-003   5.003752E-002   3.323815E-002   2.081133E-002  -7.625078E-003  -5.416785E-003
  -5.980591E-003   5.357548E-002   2.265494E-002  -1.264028E-002  -8.065677E-003  -3.498086E-003
  -6.047302E-003   5.698465E-002   8.127822E-003  -4.858032E-002   1.780218E-002  -3.311448E-003
  -6.114711E-003   6.025431E-002  -5.797670E-003  -2.433812E-002  -1.300809E-002   1.325623E-003
  -6.182827E-003   6.337373E-002  -1.471758E-002   3.183728E-002   2.704534E-003   2.440878E-003
  -6.251658E-003   6.633215E-002  -1.568528E-002   4.340123E-002  -4.723585E-004   4.209645E-003
  -6.321209E-003   6.911887E-002  -8.192492E-003   7.375763E-003   8.121837E-003   1.818233E-003
  -6.391490E-003   7.172331E-002   5.525523E-003  -1.510353E-002  -1.390638E-002   2.282983E-003
  -6.462508E-003   7.413503E-002   2.102759E-002  -6.206694E-003   7.826118E-003  -2.178988E-003
  -6.534271E-003   7.634378E-002   3.295813E-002  -1.742228E-003   6.830984E-003   1.844562E-004
  -6.606787E-003   7.833960E-002   3.674150E-002  -1.390834E-002  -1.748646E-002  -5.830177E-003
  -6.680064E-003   8.011283E-002   3.015042E-002  -1.743008E-002   1.680552E-002  -7.710233E-004
  -6.754109E-003   8.165422E-002   1.420324E-002   2.875680E-003  -7.127173E-003  -7.815907E-003
  -6.828932E-003   8.295494E-002  -6.978104E-003   3.035041E-002  -5.821545E-003  -1.986303E-004
  -6.904540E-003   8.400671E-002  -2.738490E-002   2.915459E-002   1.678405E-002  -6.425316E-003
  -6.980941E-003   8.480182E-002  -4.106080E-002  -1.010622E-002  -1.731173E-002  -2.045124E-004
  -7.058145E-003   8.533324E-002  -4.411185E-002  -3.468059E-002   3.152733E-003  -4.625229E-003
  -7.136159E-003   8.559469E-002  -3.605337E-002  -7.605761E-003   1.409123E-002  -4.158248E-003
  -7.214992E-003   8.558067E-002  -1.995720E-002   1.379507E-002  -1.769895E-002  -1.684907E-003
  -7.294653E-003   8.528662E-002  -1.294670E-003  -6.440477E-003   8.253242E-003  -5.924134E-003
  -7.375151E-003   8.470891E-002   1.411428E-002  -1.275968E-003   4.515585E-003   3.671162E-004
  -7.456495E-003   8.384500E-002   2.224713E-002   3.421565E-002  -1.526576E-002  -5.259822E-003
  -7.538693E-003   8.269345E-002   2.224445E-002   1.141616E-002   1.395489E-002  -3.308970E-004
  -7.621754E-003   8.125403E-002   1.642177E-002  -3.893633E-002   1.494276E-003   2.731095E-003
  -7.705688E-003   7.952782E-002   8.935631E-003  -1.951710E-002  -8.370679E-003  -1.173321E-003
  -7.790504E-003   7.751721E-002   3.726303E-003   1.881331E-002   1.301117E-003   5.957028E-003
  -7.876211E-003   7.522603E-002   2.712923E-003   7.768451E-003   4.530243E-004   2.121944E-003
  -7.962819E-003   7.265961E-002   5.108274E-003   9.476185E-004   4.854183E-003  -1.914507E-003
  -8.050337E-003   6.982479E-002   8.165336E-003   1.428134E-002  -1.213550E-002   1.105002E-003
  -8.138774E-003   6.673005E-002   8.920195E-003   7.336717E-004   8.315466E-003  -4.744671E-003
  -8.228141E-003   6.338548E-002   5.947764E-003  -2.439948E-002   9.867934E-003  -2.268946E-003
  -8.318446E-003   5.980286E-002   1.256287E-004  -1.583892E-002  -8.407742E-003   5.502861E-003
  -8.409701E-003   5.599569E-002  -6.031810E-003   1.986078E-002  -9.573042E-004   3.969544E-004
  -8.501915E-003   5.197917E-002  -1.003754E-002   2.184959E-002  -4.867928E-003  -1.437776E-003
  -8.595097E-003   4.777026E-002  -1.100503E-002  -1.031693E-002   1.308945E-002  -3.890097E-004
  -8.689258E-003   4.338762E-002  -1.004592E-002  -3.194222E-003  -6.897552E-003  -6.992216E-004
  -8.784408E-003   3.885161E-002  -9.157417E-003   8.026463E-004  -5.627281E-003   3.634197E-005
  -8.880558E-003   3.418426E-002  -9.343993E-003  -2.502028E-002  -7.345835E-003   2.575597E-003
  -8.977718E-003   2.940921E-002  -9.403490E-003   1.178191E-002   2.856470E-003  -1.608141E-003
  -9.075898E-003   2.455163E-002  -6.523043E-003   3.220209E-002   7.920053E-003  -1.283780E-003
  -9.175108E-003   1.963814E-002   1.403642E-003  -1.606878E-002  -1.837225E-003   9.399304E-004
  -9.275360E-003   1.469668E-002   1.326078E-002  -1.061476E-002  -2.242520E-003   5.585158E-004
  -9.376664E-003   9.756407E-003   2.407624E-002   1.978328E-003  -1.312135E-002   5.351877E-004
  -9.479031E-003   4.847530E-003   2.736873E-002  -1.051426E-002  -3.440547E-004  -4.088380E-004
  -9.582471E-003   1.133250E-006   1.945605E-002   1.404478E-002  -4.437936E-003  -3.082266E-003
  -9.686996E-003  -4.751015E-003   2.855205E-003   1.745173E-002   1.021172E-002   2.758052E-003
  -9.792617E-003  -9.376678E-003  -1.410658E-002  -1.505284E-002   6.773962E-004   2.483945E-003
  -9.899344E-003  -1.384339E-002  -2.204622E-002  -1.685937E-002   8.815132E-003  -2.793876E-003
  -1.000719E-002  -1.811873E-002  -1.689839E-002   1.169962E-002  -4.197401E-003  -5.026963E-005
  -1.011616E-002  -2.217056E-002  -3.298915E-003   1.734906E-003   2.002683E-003  -3.086691E-003
  -1.022628E-002  -2.596738E-002   8.154425E-003   7.384192E-003  -8.110182E-003   3.977874E-003
  -1.033754E-002  -2.947861E-002   8.546242E-003   6.978915E-003  -2.688151E-003   9.515019E-004
  -1.044997E-002  -3.267491E-002  -2.221911E-003  -3.062917E-002  -8.273511E-003   1.307152E-003
  -1.056357E-002  -3.552858E-002  -1.467695E-002   1.312526E-002  -6.058064E-003  -3.310889E-003
  -1.067836E-002  -3.801384E-002  -1.684015E-002   1.063308E-002  -4.756281E-003  -1.130304E-003
  -1.079435E-002  -4.010725E-002  -4.145804E-003  -3.242487E-003  -6.410735E-003  -2.366682E-003
  -1.091154E-002  -4.178806E-002   1.587659E-002   4.546688E-003   2.005400E-003   3.038584E-003
  -1.102996E-002  -4.303857E-002   2.873760E-002  -2.013700E-002  -6.988987E-003   9.894997E-005
  -1.114960E-002  -4.384446E-002   2.445928E-002   7.884729E-003   1.833642E-003   4.332347E-003
  -1.127049E-002  -4.419519E-002   5.942093E-003   1.639066E-002  -9.106044E-003   8.236062E-005
  -1.139264E-002  -4.408428E-002  -1.326908E-002  -1.005952E-002  -1.196636E-003   9.299037E-005
  -1.151605E-002  -4.350963E-002  -2.027836E-002  -2.766660E-003  -3.851999E-003   6.518469E-004
  -1.164073E-002  -4.247381E-002  -1.329085E-002  -6.155233E-003  -8.693456E-003  -3.751326E-003
  -1.176671E-002  -4.098425E-002  -1.785822E-003   7.478850E-003  -2.095071E-003  -1.408665E-003
  -1.189399E-002  -3.905349E-002   3.426146E-003   1.457901E-002  -8.970882E-003  -7.440843E-004
  -1.202258E-002  -3.669929E-002   3.105963E-004  -2.334257E-002   5.995606E-004  -3.848875E-003
  -1.215250E-002  -3.394470E-002  -4.027097E-003   9.169427E-003   5.873556E-005  -2.336557E-003
  -1.228375E-002  -3.081810E-002  -2.316541E-003  -5.642059E-003   3.080930E-004   4.070499E-004
  -1.241634E-002  -2.735314E-002   4.830483E-003   1.758239E-002   1.072735E-002  -9.469173E-004
  -1.255030E-002  -2.358859E-002   1.051344E-002  -1.331026E-002   6.261113E-004  -3.222241E-003
  -1.268562E-002  -1.956817E-002   1.001952E-002  -6.365288E-003  -1.109280E-003  -2.849251E-003
  -1.282232E-002  -1.534015E-002   5.452124E-003   1.120038E-002  -1.825175E-004  -1.056521E-003
  -1.296041E-002  -1.095707E-002   1.253695E-003  -6.600549E-004  -8.362938E-003  -1.382992E-004
  -1.309989E-002  -6.475128E-003  -2.324132E-003   2.955817E-003  -6.724310E-005  -5.861778E-004
  -1.324079E-002  -1.953689E-003  -7.943641E-003  -1.849159E-002   8.135023E-003  -1.823997E-003
  -1.338311E-002   2.545467E-003  -1.379650E-002   2.189055E-002   1.149342E-003  -2.728750E-003
  -1.352686E-002   6.958895E-003  -1.233229E-002  -9.307683E-003  -6.182747E-003  -2.054880E-003
  -1.367204E-002   1.122236E-002  -1.457469E-004   4.512490E-003   1.059116E-003  -6.378525E-004
  -1.381868E-002   1.527178E-002   1.356564E-002  -1.431963E-002   8.392435E-004  -3.747429E-005
  -1.396677E-002   1.904424E-002   1.489120E-002   1.922810E-002   1.152962E-003   5.776832E-004
  -1.411632E-002   2.247909E-002   2.953497E-003  -7.877709E-003  -1.405394E-003  -2.685843E-006
  -1.426735E-002   2.551903E-002  -6.710282E-003  -3.485879E-003   7.594358E-004  -1.840373E-003
  -1.441985E-002   2.811130E-002  -1.806385E-003  -5.031275E-004   2.188922E-004  -2.678975E-003
  -1.457384E-002   3.020879E-002   8.730991E-003   1.189433E-002  -1.534593E-003  -3.128766E-003
  -1.472933E-002   3.177121E-002   5.946617E-003  -1.336734E-002  -7.608334E-004  -1.036178E-003
  -1.488630E-002   3.276617E-002  -1.092778E-002   5.665641E-003   5.368741E-003   2.745116E-004
  -1.504479E-002   3.317020E-002  -2.006403E-002  -2.990057E-003  -2.398723E-003   1.093241E-003
  -1.520477E-002   3.296970E-002  -6.795941E-003   1.093342E-002  -6.522399E-003   8.546043E-005
  -1.536627E-002   3.216172E-002   1.390759E-002  -1.783292E-002   6.309476E-003   8.156791E-005
  -1.552927E-002   3.075460E-002   1.728377E-002   1.326887E-002   9.418881E-004   9.247329E-004
  -1.569379E-002   2.876846E-002   3.291251E-003  -1.812696E-003   6.595485E-004  -3.559031E-004
  -1.585981E-002   2.623540E-002  -6.062357E-003  -2.736358E-003  -3.509026E-003  -1.336536E-003
  -1.602735E-002   2.319953E-002  -1.315191E-003  -3.417760E-003  -3.716043E-003   5.653079E-004
  -1.619639E-002   1.971667E-002   3.283076E-003   1.036160E-002   5.300870E-003   1.328315E-003
  -1.636694E-002   1.585383E-002  -2.800340E-003  -6.276936E-003  -5.556847E-004  -1.230555E-003
  -1.653898E-002   1.168835E-002  -9.256028E-003  -7.078133E-003   4.899029E-003  -5.489126E-004
  -1.671251E-002   7.306748E-003  -5.177684E-003   1.726383E-002  -4.940118E-003   1.205502E-003
  -1.688752E-002   2.803240E-003   3.156918E-003  -1.464617E-002   9.415567E-004  -4.270518E-004
  -1.706401E-002  -1.721990E-003   6.838996E-003   3.629560E-003  -5.355506E-003   2.382439E-004
  -1.724195E-002  -6.164835E-003   7.758129E-003   5.058251E-003   1.844749E-003   7.788742E-005
  -1.742133E-002  -1.041954E-002   6.332060E-003  -6.591792E-003   2.568201E-004   5.594362E-004
  -1.760214E-002  -1.438120E-002  -2.445195E-003   5.471486E-003   1.800976E-003  -1.180265E-003
  -1.778435E-002  -1.794839E-002  -1.128219E-002  -4.090733E-003   4.899288E-003   1.755952E-003
  -1.796795E-002  -2.102591E-002  -5.990920E-003   3.453336E-004  -2.273744E-003  -2.043390E-003
  -1.815290E-002  -2.352759E-002   5.226334E-003   4.648306E-003   2.997913E-003   2.457587E-003
  -1.833918E-002  -2.537896E-002   2.641526E-003  -3.893961E-003  -1.795812E-003  -2.179800E-003
  -1.852675E-002  -2.651984E-002  -4.811049E-003  -1.242836E-003  -5.066381E-003   2.257227E-003
  -1.871559E-002  -2.690670E-002   4.052428E-003   2.490739E-003   3.448979E-004  -1.272286E-003
  -1.890564E-002  -2.651467E-002   1.433072E-002  -5.598228E-004  -3.552836E-003  -4.609992E-005
  -1.909688E-002  -2.533914E-002   9.611873E-004   2.289461E-003  -6.632722E-003   3.213315E-004
  -1.928924E-002  -2.339686E-002  -1.577163E-002  -7.053117E-004  -1.501949E-003   7.020714E-004
  -1.948269E-002  -2.072644E-002  -6.693759E-003  -7.799117E-003  -6.616892E-004  -2.047015E-003
  -1.967715E-002  -1.738821E-002   7.955987E-003   8.450866E-003  -5.103010E-003   1.574492E-003
  -1.987257E-002  -1.346335E-002   2.944682E-003   2.432037E-003  -5.130559E-003   3.523216E-005
  -2.006889E-002  -9.052339E-003  -2.299040E-003  -9.210779E-003  -5.965107E-004   8.342544E-004
  -2.026602E-002  -4.272578E-003   5.872951E-003   1.066323E-002   1.291286E-003  -1.514386E-003
  -2.046390E-002   7.446161E-004   6.214519E-003  -5.377211E-003  -1.769134E-003  -1.236784E-003
  -2.066243E-002   5.857741E-003  -4.600346E-003  -8.824974E-003  -5.642312E-003   7.024563E-004
  -2.086152E-002   1.091939E-002  -7.270110E-003   1.049639E-002  -6.100400E-003  -2.893238E-004
  -2.106107E-002   1.578102E-002  -2.759980E-003   1.342532E-004  -3.316874E-003   9.618649E-004
  -2.126099E-002   2.029799E-002   1.865531E-003   9.337615E-004  -4.972282E-004   2.061132E-003
  -2.146114E-002   2.433478E-002   7.855767E-003  -4.242788E-003   1.213097E-003  -5.471857E-005
  -2.166142E-002   2.777017E-002   5.013236E-003   4.775599E-003   3.341952E-003   1.128151E-003
  -2.186168E-002   3.050209E-002  -4.353628E-003   2.188063E-003   4.743535E-003   2.152633E-003
  -2.206180E-002   3.245202E-002  -9.998589E-004  -1.330938E-002   3.727858E-003   3.324865E-004
  -2.226162E-002   3.356872E-002   1.904003E-003   3.966305E-003   3.107345E-003   9.305592E-005
  -2.246098E-002   3.383101E-002  -7.836704E-003   1.171286E-003   1.980893E-003   1.218446E-003
  -2.265973E-002   3.324944E-002  -1.455026E-003   5.549850E-003  -1.242177E-003   4.301165E-004
  -2.285767E-002   3.186683E-002   1.417858E-002  -5.351440E-003  -2.126855E-003  -1.549565E-003
  -2.305464E-002   2.975740E-002   3.198559E-003  -1.416023E-003  -2.915248E-003  -1.757491E-003
  -2.325042E-002   2.702460E-002  -8.610594E-003   9.850271E-003  -1.560997E-003   1.830527E-004
  -2.344482E-002   2.379754E-002   1.346093E-003   1.392342E-003   1.547507E-003   1.837047E-003
  -2.363762E-002   2.022628E-002   7.461047E-004   2.964519E-003   2.802178E-003   1.113085E-003
  -2.382858E-002   1.647592E-002  -5.540801E-003  -1.008601E-002   3.849439E-003  -1.181983E-003
  -2.401748E-002   1.271996E-002   4.838015E-003   5.203506E-003   1.306973E-003  -1.940364E-003
  -2.420407E-002   9.132988E-003   8.371974E-003   1.263585E-003   9.314141E-004  -3.869492E-005
  -2.438808E-002   5.883184E-003   1.296280E-006   4.783672E-003   3.313461E-004   1.328848E-003
  -2.456926E-002   3.124926E-003  -3.304622E-003  -5.908965E-003   2.718780E-003   3.274213E-004
  -2.474733E-002   9.918890E-004  -4.079730E-003  -6.533915E-003   1.736138E-003   9.419574E-005
  -2.492200E-002  -4.090030E-004   1.044444E-003  -3.137193E-004  -3.505359E-004   7.894691E-004
  -2.509297E-002  -1.002445E-003   5.437107E-003   8.922038E-004  -4.248684E-003  -8.218840E-004
  -2.525996E-002  -7.481585E-004   3.954569E-004   5.882345E-003  -3.946586E-003  -1.539316E-003
  -2.542266E-002   3.573708E-004   3.831145E-003  -7.220792E-003  -1.912631E-004   2.738361E-004
  -2.558075E-002   2.280933E-003   3.992267E-003  -2.258299E-003   3.164419E-003  -1.295976E-004
  -2.573392E-002   4.954446E-003  -9.268639E-003  -9.039965E-003   3.736362E-003  -7.332418E-005
  -2.588184E-002   8.278523E-003  -1.964020E-003   5.744381E-003  -8.537227E-005   1.630183E-003
  -2.602420E-002   1.212759E-002   1.057255E-002  -7.037351E-004  -1.172453E-003   2.803325E-004
  -2.616067E-002   1.635626E-002   4.918402E-004   3.993290E-003  -1.453550E-003  -9.945973E-005
  -2.629093E-002   2.080663E-002   2.554637E-005  -7.953546E-003  -1.169800E-004   5.005506E-004
  -2.641467E-002   2.531612E-002   5.866356E-003  -3.906176E-003  -7.589290E-004  -1.389034E-003
  -2.653156E-002   2.972535E-002  -4.365813E-003  -3.151300E-003  -1.462738E-003  -1.005003E-003
  -2.664129E-002   3.388570E-002  -4.388503E-003   3.080095E-003   7.466048E-004  -2.135807E-006
  -2.674356E-002   3.766612E-002   5.786961E-003   3.689084E-003   2.513780E-003  -8.842469E-004
  -2.683808E-002   4.095887E-002   5.575794E-003  -3.749595E-003   3.686051E-003   3.322675E-004
  -2.692456E-002   4.368379E-002   3.138588E-003  -2.777425E-003   1.274528E-005   1.398868E-003
  -2.700272E-002   4.579110E-002  -1.222289E-004  -6.836244E-003  -2.568600E-003  -4.048609E-005
  -2.707232E-002   4.726246E-002  -2.036441E-003   6.229433E-003  -4.114327E-003  -5.467038E-004
  -2.713310E-002   4.811048E-002   1.770700E-003   1.125245E-004  -1.699200E-003  -2.232654E-005
  -2.718484E-002   4.837663E-002   2.206160E-004   4.297004E-003  -6.567184E-005  -5.306381E-004
  -2.722733E-002   4.812782E-002   1.831565E-003  -7.142200E-003   1.172951E-003  -8.106306E-004
  -2.726039E-002   4.745193E-002   1.017718E-002   1.060224E-003  -3.466963E-004   3.101332E-004
  -2.728384E-002   4.645259E-002   2.709236E-003   3.487230E-003  -5.831309E-004   1.208271E-003
  -2.729755E-002   4.524343E-002  -7.066449E-003   4.885375E-003  -1.335731E-003   5.287580E-004
  -2.730139E-002   4.394239E-002   1.994629E-003   1.575180E-003   4.609469E-004  -5.484594E-004
  -2.729527E-002   4.266606E-002   5.596917E-003  -5.808127E-003   1.271287E-003  -3.966371E-004
  -2.727911E-002   4.152464E-002  -1.274050E-003   5.962983E-003   1.898243E-003   1.378698E-004
  -2.725287E-002   4.061753E-002   4.188829E-003   4.291209E-004   2.089630E-003  -7.223211E-004
  -2.721652E-002   4.002979E-002   9.757429E-003   8.176518E-004   2.245555E-004  -1.445950E-003
  -2.717006E-002   3.982959E-002   8.421449E-004  -6.160430E-003  -1.190007E-003  -1.720014E-004
  -2.711352E-002   4.006663E-002  -4.143817E-003   3.134929E-004  -1.836229E-003  -3.010844E-004
  -2.704695E-002   4.077152E-002   9.663242E-004   6.313729E-003  -2.270138E-003  -1.408707E-003
  -2.697043E-002   4.195610E-002   3.680089E-003  -5.656952E-003  -1.484952E-003  -1.284265E-004
  -2.688406E-002   4.361446E-002   4.353027E-003   3.314110E-003   1.261996E-004  -8.149808E-005
  -2.678795E-002   4.572473E-002   5.734138E-003   3.510326E-003   1.697824E-004  -8.593530E-005
