   5.000000E-001   5.000000E-001   5.000000E-001   5.000000E-001   5.000000E-001   5.000000E-001
   5.000003E-001   5.000003E-001   5.000003E-001   5.000003E-001   5.000003E-001   5.000003E-001
   5.000006E-001   5.000006E-001   5.000006E-001   5.000006E-001   5.000006E-001   5.000006E-001
   5.000008E-001   5.000008E-001   5.000008E-001   5.000008E-001   5.000008E-001   5.000009E-001
   5.000010E-001   5.000010E-001   5.000010E-001   5.000011E-001   5.000011E-001   5.000011E-001
   5.000013E-001   5.000013E-001   5.000013E-001   5.000013E-001   5.000013E-001   5.000014E-001
   5.000015E-001   5.000015E-001   5.000015E-001   5.000015E-001   5.000015E-001   5.000016E-001
   5.000017E-001   5.000017E-001   5.000017E-001   5.000017E-001   5.000017E-001   5.000018E-001
   5.000019E-001   5.000019E-001   5.000019E-001   5.000019E-001   5.000020E-001   5.000021E-001
   5.000021E-001   5.000021E-001   5.000021E-001   5.000021E-001   5.000022E-001   5.000023E-001
   5.000023E-001   5.000023E-001   5.000023E-001   5.000023E-001   5.000023E-001   5.000025E-001
   5.000024E-001   5.000024E-001   5.000024E-001   5.000025E-001   5.000025E-001   5.000027E-001
   5.000026E-001   5.000026E-001   5.000026E-001   5.000026E-001   5.000027E-001   5.000029E-001
   5.000028E-001   5.000028E-001   5.000028E-001   5.000028E-001   5.000029E-001   5.000031E-001
   5.000030E-001   5.000030E-001   5.000030E-001   5.000030E-001   5.000031E-001   5.000033E-001
   5.000031E-001   5.000031E-001   5.000031E-001   5.000032E-001   5.000033E-001   5.000035E-001
   5.000033E-001   5.000033E-001   5.000033E-001   5.000033E-001   5.000035E-001   5.000037E-001
   5.000035E-001   5.000035E-001   5.000035E-001   5.000035E-001   5.000037E-001   5.000039E-001
   5.000037E-001   5.000037E-001   5.000037E-001   5.000037E-001   5.000038E-001   5.000041E-001
   5.000038E-001   5.000038E-001   5.000038E-001   5.000039E-001   5.000040E-001   5.000044E-001
   5.000040E-001   5.000040E-001   5.000040E-001   5.000040E-001   5.000042E-001   5.000046E-001
   5.000042E-001   5.000042E-001   5.000042E-001   5.000042E-001   5.000044E-001   5.000048E-001
   5.000044E-001   5.000044E-001   5.000044E-001   5.000044E-001   5.000046E-001   5.000050E-001
   5.000046E-001   5.000046E-001   5.000046E-001   5.000046E-001   5.000049E-001   5.000053E-001
   5.000048E-001   5.000048E-001   5.000048E-001   5.000048E-001   5.000051E-001   5.000055E-001
   5.000050E-001   5.000050E-001   5.000050E-001   5.000050E-001   5.000053E-001   5.000058E-001
   5.000052E-001   5.000052E-001   5.000052E-001   5.000052E-001   5.000055E-001   5.000061E-001
   5.000054E-001   5.000054E-001   5.000054E-001   5.000054E-001   5.000058E-001   5.000064E-001
   5.000056E-001   5.000056E-001   5.000056E-001   5.000057E-001   5.000060E-001   5.000067E-001
   5.000058E-001   5.000058E-001   5.000058E-001   5.000059E-001   5.000063E-001   5.000070E-001
   5.000060E-001   5.000060E-001   5.000061E-001   5.000061E-001   5.000065E-001   5.000073E-001
   5.000063E-001   5.000063E-001   5.000063E-001   5.000064E-001   5.000068E-001   5.000076E-001
   5.000065E-001   5.000065E-001   5.000065E-001   5.000066E-001   5.000071E-001   5.000080E-001
   5.000068E-001   5.000068E-001   5.000068E-001   5.000069E-001   5.000074E-001   5.000083E-001
   5.000070E-001   5.000070E-001   5.000071E-001   5.000071E-001   5.000077E-001   5.000087E-001
   5.000073E-001   5.000073E-001   5.000073E-001   5.000074E-001   5.000081E-001   5.000091E-001
   5.000076E-001   5.000076E-001   5.000076E-001   5.000077E-001   5.000084E-001   5.000096E-001
   5.000079E-001   5.000079E-001   5.000079E-001   5.000080E-001   5.000087E-001   5.000100E-001
   5.000082E-001   5.000082E-001   5.000082E-001   5.000083E-001   5.000091E-001   5.000105E-001
   5.000085E-001   5.000085E-001   5.000085E-001   5.000086E-001   5.000095E-001   5.000110E-001
   5.000088E-001   5.000088E-001   5.000088E-001   5.000090E-001   5.000099E-001   5.000115E-001
   5.000092E-001   5.000092E-001   5.000092E-001   5.000093E-001   5.000103E-001   5.000120E-001
   5.000095E-001   5.000095E-001   5.000095E-001   5.000097E-001   5.000107E-001   5.000126E-001
   5.000099E-001   5.000099E-001   5.000099E-001   5.000101E-001   5.000112E-001   5.000132E-001
   5.000102E-001   5.000102E-001   5.000103E-001   5.000104E-001   5.000117E-001   5.000138E-001
   5.000106E-001   5.000106E-001   5.000106E-001   5.000109E-001   5.000122E-001   5.000145E-001
   5.000110E-001   5.000110E-001   5.000111E-001   5.000113E-001   5.000127E-001   5.000152E-001
   5.000114E-001   5.000114E-001   5.000115E-001   5.000117E-001   5.000132E-001   5.000159E-001
   5.000119E-001   5.000119E-001   5.000119E-001   5.000122E-001   5.000138E-001   5.000167E-001
   5.000123E-001   5.000123E-001   5.000124E-001   5.000126E-001   5.000144E-001   5.000175E-001
   5.000128E-001   5.000128E-001   5.000128E-001   5.000131E-001   5.000150E-001   5.000184E-001
   5.000133E-001   5.000133E-001   5.000133E-001   5.000136E-001   5.000157E-001   5.000193E-001
   5.000138E-001   5.000138E-001   5.000138E-001   5.000141E-001   5.000164E-001   5.000202E-001
   5.000143E-001   5.000143E-001   5.000143E-001   5.000147E-001   5.000171E-001   5.000212E-001
   5.000148E-001   5.000148E-001   5.000149E-001   5.000153E-001   5.000179E-001   5.000223E-001
   5.000154E-001   5.000154E-001   5.000154E-001   5.000159E-001   5.000186E-001   5.000234E-001
   5.000159E-001   5.000159E-001   5.000160E-001   5.000165E-001   5.000195E-001   5.000246E-001
   5.000165E-001   5.000165E-001   5.000166E-001   5.000171E-001   5.000203E-001   5.000259E-001
   5.000172E-001   5.000172E-001   5.000172E-001   5.000178E-001   5.000213E-001   5.000273E-001
   5.000178E-001   5.000178E-001   5.000179E-001   5.000185E-001   5.000222E-001   5.000287E-001
   5.000185E-001   5.000185E-001   5.000186E-001   5.000192E-001   5.000232E-001   5.000302E-001
   5.000192E-001   5.000192E-001   5.000193E-001   5.000199E-001   5.000243E-001   5.000318E-001
   5.000199E-001   5.000199E-001   5.000200E-001   5.000207E-001   5.000254E-001   5.000335E-001
   5.000206E-001   5.000206E-001   5.000208E-001   5.000215E-001   5.000266E-001   5.000352E-001
   5.000214E-001   5.000214E-001   5.000215E-001   5.000224E-001   5.000278E-001   5.000371E-001
   5.000222E-001   5.000222E-001   5.000223E-001   5.000232E-001   5.000291E-001   5.000391E-001
   5.000231E-001   5.000231E-001   5.000232E-001   5.000242E-001   5.000304E-001   5.000413E-001
   5.000239E-001   5.000239E-001   5.000241E-001   5.000251E-001   5.000319E-001   5.000435E-001
   5.000248E-001   5.000248E-001   5.000250E-001   5.000261E-001   5.000334E-001   5.000459E-001
   5.000258E-001   5.000258E-001   5.000259E-001   5.000271E-001   5.000350E-001   5.000485E-001
   5.000267E-001   5.000267E-001   5.000269E-001   5.000282E-001   5.000366E-001   5.000512E-001
   5.000277E-001   5.000277E-001   5.000279E-001   5.000293E-001   5.000384E-001   5.000541E-001
   5.000288E-001   5.000288E-001   5.000290E-001   5.000305E-001   5.000403E-001   5.000571E-001
   5.000298E-001   5.000298E-001   5.000301E-001   5.000317E-001   5.000422E-001   5.000604E-001
   5.000310E-001   5.000310E-001   5.000312E-001   5.000329E-001   5.000443E-001   5.000639E-001
   5.000321E-001   5.000321E-001   5.000324E-001   5.000343E-001   5.000465E-001   5.000675E-001
   5.000333E-001   5.000333E-001   5.000336E-001   5.000356E-001   5.000488E-001   5.000714E-001
   5.000346E-001   5.000346E-001   5.000349E-001   5.000371E-001   5.000512E-001   5.000756E-001
   5.000359E-001   5.000359E-001   5.000362E-001   5.000385E-001   5.000538E-001   5.000801E-001
   5.000372E-001   5.000372E-001   5.000376E-001   5.000401E-001   5.000565E-001   5.000848E-001
   5.000386E-001   5.000386E-001   5.000390E-001   5.000417E-001   5.000594E-001   5.000898E-001
   5.000401E-001   5.000401E-001   5.000405E-001   5.000434E-001   5.000624E-001   5.000952E-001
   5.000416E-001   5.000416E-001   5.000420E-001   5.000451E-001   5.000656E-001   5.001009E-001
   5.000431E-001   5.000432E-001   5.000436E-001   5.000470E-001   5.000691E-001   5.001070E-001
   5.000448E-001   5.000448E-001   5.000453E-001   5.000489E-001   5.000727E-001   5.001135E-001
   5.000464E-001   5.000465E-001   5.000470E-001   5.000509E-001   5.000765E-001   5.001205E-001
   5.000482E-001   5.000482E-001   5.000488E-001   5.000530E-001   5.000805E-001   5.001279E-001
   5.000500E-001   5.000500E-001   5.000506E-001   5.000552E-001   5.000848E-001   5.001358E-001
   5.000519E-001   5.000519E-001   5.000526E-001   5.000574E-001   5.000893E-001   5.001442E-001
   5.000538E-001   5.000538E-001   5.000546E-001   5.000598E-001   5.000941E-001   5.001532E-001
   5.000558E-001   5.000559E-001   5.000566E-001   5.000623E-001   5.000992E-001   5.001629E-001
   5.000579E-001   5.000579E-001   5.000588E-001   5.000649E-001   5.001047E-001   5.001732E-001
   5.000601E-001   5.000601E-001   5.000610E-001   5.000676E-001   5.001104E-001   5.001842E-001
   5.000624E-001   5.000624E-001   5.000634E-001   5.000704E-001   5.001165E-001   5.001959E-001
   5.000647E-001   5.000647E-001   5.000658E-001   5.000733E-001   5.001230E-001   5.002085E-001
   5.000671E-001   5.000672E-001   5.000683E-001   5.000764E-001   5.001299E-001   5.002219E-001
   5.000697E-001   5.000697E-001   5.000709E-001   5.000797E-001   5.001372E-001   5.002362E-001
   5.000723E-001   5.000723E-001   5.000736E-001   5.000830E-001   5.001450E-001   5.002516E-001
   5.000750E-001   5.000750E-001   5.000764E-001   5.000866E-001   5.001533E-001   5.002680E-001
   5.000778E-001   5.000778E-001   5.000793E-001   5.000903E-001   5.001621E-001   5.002856E-001
   5.000807E-001   5.000807E-001   5.000824E-001   5.000942E-001   5.001714E-001   5.003044E-001
   5.000837E-001   5.000838E-001   5.000855E-001   5.000982E-001   5.001814E-001   5.003246E-001
   5.000869E-001   5.000869E-001   5.000888E-001   5.001025E-001   5.001920E-001   5.003461E-001
   5.000901E-001   5.000902E-001   5.000922E-001   5.001069E-001   5.002033E-001   5.003692E-001
   5.000935E-001   5.000936E-001   5.000957E-001   5.001116E-001   5.002154E-001   5.003939E-001
   5.000970E-001   5.000971E-001   5.000994E-001   5.001165E-001   5.002282E-001   5.004204E-001
   5.001007E-001   5.001007E-001   5.001032E-001   5.001216E-001   5.002419E-001   5.004488E-001
   5.001045E-001   5.001045E-001   5.001072E-001   5.001270E-001   5.002564E-001   5.004792E-001
   5.001084E-001   5.001084E-001   5.001114E-001   5.001326E-001   5.002720E-001   5.005118E-001
   5.001124E-001   5.001125E-001   5.001156E-001   5.001385E-001   5.002885E-001   5.005467E-001
   5.001167E-001   5.001167E-001   5.001201E-001   5.001447E-001   5.003062E-001   5.005841E-001
   5.001210E-001   5.001211E-001   5.001247E-001   5.001513E-001   5.003251E-001   5.006242E-001
   5.001256E-001   5.001256E-001   5.001296E-001   5.001581E-001   5.003453E-001   5.006672E-001
   5.001303E-001   5.001303E-001   5.001346E-001   5.001653E-001   5.003668E-001   5.007134E-001
   5.001352E-001   5.001352E-001   5.001398E-001   5.001729E-001   5.003897E-001   5.007628E-001
   5.001402E-001   5.001403E-001   5.001452E-001   5.001808E-001   5.004143E-001   5.008159E-001
   5.001455E-001   5.001455E-001   5.001509E-001   5.001892E-001   5.004405E-001   5.008728E-001
   5.001509E-001   5.001510E-001   5.001567E-001   5.001980E-001   5.004685E-001   5.009338E-001
   5.001566E-001   5.001567E-001   5.001628E-001   5.002072E-001   5.004984E-001   5.009993E-001
   5.001625E-001   5.001625E-001   5.001692E-001   5.002170E-001   5.005304E-001   5.010696E-001
   5.001686E-001   5.001686E-001   5.001758E-001   5.002272E-001   5.005646E-001   5.011450E-001
   5.001749E-001   5.001750E-001   5.001826E-001   5.002380E-001   5.006012E-001   5.012260E-001
   5.001814E-001   5.001815E-001   5.001898E-001   5.002494E-001   5.006403E-001   5.013128E-001
   5.001882E-001   5.001883E-001   5.001972E-001   5.002614E-001   5.006822E-001   5.014061E-001
   5.001953E-001   5.001954E-001   5.002050E-001   5.002740E-001   5.007270E-001   5.015062E-001
   5.002026E-001   5.002027E-001   5.002130E-001   5.002874E-001   5.007750E-001   5.016136E-001
   5.002102E-001   5.002103E-001   5.002214E-001   5.003015E-001   5.008263E-001   5.017290E-001
   5.002181E-001   5.002182E-001   5.002301E-001   5.003163E-001   5.008813E-001   5.018529E-001
   5.002262E-001   5.002264E-001   5.002392E-001   5.003320E-001   5.009401E-001   5.019860E-001
   5.002347E-001   5.002349E-001   5.002487E-001   5.003485E-001   5.010031E-001   5.021288E-001
   5.002435E-001   5.002437E-001   5.002586E-001   5.003660E-001   5.010706E-001   5.022823E-001
   5.002526E-001   5.002528E-001   5.002688E-001   5.003845E-001   5.011429E-001   5.024470E-001
   5.002621E-001   5.002623E-001   5.002795E-001   5.004040E-001   5.012204E-001   5.026240E-001
   5.002719E-001   5.002721E-001   5.002907E-001   5.004247E-001   5.013034E-001   5.028142E-001
   5.002821E-001   5.002823E-001   5.003023E-001   5.004465E-001   5.013923E-001   5.030184E-001
   5.002926E-001   5.002928E-001   5.003144E-001   5.004697E-001   5.014877E-001   5.032378E-001
   5.003036E-001   5.003038E-001   5.003270E-001   5.004941E-001   5.015899E-001   5.034735E-001
   5.003150E-001   5.003152E-001   5.003402E-001   5.005200E-001   5.016994E-001   5.037267E-001
   5.003267E-001   5.003270E-001   5.003539E-001   5.005475E-001   5.018169E-001   5.039988E-001
   5.003390E-001   5.003392E-001   5.003682E-001   5.005766E-001   5.019429E-001   5.042911E-001
   5.003516E-001   5.003519E-001   5.003831E-001   5.006074E-001   5.020780E-001   5.046051E-001
   5.003648E-001   5.003651E-001   5.003986E-001   5.006401E-001   5.022229E-001   5.049426E-001
   5.003784E-001   5.003788E-001   5.004148E-001   5.006747E-001   5.023783E-001   5.053052E-001
   5.003926E-001   5.003930E-001   5.004318E-001   5.007115E-001   5.025451E-001   5.056948E-001
   5.004073E-001   5.004077E-001   5.004494E-001   5.007505E-001   5.027239E-001   5.061135E-001
   5.004225E-001   5.004229E-001   5.004679E-001   5.007920E-001   5.029159E-001   5.065634E-001
   5.004383E-001   5.004387E-001   5.004871E-001   5.008360E-001   5.031218E-001   5.070469E-001
   5.004546E-001   5.004551E-001   5.005072E-001   5.008827E-001   5.033428E-001   5.075665E-001
   5.004716E-001   5.004722E-001   5.005282E-001   5.009323E-001   5.035799E-001   5.081248E-001
   5.004892E-001   5.004898E-001   5.005502E-001   5.009851E-001   5.038345E-001   5.087248E-001
   5.005075E-001   5.005081E-001   5.005731E-001   5.010412E-001   5.041077E-001   5.093696E-001
   5.005265E-001   5.005271E-001   5.005970E-001   5.011008E-001   5.044009E-001   5.100625E-001
   5.005461E-001   5.005468E-001   5.006221E-001   5.011643E-001   5.047157E-001   5.108070E-001
   5.005665E-001   5.005673E-001   5.006483E-001   5.012318E-001   5.050537E-001   5.116071E-001
   5.005876E-001   5.005885E-001   5.006756E-001   5.013037E-001   5.054165E-001   5.124669E-001
   5.006095E-001   5.006104E-001   5.007043E-001   5.013802E-001   5.058060E-001   5.133908E-001
   5.006323E-001   5.006332E-001   5.007342E-001   5.014616E-001   5.062241E-001   5.143835E-001
   5.006558E-001   5.006569E-001   5.007655E-001   5.015484E-001   5.066731E-001   5.154501E-001
   5.006803E-001   5.006814E-001   5.007983E-001   5.016409E-001   5.071552E-001   5.165962E-001
   5.007056E-001   5.007068E-001   5.008327E-001   5.017394E-001   5.076729E-001   5.178275E-001
   5.007319E-001   5.007332E-001   5.008687E-001   5.018444E-001   5.082288E-001   5.191504E-001
   5.007592E-001   5.007606E-001   5.009063E-001   5.019564E-001   5.088257E-001   5.205715E-001
   5.007874E-001   5.007889E-001   5.009458E-001   5.020758E-001   5.094666E-001   5.220981E-001
   5.008167E-001   5.008183E-001   5.009872E-001   5.022032E-001   5.101549E-001   5.237379E-001
   5.008471E-001   5.008488E-001   5.010305E-001   5.023391E-001   5.108939E-001   5.254991E-001
   5.008786E-001   5.008805E-001   5.010760E-001   5.024842E-001   5.116876E-001   5.273907E-001
   5.009113E-001   5.009133E-001   5.011237E-001   5.026390E-001   5.125398E-001   5.294219E-001
   5.009451E-001   5.009473E-001   5.011737E-001   5.028042E-001   5.134550E-001   5.316030E-001
   5.009802E-001   5.009825E-001   5.012262E-001   5.029807E-001   5.144377E-001   5.339447E-001
   5.010166E-001   5.010191E-001   5.012813E-001   5.031692E-001   5.154929E-001   5.364586E-001
   5.010543E-001   5.010570E-001   5.013391E-001   5.033705E-001   5.166259E-001   5.391569E-001
   5.010934E-001   5.010963E-001   5.013999E-001   5.035856E-001   5.178424E-001   5.420529E-001
   5.011340E-001   5.011371E-001   5.014637E-001   5.038154E-001   5.191485E-001   5.451603E-001
   5.011760E-001   5.011794E-001   5.015308E-001   5.040611E-001   5.205507E-001   5.484943E-001
   5.012196E-001   5.012232E-001   5.016013E-001   5.043236E-001   5.220561E-001   5.520706E-001
   5.012647E-001   5.012686E-001   5.016755E-001   5.046043E-001   5.236722E-001   5.559060E-001
   5.013115E-001   5.013157E-001   5.017535E-001   5.049045E-001   5.254068E-001   5.600185E-001
   5.013600E-001   5.013645E-001   5.018355E-001   5.052254E-001   5.272687E-001   5.644271E-001
   5.014103E-001   5.014151E-001   5.019219E-001   5.055687E-001   5.292669E-001   5.691520E-001
   5.014624E-001   5.014676E-001   5.020128E-001   5.059359E-001   5.314112E-001   5.742143E-001
   5.015164E-001   5.015220E-001   5.021085E-001   5.063286E-001   5.337121E-001   5.796368E-001
   5.015723E-001   5.015783E-001   5.022093E-001   5.067489E-001   5.361807E-001   5.854431E-001
   5.016303E-001   5.016368E-001   5.023156E-001   5.071985E-001   5.388288E-001   5.916583E-001
   5.016903E-001   5.016973E-001   5.024276E-001   5.076797E-001   5.416693E-001   5.983089E-001
   5.017525E-001   5.017601E-001   5.025456E-001   5.081947E-001   5.447155E-001   6.054224E-001
   5.018170E-001   5.018251E-001   5.026702E-001   5.087459E-001   5.479817E-001   6.130278E-001
   5.018838E-001   5.018925E-001   5.028015E-001   5.093359E-001   5.514834E-001   6.211554E-001
   5.019530E-001   5.019624E-001   5.029401E-001   5.099674E-001   5.552367E-001   6.298367E-001
   5.020247E-001   5.020348E-001   5.030864E-001   5.106435E-001   5.592588E-001   6.391045E-001
   5.020989E-001   5.021098E-001   5.032409E-001   5.113673E-001   5.635679E-001   6.489925E-001
   5.021758E-001   5.021875E-001   5.034041E-001   5.121423E-001   5.681836E-001   6.595356E-001
   5.022555E-001   5.022680E-001   5.035765E-001   5.129720E-001   5.731261E-001   6.707696E-001
   5.023379E-001   5.023514E-001   5.037586E-001   5.138605E-001   5.784172E-001   6.827308E-001
   5.024234E-001   5.024378E-001   5.039512E-001   5.148118E-001   5.840795E-001   6.954561E-001
   5.025118E-001   5.025274E-001   5.041548E-001   5.158304E-001   5.901372E-001   7.089824E-001
   5.026034E-001   5.026201E-001   5.043702E-001   5.169211E-001   5.966155E-001   7.233467E-001
   5.026982E-001   5.027162E-001   5.045980E-001   5.180890E-001   6.035408E-001   7.385851E-001
   5.027963E-001   5.028157E-001   5.048391E-001   5.193396E-001   6.109408E-001   7.547327E-001
   5.028979E-001   5.029188E-001   5.050943E-001   5.206787E-001   6.188445E-001   7.718230E-001
   5.030031E-001   5.030255E-001   5.053646E-001   5.221124E-001   6.272820E-001   7.898869E-001
   5.031119E-001   5.031360E-001   5.056508E-001   5.236476E-001   6.362844E-001   8.089522E-001
   5.032246E-001   5.032505E-001   5.059539E-001   5.252911E-001   6.458841E-001   8.290424E-001
   5.033411E-001   5.033690E-001   5.062752E-001   5.270507E-001   6.561143E-001   8.501757E-001
   5.034617E-001   5.034917E-001   5.066156E-001   5.289343E-001   6.670091E-001   8.723637E-001
   5.035865E-001   5.036187E-001   5.069765E-001   5.309506E-001   6.786032E-001   8.956100E-001
   5.037156E-001   5.037502E-001   5.073592E-001   5.331086E-001   6.909318E-001   9.199083E-001
   5.038491E-001   5.038863E-001   5.077651E-001   5.354182E-001   7.040303E-001   9.452408E-001
   5.039872E-001   5.040271E-001   5.081956E-001   5.378897E-001   7.179338E-001   9.715758E-001
   5.041300E-001   5.041729E-001   5.086524E-001   5.405340E-001   7.326771E-001   9.988655E-001
   5.042777E-001   5.043238E-001   5.091372E-001   5.433629E-001   7.482939E-001   1.027043E+000
   5.044303E-001   5.044799E-001   5.096517E-001   5.463888E-001   7.648165E-001   1.056021E+000
   5.045882E-001   5.046414E-001   5.101979E-001   5.496249E-001   7.822748E-001   1.085684E+000
   5.047513E-001   5.048085E-001   5.107779E-001   5.530850E-001   8.006963E-001   1.115892E+000
   5.049199E-001   5.049814E-001   5.113938E-001   5.567839E-001   8.201042E-001   1.146470E+000
   5.050941E-001   5.051602E-001   5.120479E-001   5.607372E-001   8.405175E-001   1.177206E+000
   5.052741E-001   5.053451E-001   5.127428E-001   5.649615E-001   8.619488E-001   1.207850E+000
   5.054601E-001   5.055363E-001   5.134811E-001   5.694740E-001   8.844040E-001   1.238106E+000
   5.056522E-001   5.057341E-001   5.142655E-001   5.742931E-001   9.078802E-001   1.267626E+000
   5.058506E-001   5.059385E-001   5.150991E-001   5.794379E-001   9.323641E-001   1.296011E+000
   5.060554E-001   5.061499E-001   5.159850E-001   5.849289E-001   9.578305E-001   1.322801E+000
   5.062669E-001   5.063683E-001   5.169267E-001   5.907870E-001   9.842396E-001   1.347475E+000
   5.064852E-001   5.065941E-001   5.179276E-001   5.970345E-001   1.011535E+000   1.369445E+000
   5.067105E-001   5.068274E-001   5.189917E-001   6.036945E-001   1.039642E+000   1.388055E+000
   5.069430E-001   5.070685E-001   5.201229E-001   6.107910E-001   1.068464E+000   1.402578E+000
   5.071828E-001   5.073175E-001   5.213256E-001   6.183492E-001   1.097877E+000   1.412217E+000
   5.074302E-001   5.075748E-001   5.226043E-001   6.263949E-001   1.127732E+000   1.416108E+000
   5.076853E-001   5.078405E-001   5.239639E-001   6.349549E-001   1.157846E+000   1.413322E+000
   5.079484E-001   5.081149E-001   5.254095E-001   6.440566E-001   1.188003E+000   1.402876E+000
   5.082195E-001   5.083982E-001   5.269466E-001   6.537283E-001   1.217946E+000   1.383743E+000
   5.084990E-001   5.086906E-001   5.285808E-001   6.639987E-001   1.247375E+000   1.354870E+000
   5.087869E-001   5.089925E-001   5.303184E-001   6.748969E-001   1.275944E+000   1.315198E+000
   5.090836E-001   5.093041E-001   5.321657E-001   6.864523E-001   1.303255E+000   1.263693E+000
   5.093891E-001   5.096256E-001   5.341296E-001   6.986941E-001   1.328856E+000   1.199379E+000
   5.097036E-001   5.099572E-001   5.362173E-001   7.116516E-001   1.352240E+000   1.121381E+000
   5.100274E-001   5.102993E-001   5.384364E-001   7.253531E-001   1.372838E+000   1.028980E+000
   5.103606E-001   5.106522E-001   5.407951E-001   7.398264E-001   1.390019E+000   9.216680E-001
   5.107035E-001   5.110160E-001   5.433016E-001   7.550977E-001   1.403092E+000   7.992187E-001
   5.110561E-001   5.113910E-001   5.459651E-001   7.711916E-001   1.411306E+000   6.617625E-001
   5.114187E-001   5.117776E-001   5.487948E-001   7.881303E-001   1.413849E+000   5.098687E-001
   5.117915E-001   5.121760E-001   5.518006E-001   8.059329E-001   1.409863E+000   3.446299E-001
   5.121746E-001   5.125865E-001   5.549931E-001   8.246150E-001   1.398442E+000   1.677485E-001
   5.125682E-001   5.130094E-001   5.583829E-001   8.441877E-001   1.378651E+000  -1.838300E-002
   5.129724E-001   5.134449E-001   5.619816E-001   8.646569E-001   1.349542E+000  -2.106122E-001
   5.133874E-001   5.138934E-001   5.658011E-001   8.860219E-001   1.310170E+000  -4.049764E-001
   5.138134E-001   5.143551E-001   5.698540E-001   9.082748E-001   1.259625E+000  -5.966808E-001
   5.142505E-001   5.148303E-001   5.741532E-001   9.313991E-001   1.197060E+000  -7.801175E-001
   5.146988E-001   5.153193E-001   5.787123E-001   9.553679E-001   1.121733E+000  -9.489362E-001
   5.151585E-001   5.158225E-001   5.835455E-001   9.801434E-001   1.033047E+000  -1.096182E+000
   5.156296E-001   5.163400E-001   5.886676E-001   1.005675E+000   9.306058E-001  -1.214509E+000
   5.161124E-001   5.168722E-001   5.940937E-001   1.031895E+000   8.142696E-001  -1.296485E+000
   5.166068E-001   5.174194E-001   5.998396E-001   1.058724E+000   6.842176E-001  -1.334991E+000
   5.171130E-001   5.179819E-001   6.059216E-001   1.086059E+000   5.410148E-001  -1.323716E+000
   5.176311E-001   5.185599E-001   6.123566E-001   1.113780E+000   3.856809E-001  -1.257743E+000
   5.181611E-001   5.191538E-001   6.191616E-001   1.141742E+000   2.197570E-001  -1.134195E+000
   5.187031E-001   5.197638E-001   6.263543E-001   1.169778E+000   4.536836E-002  -9.529237E-001
   5.192571E-001   5.203903E-001   6.339529E-001   1.197692E+000  -1.347237E-001  -7.171673E-001
   5.198231E-001   5.210335E-001   6.419755E-001   1.225260E+000  -3.170857E-001  -4.341210E-001
   5.204012E-001   5.216937E-001   6.504409E-001   1.252227E+000  -4.975993E-001  -1.153228E-001
   5.209914E-001   5.223712E-001   6.593677E-001   1.278304E+000  -6.714798E-001   2.232463E-001
   5.215935E-001   5.230664E-001   6.687747E-001   1.303169E+000  -8.333351E-001   5.614605E-001
   5.222077E-001   5.237794E-001   6.786807E-001   1.326465E+000  -9.772734E-001   8.758474E-001
   5.228338E-001   5.245105E-001   6.891045E-001   1.347794E+000  -1.097068E+000   1.140967E+000
   5.234717E-001   5.252602E-001   7.000642E-001   1.366727E+000  -1.186388E+000   1.331404E+000
   5.241215E-001   5.260285E-001   7.115779E-001   1.382794E+000  -1.239094E+000   1.424329E+000
   5.247829E-001   5.268159E-001   7.236628E-001   1.395490E+000  -1.249607E+000   1.402491E+000
   5.254559E-001   5.276226E-001   7.363354E-001   1.404279E+000  -1.213336E+000   1.257367E+000
   5.261403E-001   5.284490E-001   7.496112E-001   1.408593E+000  -1.127158E+000   9.920924E-001
   5.268359E-001   5.292952E-001   7.635043E-001   1.407840E+000  -9.899250E-001   6.236311E-001
   5.275426E-001   5.301615E-001   7.780273E-001   1.401411E+000  -8.029625E-001   1.836277E-001
   5.282601E-001   5.310484E-001   7.931912E-001   1.388685E+000  -5.705203E-001  -2.826665E-001
   5.289883E-001   5.319560E-001   8.090047E-001   1.369041E+000  -3.001162E-001  -7.198419E-001
   5.297268E-001   5.328847E-001   8.254740E-001   1.341873E+000  -2.709652E-003  -1.068344E+000
   5.304755E-001   5.338347E-001   8.426025E-001   1.306600E+000   3.073635E-001  -1.272806E+000
   5.312341E-001   5.348064E-001   8.603905E-001   1.262687E+000   6.127644E-001  -1.291870E+000
   5.320022E-001   5.358001E-001   8.788346E-001   1.209664E+000   8.938884E-001  -1.108065E+000
   5.327796E-001   5.368161E-001   8.979273E-001   1.147147E+000   1.130004E+000  -7.357029E-001
   5.335658E-001   5.378547E-001   9.176566E-001   1.074865E+000   1.300789E+000  -2.244863E-001
   5.343606E-001   5.389162E-001   9.380055E-001   9.926812E-001   1.388225E+000   3.433328E-001
   5.351636E-001   5.400011E-001   9.589512E-001   9.006281E-001   1.378718E+000   8.636029E-001
   5.359743E-001   5.411096E-001   9.804652E-001   7.989314E-001   1.265292E+000   1.228561E+000
   5.367925E-001   5.422422E-001   1.002512E+000   6.880416E-001   1.049574E+000   1.350475E+000
   5.376175E-001   5.433991E-001   1.025050E+000   5.686614E-001   7.432732E-001   1.186040E+000
   5.384491E-001   5.445810E-001   1.048027E+000   4.417726E-001   3.688086E-001   7.550669E-001
   5.392868E-001   5.457880E-001   1.071387E+000   3.086584E-001  -4.125840E-002   1.464454E-001
   5.401300E-001   5.470208E-001   1.095061E+000   1.709204E-001  -4.462453E-001  -4.940578E-001
   5.409784E-001   5.482797E-001   1.118973E+000   3.048893E-002  -8.009435E-001  -9.955739E-001
   5.418314E-001   5.495652E-001   1.143037E+000  -1.103773E-001  -1.060685E+000  -1.208702E+000
   5.426886E-001   5.508779E-001   1.167155E+000  -2.491022E-001  -1.187491E+000  -1.055313E+000
   5.435494E-001   5.522183E-001   1.191220E+000  -3.828181E-001  -1.156598E+000  -5.650358E-001
   5.444132E-001   5.535869E-001   1.215113E+000  -5.084078E-001  -9.623492E-001   1.183526E-001
   5.452797E-001   5.549844E-001   1.238704E+000  -6.225640E-001  -6.222481E-001   7.708762E-001
   5.461483E-001   5.564114E-001   1.261853E+000  -7.218691E-001  -1.779441E-001   1.159483E+000
   5.470183E-001   5.578685E-001   1.284406E+000  -8.028949E-001   3.078497E-001   1.131870E+000
   5.478894E-001   5.593566E-001   1.306198E+000  -8.623229E-001   7.589519E-001   6.828975E-001
   5.487609E-001   5.608763E-001   1.327055E+000  -8.970828E-001   1.097434E+000  -1.783202E-002
   5.496323E-001   5.624284E-001   1.346789E+000  -9.045079E-001   1.258039E+000  -6.806175E-001
   5.505031E-001   5.640138E-001   1.365206E+000  -8.825019E-001   1.202821E+000  -1.013162E+000
   5.513727E-001   5.656334E-001   1.382098E+000  -8.297119E-001   9.327594E-001  -8.583383E-001
   5.522407E-001   5.672880E-001   1.397252E+000  -7.456983E-001   4.936123E-001  -2.855140E-001
   5.531127E-001   5.689850E-001   1.410452E+000  -6.308260E-001  -3.050890E-002   4.226746E-001
   5.532270E-001   5.692113E-001   1.412040E+000  -6.134208E-001  -1.004287E-001   5.065970E-001
   5.533413E-001   5.694383E-001   1.413588E+000  -5.955158E-001  -1.696213E-001   5.855140E-001
   5.534554E-001   5.696660E-001   1.415098E+000  -5.771176E-001  -2.378112E-001   6.586571E-001
   5.535696E-001   5.698943E-001   1.416567E+000  -5.582327E-001  -3.047238E-001   7.253108E-001
   5.536836E-001   5.701232E-001   1.417997E+000  -5.388683E-001  -3.700868E-001   7.848201E-001
   5.537976E-001   5.703529E-001   1.419385E+000  -5.190321E-001  -4.336315E-001   8.365983E-001
   5.539116E-001   5.705831E-001   1.420732E+000  -4.987319E-001  -4.950941E-001   8.801335E-001
   5.540255E-001   5.708141E-001   1.422037E+000  -4.779762E-001  -5.542163E-001   9.149949E-001
   5.541393E-001   5.710456E-001   1.423300E+000  -4.567739E-001  -6.107472E-001   9.408379E-001
   5.542530E-001   5.712779E-001   1.424519E+000  -4.351342E-001  -6.644441E-001   9.574091E-001
   5.543667E-001   5.715108E-001   1.425696E+000  -4.130667E-001  -7.150738E-001   9.645496E-001
   5.544802E-001   5.717443E-001   1.426828E+000  -3.905815E-001  -7.624137E-001   9.621978E-001
   5.545937E-001   5.719786E-001   1.427915E+000  -3.676892E-001  -8.062530E-001   9.503910E-001
   5.547071E-001   5.722134E-001   1.428957E+000  -3.444007E-001  -8.463937E-001   9.292667E-001
   5.548204E-001   5.724490E-001   1.429954E+000  -3.207274E-001  -8.826518E-001   8.990616E-001
   5.549336E-001   5.726851E-001   1.430904E+000  -2.966811E-001  -9.148584E-001   8.601103E-001
   5.550467E-001   5.729220E-001   1.431808E+000  -2.722739E-001  -9.428606E-001   8.128430E-001
   5.551597E-001   5.731595E-001   1.432665E+000  -2.475186E-001  -9.665223E-001   7.577817E-001
   5.552725E-001   5.733976E-001   1.433473E+000  -2.224283E-001  -9.857255E-001   6.955357E-001
   5.553852E-001   5.736364E-001   1.434233E+000  -1.970163E-001  -1.000371E+000   6.267956E-001
   5.554978E-001   5.738758E-001   1.434945E+000  -1.712968E-001  -1.010378E+000   5.523265E-001
   5.556103E-001   5.741158E-001   1.435606E+000  -1.452839E-001  -1.015689E+000   4.729605E-001
   5.557226E-001   5.743565E-001   1.436218E+000  -1.189924E-001  -1.016263E+000   3.895876E-001
   5.558347E-001   5.745978E-001   1.436780E+000  -9.243763E-002  -1.012084E+000   3.031462E-001
   5.559467E-001   5.748398E-001   1.437290E+000  -6.563504E-002  -1.003156E+000   2.146131E-001
   5.560585E-001   5.750824E-001   1.437749E+000  -3.860066E-002  -9.895053E-001   1.249922E-001
   5.561701E-001   5.753255E-001   1.438155E+000  -1.135089E-002  -9.711822E-001   3.530284E-002
   5.562816E-001   5.755693E-001   1.438509E+000   1.609748E-002  -9.482580E-001  -5.343156E-002
   5.563928E-001   5.758138E-001   1.438810E+000   4.372725E-002  -9.208273E-001  -1.401961E-001
   5.565038E-001   5.760588E-001   1.439057E+000   7.152085E-002  -8.890073E-001  -2.239967E-001
   5.566146E-001   5.763044E-001   1.439249E+000   9.946032E-002  -8.529378E-001  -3.038723E-001
   5.567252E-001   5.765506E-001   1.439387E+000   1.275273E-001  -8.127805E-001  -3.789073E-001
   5.568355E-001   5.767974E-001   1.439470E+000   1.557031E-001  -7.687190E-001  -4.482429E-001
   5.569456E-001   5.770447E-001   1.439496E+000   1.839687E-001  -7.209579E-001  -5.110890E-001
   5.570554E-001   5.772927E-001   1.439467E+000   2.123047E-001  -6.697227E-001  -5.667347E-001
   5.571649E-001   5.775412E-001   1.439380E+000   2.406912E-001  -6.152582E-001  -6.145579E-001
   5.572742E-001   5.777902E-001   1.439236E+000   2.691082E-001  -5.578282E-001  -6.540346E-001
   5.573831E-001   5.780399E-001   1.439034E+000   2.975353E-001  -4.977142E-001  -6.847465E-001
   5.574917E-001   5.782900E-001   1.438774E+000   3.259516E-001  -4.352142E-001  -7.063873E-001
   5.576001E-001   5.785407E-001   1.438454E+000   3.543363E-001  -3.706414E-001  -7.187683E-001
   5.577080E-001   5.787919E-001   1.438076E+000   3.826679E-001  -3.043229E-001  -7.218218E-001
   5.578157E-001   5.790437E-001   1.437637E+000   4.109248E-001  -2.365982E-001  -7.156031E-001
   5.579229E-001   5.792959E-001   1.437137E+000   4.390851E-001  -1.678170E-001  -7.002909E-001
   5.580298E-001   5.795486E-001   1.436576E+000   4.671266E-001  -9.833832E-002  -6.761856E-001
   5.581363E-001   5.798019E-001   1.435954E+000   4.950270E-001  -2.852781E-002  -6.437071E-001
   5.582424E-001   5.800556E-001   1.435270E+000   5.227637E-001   4.124370E-002  -6.033887E-001
   5.583480E-001   5.803097E-001   1.434523E+000   5.503136E-001   1.106025E-001  -5.558710E-001
   5.584532E-001   5.805644E-001   1.433713E+000   5.776540E-001   1.791740E-001  -5.018937E-001
   5.585579E-001   5.808194E-001   1.432840E+000   6.047613E-001   2.465850E-001  -4.422850E-001
   5.586622E-001   5.810749E-001   1.431902E+000   6.316124E-001   3.124660E-001  -3.779503E-001
   5.587660E-001   5.813308E-001   1.430900E+000   6.581835E-001   3.764532E-001  -3.098592E-001
   5.588692E-001   5.815871E-001   1.429832E+000   6.844509E-001   4.381914E-001  -2.390312E-001
   5.589719E-001   5.818438E-001   1.428699E+000   7.103909E-001   4.973358E-001  -1.665203E-001
   5.590741E-001   5.821008E-001   1.427500E+000   7.359795E-001   5.535547E-001  -9.339880E-002
   5.591757E-001   5.823582E-001   1.426235E+000   7.611927E-001   6.065315E-001  -2.074078E-002
   5.592766E-001   5.826160E-001   1.424902E+000   7.860063E-001   6.559677E-001   5.039542E-002
   5.593770E-001   5.828740E-001   1.423501E+000   8.103963E-001   7.015844E-001   1.189841E-001
   5.594767E-001   5.831324E-001   1.422032E+000   8.343384E-001   7.431251E-001   1.840495E-001
   5.595757E-001   5.833910E-001   1.420495E+000   8.578086E-001   7.803575E-001   2.446818E-001
   5.596741E-001   5.836499E-001   1.418889E+000   8.807827E-001   8.130758E-001   3.000530E-001
   5.597717E-001   5.839091E-001   1.417213E+000   9.032365E-001   8.411024E-001   3.494316E-001
   5.598686E-001   5.841685E-001   1.415466E+000   9.251460E-001   8.642900E-001   3.921948E-001
   5.599647E-001   5.844280E-001   1.413650E+000   9.464873E-001   8.825231E-001   4.278407E-001
   5.600600E-001   5.846878E-001   1.411762E+000   9.672366E-001   8.957191E-001   4.559967E-001
   5.601545E-001   5.849477E-001   1.409802E+000   9.873701E-001   9.038302E-001   4.764265E-001
   5.602481E-001   5.852077E-001   1.407770E+000   1.006864E+000   9.068440E-001   4.890350E-001
   5.603408E-001   5.854678E-001   1.405666E+000   1.025696E+000   9.047847E-001   4.938694E-001
   5.604326E-001   5.857280E-001   1.403488E+000   1.043842E+000   8.977131E-001   4.911185E-001
   5.605235E-001   5.859883E-001   1.401236E+000   1.061280E+000   8.857273E-001   4.811082E-001
   5.606134E-001   5.862486E-001   1.398911E+000   1.077986E+000   8.689624E-001   4.642952E-001
   5.607022E-001   5.865089E-001   1.396510E+000   1.093940E+000   8.475904E-001   4.412569E-001
   5.607900E-001   5.867692E-001   1.394034E+000   1.109118E+000   8.218196E-001   4.126792E-001
   5.608768E-001   5.870294E-001   1.391482E+000   1.123500E+000   7.918932E-001   3.793410E-001
   5.609624E-001   5.872896E-001   1.388854E+000   1.137064E+000   7.580878E-001   3.420974E-001
   5.610469E-001   5.875497E-001   1.386149E+000   1.149791E+000   7.207125E-001   3.018601E-001
   5.611303E-001   5.878096E-001   1.383366E+000   1.161659E+000   6.801062E-001   2.595773E-001
   5.612124E-001   5.880694E-001   1.380506E+000   1.172650E+000   6.366351E-001   2.162111E-001
   5.612933E-001   5.883290E-001   1.377566E+000   1.182745E+000   5.906902E-001   1.727155E-001
   5.613729E-001   5.885883E-001   1.374547E+000   1.191926E+000   5.426836E-001   1.300140E-001
   5.614511E-001   5.888475E-001   1.371449E+000   1.200175E+000   4.930456E-001   8.897783E-002
   5.615281E-001   5.891064E-001   1.368270E+000   1.207475E+000   4.422208E-001   5.040536E-002
   5.616037E-001   5.893649E-001   1.365009E+000   1.213812E+000   3.906634E-001   1.500345E-002
   5.616778E-001   5.896232E-001   1.361668E+000   1.219169E+000   3.388334E-001  -1.662903E-002
   5.617506E-001   5.898811E-001   1.358243E+000   1.223534E+000   2.871916E-001  -4.401452E-002
   5.618218E-001   5.901386E-001   1.354736E+000   1.226892E+000   2.361952E-001  -6.680681E-002
   5.618916E-001   5.903958E-001   1.351145E+000   1.229233E+000   1.862924E-001  -8.479743E-002
   5.619598E-001   5.906525E-001   1.347470E+000   1.230544E+000   1.379180E-001  -9.791766E-002
   5.620265E-001   5.909088E-001   1.343711E+000   1.230818E+000   9.148758E-002  -1.062364E-001
   5.620916E-001   5.911646E-001   1.339865E+000   1.230044E+000   4.739330E-002  -1.099541E-001
   5.621551E-001   5.914199E-001   1.335933E+000   1.228218E+000   5.998685E-003  -1.093919E-001
   5.622169E-001   5.916747E-001   1.331915E+000   1.225332E+000  -3.236594E-002  -1.049784E-001
   5.622771E-001   5.919290E-001   1.327809E+000   1.221383E+000  -6.740776E-002  -9.723075E-002
   5.623356E-001   5.921828E-001   1.323614E+000   1.216369E+000  -9.887538E-002  -8.673449E-002
   5.623924E-001   5.924360E-001   1.319331E+000   1.210288E+000  -1.265624E-001  -7.412106E-002
   5.624474E-001   5.926887E-001   1.314958E+000   1.203142E+000  -1.503104E-001  -6.004380E-002
   5.625007E-001   5.929407E-001   1.310494E+000   1.194933E+000  -1.700115E-001  -4.515337E-002
   5.625523E-001   5.931922E-001   1.305940E+000   1.185666E+000  -1.856098E-001  -3.007348E-002
   5.626021E-001   5.934430E-001   1.301294E+000   1.175347E+000  -1.971025E-001  -1.537845E-002
   5.626500E-001   5.936933E-001   1.296556E+000   1.163985E+000  -2.045399E-001  -1.573059E-003
   5.626962E-001   5.939429E-001   1.291725E+000   1.151591E+000  -2.080254E-001   1.092449E-002
   5.627406E-001   5.941919E-001   1.286801E+000   1.138176E+000  -2.077137E-001   2.179580E-002
   5.627832E-001   5.944403E-001   1.281782E+000   1.123756E+000  -2.038079E-001   3.083090E-002
   5.628239E-001   5.946881E-001   1.276669E+000   1.108348E+000  -1.965571E-001   3.793195E-002
   5.628628E-001   5.949352E-001   1.271460E+000   1.091971E+000  -1.862522E-001   4.311175E-002
   5.628999E-001   5.951818E-001   1.266156E+000   1.074648E+000  -1.732209E-001   4.648742E-002
   5.629351E-001   5.954277E-001   1.260756E+000   1.056401E+000  -1.578224E-001   4.826916E-002
   5.629685E-001   5.956730E-001   1.255258E+000   1.037258E+000  -1.404411E-001   4.874474E-002
   5.630001E-001   5.959178E-001   1.249664E+000   1.017248E+000  -1.214793E-001   4.826057E-002
   5.630299E-001   5.961619E-001   1.243972E+000   9.964008E-001  -1.013512E-001   4.720003E-002
   5.630579E-001   5.964055E-001   1.238182E+000   9.747510E-001  -8.047452E-002   4.596030E-002
   5.630841E-001   5.966485E-001   1.232294E+000   9.523346E-001  -5.926289E-002   4.492869E-002
   5.631085E-001   5.968910E-001   1.226308E+000   9.291897E-001  -3.811831E-002   4.445974E-002
   5.631311E-001   5.971330E-001   1.220223E+000   9.053571E-001  -1.742356E-002   4.485431E-002
   5.631519E-001   5.973745E-001   1.214039E+000   8.808797E-001   2.464901E-003   4.634170E-002
   5.631710E-001   5.976155E-001   1.207756E+000   8.558028E-001   2.122382E-002   4.906564E-002
   5.631884E-001   5.978560E-001   1.201375E+000   8.301736E-001   3.856936E-002   5.307503E-002
   5.632041E-001   5.980961E-001   1.194895E+000   8.040416E-001   5.426240E-002   5.831992E-002
   5.632181E-001   5.983358E-001   1.188315E+000   7.774579E-001   6.811292E-002   6.465296E-002
   5.632304E-001   5.985752E-001   1.181638E+000   7.504758E-001   7.998332E-002   7.183634E-002
   5.632411E-001   5.988142E-001   1.174862E+000   7.231502E-001   8.979074E-002   7.955368E-002
   5.632502E-001   5.990529E-001   1.167988E+000   6.955377E-001   9.750811E-002   8.742653E-002
   5.632577E-001   5.992913E-001   1.161016E+000   6.676960E-001   1.031638E-001   9.503446E-002
   5.632636E-001   5.995294E-001   1.153948E+000   6.396845E-001   1.068400E-001   1.019378E-001
   5.632680E-001   5.997674E-001   1.146783E+000   6.115635E-001   1.086701E-001   1.077015E-001
   5.632709E-001   6.000051E-001   1.139522E+000   5.833944E-001   1.088344E-001   1.119198E-001
   5.632724E-001   6.002428E-001   1.132165E+000   5.552391E-001   1.075548E-001   1.142384E-001
   5.632724E-001   6.004803E-001   1.124714E+000   5.271603E-001   1.050889E-001   1.143759E-001
   5.632710E-001   6.007177E-001   1.117170E+000   4.992209E-001   1.017223E-001   1.121403E-001
   5.632682E-001   6.009551E-001   1.109533E+000   4.714841E-001   9.776091E-002   1.074418E-001
   5.632641E-001   6.011925E-001   1.101805E+000   4.440129E-001   9.352234E-002   1.003005E-001
   5.632587E-001   6.014300E-001   1.093986E+000   4.168701E-001   8.932704E-002   9.084816E-002
   5.632520E-001   6.016675E-001   1.086078E+000   3.901177E-001   8.548923E-002   7.932472E-002
   5.632441E-001   6.019052E-001   1.078082E+000   3.638174E-001   8.230799E-002   6.606937E-002
   5.632350E-001   6.021431E-001   1.069999E+000   3.380295E-001   8.005865E-002   5.150656E-002
   5.632248E-001   6.023811E-001   1.061832E+000   3.128133E-001   7.898474E-002   3.612763E-002
   5.632134E-001   6.026194E-001   1.053581E+000   2.882265E-001   7.929067E-002   2.046934E-002
   5.632009E-001   6.028580E-001   1.045247E+000   2.643252E-001   8.113552E-002   5.090087E-003
   5.631874E-001   6.030969E-001   1.036834E+000   2.411634E-001   8.462782E-002  -9.454944E-003
   5.631728E-001   6.033362E-001   1.028342E+000   2.187932E-001   8.982176E-002  -2.263853E-002
   5.631573E-001   6.035759E-001   1.019774E+000   1.972640E-001   9.671479E-002  -3.398477E-002
   5.631408E-001   6.038160E-001   1.011131E+000   1.766229E-001   1.052468E-001  -4.308999E-002
   5.631234E-001   6.040567E-001   1.002416E+000   1.569140E-001   1.153006E-001  -4.964019E-002
   5.631052E-001   6.042979E-001   9.936299E-001   1.381784E-001   1.267045E-001  -5.342443E-002
   5.630861E-001   6.045396E-001   9.847757E-001   1.204541E-001   1.392357E-001  -5.434329E-002
   5.630662E-001   6.047820E-001   9.758554E-001   1.037754E-001   1.526260E-001  -5.241237E-002
   5.630455E-001   6.050250E-001   9.668714E-001   8.817343E-002   1.665679E-001  -4.776044E-002
   5.630241E-001   6.052688E-001   9.578262E-001   7.367530E-002   1.807223E-001  -4.062256E-002
   5.630020E-001   6.055132E-001   9.487221E-001   6.030437E-002   1.947275E-001  -3.132849E-002
   5.629793E-001   6.057585E-001   9.395618E-001   4.807998E-002   2.082083E-001  -2.028682E-002
   5.629559E-001   6.060046E-001   9.303478E-001   3.701733E-002   2.207862E-001  -7.965842E-003
   5.629319E-001   6.062515E-001   9.210829E-001   2.712742E-002   2.320891E-001   5.128306E-003
   5.629074E-001   6.064993E-001   9.117697E-001   1.841693E-002   2.417617E-001   1.847500E-002
   5.628823E-001   6.067480E-001   9.024111E-001   1.088822E-002   2.494755E-001   3.156299E-002
   5.628568E-001   6.069977E-001   8.930100E-001   4.539210E-003   2.549373E-001   4.391363E-002
   5.628308E-001   6.072484E-001   8.835693E-001  -6.366023E-004   2.578982E-001   5.510244E-002
   5.628043E-001   6.075002E-001   8.740921E-001  -4.650146E-003   2.581608E-001   6.477797E-002
   5.627774E-001   6.077530E-001   8.645813E-001  -7.516770E-003   2.555852E-001   7.267691E-002
   5.627502E-001   6.080070E-001   8.550402E-001  -9.256203E-003   2.500933E-001   7.863468E-002
   5.627226E-001   6.082621E-001   8.454718E-001  -9.892495E-003   2.416724E-001   8.259096E-002
   5.626948E-001   6.085184E-001   8.358795E-001  -9.453942E-003   2.303765E-001   8.458952E-002
   5.626666E-001   6.087759E-001   8.262664E-001  -7.972979E-003   2.163255E-001   8.477251E-002
   5.626382E-001   6.090346E-001   8.166360E-001  -5.486063E-003   1.997040E-001   8.336895E-002
   5.626095E-001   6.092946E-001   8.069916E-001  -2.033527E-003   1.807571E-001   8.067834E-002
   5.625807E-001   6.095560E-001   7.973366E-001   2.340584E-003   1.597854E-001   7.704964E-002
   5.625517E-001   6.098187E-001   7.876746E-001   7.588695E-003   1.371388E-001   7.285723E-002
   5.625225E-001   6.100828E-001   7.780090E-001   1.365991E-002   1.132081E-001   6.847475E-002
   5.624932E-001   6.103483E-001   7.683434E-001   2.050022E-002   8.841673E-002   6.424872E-002
   5.624639E-001   6.106152E-001   7.586814E-001   2.805278E-002   6.321084E-002   6.047345E-002
   5.624344E-001   6.108836E-001   7.490267E-001   3.625814E-002   3.804924E-002   5.736921E-002
   5.624049E-001   6.111535E-001   7.393828E-001   4.505452E-002   1.339297E-002   5.506508E-002
   5.623754E-001   6.114250E-001   7.297536E-001   5.437812E-002  -1.030519E-002   5.358831E-002
   5.623459E-001   6.116980E-001   7.201427E-001   6.416342E-002  -3.261085E-002   5.286107E-002
   5.623165E-001   6.119726E-001   7.105540E-001   7.434351E-002  -5.311782E-002   5.270546E-002
   5.622870E-001   6.122488E-001   7.009911E-001   8.485040E-002  -7.145699E-002   5.285681E-002
   5.622577E-001   6.125266E-001   6.914580E-001   9.561538E-002  -8.730438E-002   5.298503E-002
   5.622284E-001   6.128062E-001   6.819585E-001   1.065694E-001  -1.003881E-001   5.272249E-002
   5.621992E-001   6.130874E-001   6.724964E-001   1.176433E-001  -1.104938E-001   5.169717E-002
   5.621702E-001   6.133703E-001   6.630756E-001   1.287683E-001  -1.174691E-001   4.956829E-002
   5.621413E-001   6.136550E-001   6.537000E-001   1.398765E-001  -1.212263E-001   4.606205E-002
   5.621126E-001   6.139415E-001   6.443735E-001   1.509009E-001  -1.217434E-001   4.100437E-002
   5.620841E-001   6.142297E-001   6.351000E-001   1.617759E-001  -1.190640E-001   3.434768E-002
   5.620558E-001   6.145198E-001   6.258834E-001   1.724378E-001  -1.132958E-001   2.618907E-002
   5.620277E-001   6.148118E-001   6.167277E-001   1.828252E-001  -1.046066E-001   1.677753E-002
   5.619999E-001   6.151055E-001   6.076367E-001   1.928790E-001  -9.322089E-002   6.508905E-003
   5.619724E-001   6.154012E-001   5.986144E-001   2.025431E-001  -7.941325E-002  -4.092133E-003
   5.619451E-001   6.156988E-001   5.896647E-001   2.117644E-001  -6.350207E-002  -1.440246E-002
   5.619181E-001   6.159984E-001   5.807916E-001   2.204936E-001  -4.584182E-002  -2.374173E-002
   5.618914E-001   6.162998E-001   5.719988E-001   2.286850E-001  -2.681467E-002  -3.142173E-002
   5.618650E-001   6.166033E-001   5.632903E-001   2.362970E-001  -6.821699E-003  -3.680013E-002
   5.618390E-001   6.169088E-001   5.546700E-001   2.432924E-001   1.372629E-002  -3.933483E-002
   5.618134E-001   6.172162E-001   5.461416E-001   2.496387E-001   3.441808E-002  -3.863369E-002
   5.617881E-001   6.175258E-001   5.377091E-001   2.553079E-001   5.485120E-002  -3.449575E-002
   5.617632E-001   6.178373E-001   5.293761E-001   2.602773E-001   7.464090E-002  -2.693944E-002
   5.617387E-001   6.181510E-001   5.211466E-001   2.645293E-001   9.342863E-002  -1.621466E-002
   5.617146E-001   6.184667E-001   5.130241E-001   2.680514E-001   1.108898E-001  -2.796973E-003
   5.616909E-001   6.187846E-001   5.050125E-001   2.708368E-001   1.267409E-001   1.263691E-002
   5.616677E-001   6.191045E-001   4.971153E-001   2.728839E-001   1.407455E-001   2.925112E-002
   5.616449E-001   6.194267E-001   4.893362E-001   2.741968E-001   1.527189E-001   4.610706E-002
   5.616226E-001   6.197509E-001   4.816787E-001   2.747851E-001   1.625324E-001   6.223074E-002
   5.616007E-001   6.200774E-001   4.741464E-001   2.746638E-001   1.701150E-001   7.668511E-002
   5.615106E-001   6.215368E-001   4.426466E-001   2.663641E-001   1.779185E-001   1.036736E-001
   5.614306E-001   6.230398E-001   4.139030E-001   2.478217E-001   1.550071E-001   6.904142E-002
   5.613614E-001   6.245876E-001   3.881679E-001   2.235456E-001   1.247651E-001   2.499953E-002
   5.613036E-001   6.261813E-001   3.656615E-001   1.991307E-001   1.082963E-001   1.566336E-002
   5.612578E-001   6.278219E-001   3.465665E-001   1.805363E-001   1.097373E-001   1.966428E-002
   5.612243E-001   6.295102E-001   3.310225E-001   1.732655E-001   1.120043E-001   2.939817E-003
   5.612035E-001   6.312471E-001   3.191215E-001   1.815451E-001   8.914543E-002  -1.158753E-002
   5.611956E-001   6.330332E-001   3.109035E-001   2.076211E-001   3.000226E-002   1.927718E-002
   5.612008E-001   6.348692E-001   3.063531E-001   2.512779E-001  -4.411869E-002   7.634278E-002
   5.612193E-001   6.367557E-001   3.053965E-001   3.096694E-001  -8.601015E-002   9.323118E-002
   5.612510E-001   6.386931E-001   3.078999E-001   3.775126E-001  -5.534924E-002   5.017251E-002
   5.612959E-001   6.406819E-001   3.136692E-001   4.476453E-001   4.463898E-002  -2.644494E-004
   5.613541E-001   6.427225E-001   3.224502E-001   5.118938E-001   1.595698E-001  -8.597079E-003
   5.614253E-001   6.448153E-001   3.339314E-001   5.621435E-001   2.193470E-001   1.242424E-002
   5.615096E-001   6.469605E-001   3.477473E-001   5.914654E-001   1.924227E-001   2.469464E-002
   5.616066E-001   6.491584E-001   3.634839E-001   5.951294E-001   1.114904E-001   3.097720E-002
   5.617162E-001   6.514092E-001   3.806852E-001   5.713438E-001   4.347515E-002   5.704910E-002
   5.618381E-001   6.537130E-001   3.988622E-001   5.215932E-001   2.856674E-002   7.681999E-002
   5.619721E-001   6.560701E-001   4.175025E-001   4.505070E-001   4.695585E-002   3.912910E-002
   5.621180E-001   6.584804E-001   4.360819E-001   3.652674E-001   4.780578E-002  -1.950503E-002
   5.622753E-001   6.609442E-001   4.540768E-001   2.746416E-001   1.082834E-002  -1.279932E-002
   5.624438E-001   6.634614E-001   4.709780E-001   1.877931E-001  -2.655623E-002   3.820187E-002
   5.626232E-001   6.660321E-001   4.863046E-001   1.130623E-001  -8.703215E-003   5.051978E-002
   5.628131E-001   6.686562E-001   4.996191E-001   5.691562E-002   7.352109E-002   4.150710E-002
   5.630132E-001   6.713337E-001   5.105411E-001   2.322529E-002   1.644282E-001   5.353691E-002
   5.632231E-001   6.740646E-001   5.187613E-001   1.297701E-002   1.933915E-001   3.747334E-002
   5.634424E-001   6.768488E-001   5.240546E-001   2.442007E-002   1.404602E-001  -1.259034E-002
   5.636708E-001   6.796862E-001   5.262901E-001   5.359142E-002   5.101394E-002  -9.107805E-003
   5.639079E-001   6.825765E-001   5.254407E-001   9.508461E-002  -9.841982E-003   4.647327E-002
   5.641534E-001   6.855198E-001   5.215886E-001   1.429073E-001  -1.308231E-002   6.389327E-002
   5.644067E-001   6.885158E-001   5.149280E-001   1.912839E-001   1.914861E-002   3.838660E-002
   5.646677E-001   6.915643E-001   5.057644E-001   2.353023E-001   4.561505E-002   2.490829E-002
   5.649359E-001   6.946651E-001   4.945092E-001   2.713612E-001   5.121128E-002   1.536732E-002
   5.652109E-001   6.978179E-001   4.816708E-001   2.974221E-001   6.060372E-002  -3.553937E-003
   5.654924E-001   7.010225E-001   4.678404E-001   3.130929E-001   1.004376E-001   2.124840E-002
   5.657800E-001   7.042785E-001   4.536750E-001   3.195579E-001   1.473765E-001   7.063268E-002
   5.660734E-001   7.075855E-001   4.398746E-001   3.193401E-001   1.371198E-001   4.715350E-002
   5.663722E-001   7.109433E-001   4.271576E-001   3.158519E-001   4.892068E-002   2.879909E-003
   5.666761E-001   7.143515E-001   4.162324E-001   3.126980E-001  -4.073034E-002   1.421610E-002
   5.669847E-001   7.178095E-001   4.077674E-001   3.127579E-001  -3.712718E-002   1.505769E-002
   5.672977E-001   7.213170E-001   4.023608E-001   3.171912E-001   4.605180E-002   2.704813E-002
   5.676148E-001   7.248733E-001   4.005097E-001   3.246397E-001   1.033120E-001   6.596376E-002
   5.679356E-001   7.284781E-001   4.025828E-001   3.309831E-001   8.993180E-002   3.288581E-002
   5.682599E-001   7.321306E-001   4.087949E-001   3.299705E-001   7.397719E-002  -7.809659E-003
   5.685873E-001   7.358303E-001   4.191878E-001   3.148456E-001   1.004556E-001   1.768172E-002
   5.689176E-001   7.395765E-001   4.336164E-001   2.807394E-001   1.039760E-001   3.457715E-002
   5.692504E-001   7.433684E-001   4.517431E-001   2.272002E-001   3.204987E-002   4.082932E-002
   5.695855E-001   7.472054E-001   4.730409E-001   1.599435E-001  -3.817544E-002   4.583668E-002
   5.699227E-001   7.510865E-001   4.968052E-001   9.089119E-002  -9.342843E-003   4.609442E-003
   5.702616E-001   7.550110E-001   5.221764E-001   3.595719E-002   8.205494E-002  -1.490972E-003
   5.706021E-001   7.589778E-001   5.481704E-001   1.077858E-002   1.258126E-001   4.862583E-002
   5.709437E-001   7.629860E-001   5.737192E-001   2.548606E-002   9.701280E-002   3.849393E-002
   5.712865E-001   7.670346E-001   5.977174E-001   8.029895E-002   6.011684E-002   3.058108E-002
   5.716300E-001   7.711223E-001   6.190750E-001   1.638447E-001   5.066705E-002   1.328716E-002
   5.719741E-001   7.752481E-001   6.367725E-001   2.554231E-001   3.640913E-002   1.498234E-004
   5.723185E-001   7.794107E-001   6.499160E-001   3.310500E-001   2.051473E-003   5.329145E-002
   5.726632E-001   7.836087E-001   6.577892E-001   3.714792E-001   7.233348E-003   3.806005E-002
   5.730077E-001   7.878407E-001   6.598986E-001   3.692147E-001   8.638188E-002   1.440418E-002
   5.733521E-001   7.921054E-001   6.560087E-001   3.314516E-001   1.408716E-001   1.343069E-002
   5.736961E-001   7.964009E-001   6.461647E-001   2.772212E-001   8.208014E-002   1.818922E-002
   5.740394E-001   8.007259E-001   6.307000E-001   2.294003E-001   8.281437E-003   5.457669E-002
   5.743821E-001   8.050784E-001   6.102263E-001   2.047305E-001   2.260744E-002   2.299030E-002
   5.747238E-001   8.094567E-001   5.856068E-001   2.063394E-001   4.224592E-002   3.757246E-003
   5.750645E-001   8.138588E-001   5.579129E-001   2.225662E-001   2.433392E-002   2.748286E-002
   5.754040E-001   8.182827E-001   5.283651E-001   2.331720E-001   6.746195E-002   3.345177E-002
   5.757421E-001   8.227263E-001   4.982631E-001   2.203500E-001   1.287577E-001   4.325898E-002
   5.760788E-001   8.271874E-001   4.689079E-001   1.791704E-001   7.569817E-002  -4.615538E-003
   5.764139E-001   8.316635E-001   4.415218E-001   1.218515E-001  -6.353131E-003   2.846506E-002
   5.767472E-001   8.361524E-001   4.171726E-001   7.303228E-002   1.133562E-002   3.531323E-002
   5.770787E-001   8.406513E-001   3.967064E-001   5.788441E-002   5.770765E-002   3.416831E-002
   5.774083E-001   8.451578E-001   3.806976E-001   8.898358E-002   6.436514E-002   6.322527E-003
   5.777359E-001   8.496689E-001   3.694175E-001   1.589634E-001   7.851378E-002   1.964242E-002
   5.780613E-001   8.541817E-001   3.628275E-001   2.431454E-001   9.000727E-002   4.653414E-002
   5.783845E-001   8.586933E-001   3.605971E-001   3.109445E-001   3.353692E-002   1.814197E-002
   5.787054E-001   8.632005E-001   3.621462E-001   3.399554E-001  -1.651877E-002   1.464524E-002
   5.790239E-001   8.677000E-001   3.667087E-001   3.252122E-001   4.745913E-002   2.179587E-002
   5.793399E-001   8.721884E-001   3.734119E-001   2.791231E-001   1.001324E-001   4.682343E-002
   5.796534E-001   8.766621E-001   3.813634E-001   2.231210E-001   6.162574E-002   7.699655E-003
   5.799643E-001   8.811176E-001   3.897385E-001   1.765826E-001   5.973303E-002   1.948938E-002
   5.802726E-001   8.855511E-001   3.978568E-001   1.492411E-001   4.069095E-002   3.274156E-002
   5.805781E-001   8.899585E-001   4.052412E-001   1.401318E-001  -8.703715E-003   3.377685E-002
   5.808809E-001   8.943359E-001   4.116506E-001   1.417411E-001   6.189964E-002   2.985049E-003
   5.811808E-001   8.986791E-001   4.170825E-001   1.456965E-001   1.073199E-001   3.349096E-002
   5.814779E-001   9.029837E-001   4.217452E-001   1.470888E-001   4.755817E-002   3.282137E-002
   5.817721E-001   9.072454E-001   4.260009E-001   1.466062E-001   3.274748E-002   1.377820E-002
   5.820633E-001   9.114595E-001   4.302885E-001   1.505355E-001   2.910245E-002   2.059872E-002
   5.823516E-001   9.156214E-001   4.350350E-001   1.679117E-001   2.863871E-002   3.425287E-002
   5.826369E-001   9.197261E-001   4.405687E-001   2.040568E-001   8.821716E-002   2.399277E-002
   5.829191E-001   9.237689E-001   4.470476E-001   2.526550E-001   8.481659E-002   7.207814E-003
   5.831983E-001   9.277445E-001   4.544138E-001   2.927964E-001   7.647047E-003   4.436002E-002
   5.834745E-001   9.316479E-001   4.623845E-001   2.975345E-001   3.106352E-002   1.460977E-002
   5.837475E-001   9.354737E-001   4.704818E-001   2.526902E-001   5.259621E-002   1.819740E-002
   5.840174E-001   9.392165E-001   4.780988E-001   1.731123E-001   6.275271E-002   3.360508E-002
   5.842842E-001   9.428709E-001   4.845939E-001   9.988409E-002   8.816078E-002   1.952534E-002
   5.845479E-001   9.464312E-001   4.893968E-001   7.428692E-002   4.063969E-003   1.988849E-002
   5.848085E-001   9.498918E-001   4.921090E-001   1.060252E-001   2.791499E-002   2.804089E-002
   5.850659E-001   9.532469E-001   4.925774E-001   1.640151E-001   7.276638E-002   2.523496E-002
   5.853202E-001   9.564907E-001   4.909262E-001   2.023910E-001   6.075168E-002   1.421657E-002
   5.855713E-001   9.596174E-001   4.875334E-001   2.014093E-001   6.020391E-002   3.238228E-002
   5.858193E-001   9.626209E-001   4.829544E-001   1.841937E-001   7.848052E-003   2.342172E-002
   5.860641E-001   9.654954E-001   4.777999E-001   1.898750E-001   4.173035E-002   1.333710E-002
   5.863059E-001   9.682349E-001   4.725917E-001   2.279696E-001   8.903094E-002   3.392879E-002
   5.865445E-001   9.708333E-001   4.676250E-001   2.625463E-001   3.903106E-002   1.902012E-002
   5.867800E-001   9.732847E-001   4.628705E-001   2.471906E-001   4.097969E-002   2.114484E-002
   5.870124E-001   9.755832E-001   4.579474E-001   1.767372E-001   1.584901E-002   2.821274E-002
   5.872417E-001   9.777227E-001   4.521858E-001   9.939539E-002   8.317064E-002   1.692064E-002
   5.874679E-001   9.796975E-001   4.447806E-001   7.311996E-002   5.828908E-002   2.824029E-002
   5.876911E-001   9.815018E-001   4.350191E-001   1.114074E-001   2.175737E-002   1.724785E-002
   5.879112E-001   9.831299E-001   4.225398E-001   1.755254E-001   3.872904E-002   2.776992E-002
   5.881283E-001   9.845761E-001   4.075670E-001   2.173915E-001   5.786203E-002   2.832799E-002
   5.883424E-001   9.858352E-001   3.910570E-001   2.225661E-001   7.474904E-002   6.657870E-003
   5.885535E-001   9.869018E-001   3.747003E-001   2.102803E-001   8.633670E-003   3.657272E-002
   5.887617E-001   9.877708E-001   3.607466E-001   2.017209E-001   4.987653E-002   1.988270E-002
   5.889669E-001   9.884375E-001   3.516553E-001   1.980267E-001   5.640992E-002   1.702623E-002
   5.891692E-001   9.888973E-001   3.496166E-001   1.860944E-001   6.661644E-002   2.665236E-002
   5.893686E-001   9.891457E-001   3.560309E-001   1.569558E-001   7.291600E-003   2.017523E-002
   5.895651E-001   9.891789E-001   3.710616E-001   1.192493E-001   5.969928E-002   3.563705E-002
   5.897587E-001   9.889930E-001   3.933816E-001   1.007362E-001   5.775979E-002   8.420257E-003
   5.899496E-001   9.885849E-001   4.202107E-001   1.293551E-001   4.902901E-002   2.699850E-002
   5.901377E-001   9.879515E-001   4.476862E-001   1.973850E-001   1.495557E-002   2.157959E-002
   5.903230E-001   9.870905E-001   4.715343E-001   2.501171E-001   7.108317E-002   2.872813E-002
   5.905055E-001   9.859998E-001   4.879251E-001   2.368005E-001   5.037842E-002   2.261531E-002
   5.906854E-001   9.846778E-001   4.943303E-001   1.762899E-001   3.170461E-002   1.287487E-002
   5.908626E-001   9.831237E-001   4.901666E-001   1.386124E-001   3.410914E-002   2.449447E-002
   5.910371E-001   9.813370E-001   4.770346E-001   1.494705E-001   8.109019E-002   1.712321E-002
   5.912091E-001   9.793179E-001   4.584370E-001   1.584566E-001   1.667013E-002   3.498538E-002
   5.913784E-001   9.770672E-001   4.389893E-001   1.316737E-001   4.820899E-002   1.670822E-002
   5.915452E-001   9.745866E-001   4.232760E-001   1.199350E-001   5.206085E-002   2.939067E-002
   5.917095E-001   9.718781E-001   4.146314E-001   1.741898E-001   5.335102E-002   8.919200E-003
   5.918713E-001   9.689448E-001   4.141821E-001   2.420791E-001   1.942364E-002   2.623756E-002
   5.920307E-001   9.657905E-001   4.204586E-001   2.344647E-001   6.529684E-002   1.156359E-002
   5.921877E-001   9.624197E-001   4.297521E-001   1.631685E-001   4.933887E-002   3.200116E-002
   5.923422E-001   9.588377E-001   4.371856E-001   1.182361E-001   1.856481E-002   1.796126E-002
   5.924944E-001   9.550509E-001   4.382402E-001   1.300932E-001   7.116714E-002   3.527578E-002
   5.926443E-001   9.510665E-001   4.302975E-001   1.506145E-001   3.582124E-002   1.934960E-002
   5.927920E-001   9.468924E-001   4.137007E-001   1.545651E-001   3.530298E-002   3.212480E-002
   5.929373E-001   9.425376E-001   3.919336E-001   1.672902E-001   5.664120E-002   1.797069E-002
   5.930805E-001   9.380122E-001   3.707670E-001   1.981697E-001   4.312408E-002   2.645185E-002
   5.932215E-001   9.333270E-001   3.565596E-001   2.142736E-001   3.562456E-002   1.955656E-002
   5.933604E-001   9.284938E-001   3.542140E-001   1.828058E-001   4.939635E-002   2.115212E-002
   5.934971E-001   9.235256E-001   3.654635E-001   1.218898E-001   5.033559E-002   2.377514E-002
   5.936318E-001   9.184361E-001   3.881171E-001   1.011939E-001   3.351733E-002   1.490302E-002
   5.937645E-001   9.132401E-001   4.165955E-001   1.505521E-001   4.933409E-002   2.681057E-002
   5.938952E-001   9.079532E-001   4.436462E-001   1.961242E-001   4.387095E-002   1.327824E-002
   5.940239E-001   9.025922E-001   4.626733E-001   1.830532E-001   4.118958E-002   2.810941E-002
   5.941508E-001   8.971746E-001   4.698451E-001   1.731704E-001   5.030975E-002   1.927839E-002
   5.942757E-001   8.917187E-001   4.651850E-001   1.899685E-001   3.553283E-002   2.216076E-002
   5.943988E-001   8.862438E-001   4.522199E-001   1.549429E-001   5.150719E-002   2.946509E-002
   5.945201E-001   8.807698E-001   4.363371E-001   9.676550E-002   3.560721E-002   1.914072E-002
   5.946397E-001   8.753175E-001   4.225449E-001   1.305704E-001   4.101005E-002   3.129731E-002
   5.947575E-001   8.699080E-001   4.136016E-001   2.024365E-001   6.601042E-002   2.214970E-002
   5.948737E-001   8.645634E-001   4.093154E-001   1.964958E-001   1.881296E-002   1.943965E-002
   5.949882E-001   8.593059E-001   4.072748E-001   1.627951E-001   5.004847E-002   2.561589E-002
   5.951011E-001   8.541583E-001   4.045768E-001   1.597468E-001   5.450376E-002   1.240014E-002
   5.952124E-001   8.491434E-001   3.996231E-001   1.424691E-001   2.671492E-002   1.976527E-002
   5.953223E-001   8.442844E-001   3.930312E-001   1.202818E-001   4.946974E-002   2.698429E-002
   5.954306E-001   8.396044E-001   3.871931E-001   1.487446E-001   3.431409E-002   1.936171E-002
   5.955375E-001   8.351263E-001   3.847911E-001   2.008022E-001   6.513113E-002   2.504690E-002
   5.956431E-001   8.308729E-001   3.871920E-001   1.963694E-001   3.312494E-002   2.490800E-002
   5.957473E-001   8.268663E-001   3.937246E-001   1.387823E-001   3.574095E-002   1.279963E-002
   5.958501E-001   8.231282E-001   4.022830E-001   1.272121E-001   5.118906E-002   2.069160E-002
   5.959518E-001   8.196795E-001   4.108097E-001   1.515184E-001   4.310331E-002   3.100709E-002
   5.960522E-001   8.165400E-001   4.185554E-001   1.443608E-001   5.771199E-002   1.867194E-002
   5.961514E-001   8.137285E-001   4.260986E-001   1.769206E-001   2.043699E-002   1.422652E-002
   5.962496E-001   8.112623E-001   4.339833E-001   2.052983E-001   4.877513E-002   2.630632E-002
   5.963467E-001   8.091572E-001   4.409783E-001   1.341746E-001   2.986566E-002   2.704394E-002
   5.964427E-001   8.074274E-001   4.435370E-001   1.140935E-001   6.292878E-002   1.441470E-002
   5.965378E-001   8.060848E-001   4.374398E-001   1.608325E-001   3.759718E-002   1.773244E-002
   5.966320E-001   8.051395E-001   4.210239E-001   1.614693E-001   5.078705E-002   3.024627E-002
   5.967253E-001   8.045991E-001   3.978473E-001   1.763357E-001   2.625806E-002   2.143365E-002
   5.968178E-001   8.044687E-001   3.763980E-001   1.769729E-001   4.190413E-002   1.529325E-002
   5.969096E-001   8.047506E-001   3.660971E-001   1.253298E-001   3.186648E-002   2.141478E-002
   5.970007E-001   8.054443E-001   3.715683E-001   1.214996E-001   5.236606E-002   2.177178E-002
   5.970911E-001   8.065462E-001   3.890288E-001   1.748891E-001   4.313305E-002   2.762860E-002
   5.971810E-001   8.080495E-001   4.079384E-001   1.791238E-001   5.947827E-002   2.045412E-002
   5.972704E-001   8.099442E-001   4.176408E-001   1.533237E-001   4.162342E-002   1.514436E-002
   5.973593E-001   8.122169E-001   4.147692E-001   1.523433E-001   5.596568E-002   1.975505E-002
   5.974479E-001   8.148506E-001   4.058136E-001   1.164980E-001   3.164659E-002   2.144879E-002
   5.975362E-001   8.178250E-001   4.021867E-001   1.591823E-001   5.044262E-002   2.892638E-002
   5.976243E-001   8.211161E-001   4.108250E-001   1.950614E-001   2.530798E-002   2.182376E-002
   5.977122E-001   8.246966E-001   4.275374E-001   1.394480E-001   4.878719E-002   2.190191E-002
   5.978001E-001   8.285357E-001   4.390648E-001   1.447312E-001   2.655262E-002   1.454027E-002
   5.978880E-001   8.325995E-001   4.332204E-001   1.316532E-001   4.382126E-002   1.802600E-002
   5.979760E-001   8.368508E-001   4.094208E-001   1.598804E-001   3.041343E-002   1.881483E-002
   5.980642E-001   8.412497E-001   3.806178E-001   1.872075E-001   3.355409E-002   2.166397E-002
   5.981527E-001   8.457536E-001   3.641695E-001   1.366086E-001   4.173168E-002   2.697210E-002
   5.982416E-001   8.503176E-001   3.686711E-001   1.285058E-001   2.817110E-002   2.332297E-002
   5.983310E-001   8.548949E-001   3.878420E-001   1.570230E-001   4.859395E-002   2.721612E-002
   5.984210E-001   8.594372E-001   4.067727E-001   1.604039E-001   2.948068E-002   2.486913E-002
   5.985118E-001   8.638951E-001   4.147790E-001   1.761747E-001   4.682720E-002   2.062192E-002
   5.986034E-001   8.682187E-001   4.130474E-001   1.151552E-001   4.887505E-002   2.333871E-002
   5.986959E-001   8.723582E-001   4.104775E-001   1.475634E-001   3.785936E-002   2.166166E-002
   5.987896E-001   8.762645E-001   4.129013E-001   1.669356E-001   5.837650E-002   1.748026E-002
   5.988846E-001   8.798897E-001   4.172105E-001   1.610074E-001   4.116031E-002   1.882070E-002
   5.989809E-001   8.831881E-001   4.160307E-001   1.419467E-001   3.939408E-002   2.115896E-002
   5.990788E-001   8.861163E-001   4.067310E-001   1.239058E-001   4.588227E-002   1.948707E-002
   5.991784E-001   8.886348E-001   3.941922E-001   1.761723E-001   2.634213E-002   1.700157E-002
   5.992799E-001   8.907079E-001   3.849696E-001   1.561836E-001   3.925571E-002   1.769213E-002
   5.993835E-001   8.923050E-001   3.811692E-001   1.397548E-001   5.173673E-002   2.087560E-002
   5.994894E-001   8.934008E-001   3.817675E-001   1.324614E-001   3.747759E-002   2.364405E-002
   5.995977E-001   8.939765E-001   3.877911E-001   1.659252E-001   4.608534E-002   2.476684E-002
   5.997088E-001   8.940199E-001   4.015024E-001   1.627263E-001   4.351429E-002   2.516218E-002
   5.998227E-001   8.935263E-001   4.188954E-001   1.272783E-001   2.803239E-002   2.506405E-002
   5.999399E-001   8.924988E-001   4.276313E-001   1.449026E-001   4.375728E-002   2.344035E-002
   6.000604E-001   8.909489E-001   4.184864E-001   1.640005E-001   5.465983E-002   2.115297E-002
   6.001847E-001   8.888964E-001   3.985271E-001   1.548692E-001   3.434596E-002   1.877568E-002
   6.003129E-001   8.863699E-001   3.862351E-001   1.239788E-001   2.938773E-002   1.596397E-002
   6.004454E-001   8.834065E-001   3.899973E-001   1.579877E-001   5.176466E-002   1.606058E-002
   6.005826E-001   8.800517E-001   3.972411E-001   1.581236E-001   4.867695E-002   1.841493E-002
   6.007247E-001   8.763594E-001   3.921247E-001   1.457086E-001   2.736630E-002   2.249688E-002
   6.008721E-001   8.723909E-001   3.801229E-001   1.252701E-001   3.968832E-002   2.461509E-002
   6.010252E-001   8.682144E-001   3.829793E-001   1.735214E-001   5.023660E-002   2.307459E-002
   6.011844E-001   8.639043E-001   4.066896E-001   1.442991E-001   4.063395E-002   1.965613E-002
   6.013501E-001   8.595398E-001   4.277877E-001   1.309344E-001   3.931990E-002   1.970159E-002
   6.015229E-001   8.552037E-001   4.220009E-001   1.565507E-001   3.319594E-002   2.164402E-002
   6.017031E-001   8.509813E-001   3.970693E-001   1.557540E-001   4.060055E-002   2.183584E-002
   6.018913E-001   8.469585E-001   3.814713E-001   1.351191E-001   5.421095E-002   1.889949E-002
   6.020881E-001   8.432201E-001   3.853273E-001   1.405953E-001   3.702870E-002   1.954143E-002
   6.022940E-001   8.398479E-001   3.919846E-001   1.696444E-001   3.818976E-002   2.330209E-002
   6.025097E-001   8.369191E-001   3.894612E-001   1.243930E-001   3.118115E-002   2.091668E-002
   6.027357E-001   8.345042E-001   3.881214E-001   1.521921E-001   4.355525E-002   1.819285E-002
   6.029728E-001   8.326650E-001   3.983215E-001   1.525146E-001   4.463754E-002   2.213791E-002
   6.032217E-001   8.314527E-001   4.107380E-001   1.408451E-001   4.835602E-002   2.126463E-002
   6.034832E-001   8.309064E-001   4.121257E-001   1.407633E-001   3.989517E-002   1.879596E-002
   6.037580E-001   8.310513E-001   4.037483E-001   1.550773E-001   3.952535E-002   2.162341E-002
   6.040472E-001   8.318973E-001   3.922641E-001   1.449859E-001   3.038226E-002   2.151857E-002
   6.043515E-001   8.334382E-001   3.804668E-001   1.292796E-001   3.949968E-002   1.926865E-002
   6.046720E-001   8.356508E-001   3.765058E-001   1.683955E-001   3.414639E-002   2.209112E-002
   6.050098E-001   8.384944E-001   3.889617E-001   1.347835E-001   4.596614E-002   2.050818E-002
   6.053657E-001   8.419115E-001   4.053845E-001   1.314269E-001   4.468108E-002   1.994475E-002
   6.057412E-001   8.458275E-001   4.052971E-001   1.703134E-001   4.394416E-002   2.228111E-002
   6.061373E-001   8.501527E-001   3.966025E-001   1.276981E-001   5.006978E-002   1.891802E-002
   6.065553E-001   8.547831E-001   3.998833E-001   1.433957E-001   4.118048E-002   2.165723E-002
   6.069967E-001   8.596034E-001   4.030965E-001   1.599286E-001   4.056922E-002   1.967629E-002
   6.074629E-001   8.644886E-001   3.851139E-001   1.220437E-001   4.424824E-002   2.124220E-002
   6.079553E-001   8.693079E-001   3.687595E-001   1.578860E-001   3.696780E-002   1.861010E-002
   6.084756E-001   8.739278E-001   3.845622E-001   1.516593E-001   3.411830E-002   2.371584E-002
   6.090254E-001   8.782159E-001   4.082787E-001   1.229360E-001   3.975056E-002   1.842116E-002
   6.096066E-001   8.820449E-001   4.052222E-001   1.572233E-001   4.018246E-002   1.961187E-002
   6.102211E-001   8.852967E-001   3.931818E-001   1.407097E-001   3.489426E-002   2.172389E-002
   6.108707E-001   8.878663E-001   3.950726E-001   1.396925E-001   3.350607E-002   1.999680E-002
   6.115576E-001   8.896659E-001   3.928870E-001   1.507204E-001   3.746740E-002   2.338633E-002
   6.122840E-001   8.906283E-001   3.793206E-001   1.381207E-001   4.111304E-002   1.738068E-002
   6.130521E-001   8.907099E-001   3.780191E-001   1.495624E-001   4.156770E-002   1.991011E-002
   6.138643E-001   8.898930E-001   3.914999E-001   1.269234E-001   4.031848E-002   2.029087E-002
   6.147232E-001   8.881876E-001   4.015214E-001   1.489471E-001   3.931523E-002   1.729330E-002
   6.156313E-001   8.856321E-001   4.029671E-001   1.537920E-001   3.991323E-002   2.158447E-002
   6.165914E-001   8.822926E-001   3.937003E-001   1.254179E-001   4.290447E-002   2.126190E-002
   6.176063E-001   8.782621E-001   3.793393E-001   1.545989E-001   4.595230E-002   1.792758E-002
   6.186791E-001   8.736577E-001   3.799506E-001   1.399280E-001   4.566239E-002   2.105191E-002
   6.198128E-001   8.686171E-001   3.879712E-001   1.470779E-001   4.375602E-002   2.184602E-002
   6.210107E-001   8.632943E-001   3.850503E-001   1.324242E-001   4.175737E-002   1.798366E-002
   6.222761E-001   8.578542E-001   3.913101E-001   1.327654E-001   3.814431E-002   1.754470E-002
   6.236124E-001   8.524664E-001   4.056866E-001   1.559947E-001   3.744074E-002   2.051305E-002
   6.250232E-001   8.472991E-001   3.908647E-001   1.303987E-001   4.000188E-002   2.115962E-002
   6.265122E-001   8.425120E-001   3.692932E-001   1.451206E-001   4.303482E-002   1.947383E-002
   6.280832E-001   8.382502E-001   3.795581E-001   1.274102E-001   4.757136E-002   1.925159E-002
   6.297400E-001   8.346374E-001   3.891937E-001   1.531209E-001   4.680281E-002   2.074782E-002
   6.314868E-001   8.317710E-001   3.840770E-001   1.445062E-001   4.367426E-002   2.134523E-002
   6.333274E-001   8.297173E-001   3.921609E-001   1.383621E-001   3.798087E-002   2.060370E-002
   6.352661E-001   8.285080E-001   3.954591E-001   1.388384E-001   3.594025E-002   1.994958E-002
   6.373070E-001   8.281390E-001   3.789676E-001   1.323476E-001   3.768671E-002   1.902258E-002
   6.394545E-001   8.285696E-001   3.708557E-001   1.556087E-001   4.125727E-002   1.769215E-002
   6.417127E-001   8.297243E-001   3.763417E-001   1.349654E-001   4.050100E-002   1.891164E-002
   6.440861E-001   8.314958E-001   3.855771E-001   1.480459E-001   3.612058E-002   2.212913E-002
   6.465788E-001   8.337497E-001   3.912622E-001   1.224890E-001   3.167227E-002   2.187063E-002
   6.491953E-001   8.363303E-001   3.834428E-001   1.447308E-001   3.520059E-002   1.972496E-002
   6.519396E-001   8.390683E-001   3.779960E-001   1.351306E-001   4.163989E-002   2.001283E-002
   6.548161E-001   8.417876E-001   3.767602E-001   1.489231E-001   4.632984E-002   1.856814E-002
   6.578287E-001   8.443145E-001   3.660751E-001   1.349760E-001   4.121309E-002   1.666661E-002
   6.609815E-001   8.464850E-001   3.736022E-001   1.321055E-001   3.502696E-002   1.883559E-002
   6.642784E-001   8.481528E-001   3.922910E-001   1.325170E-001   3.328056E-002   1.929253E-002
   6.677228E-001   8.491955E-001   3.806347E-001   1.327084E-001   3.734030E-002   1.936450E-002
   6.713185E-001   8.495203E-001   3.679875E-001   1.465673E-001   4.051490E-002   2.193946E-002
   6.750685E-001   8.490675E-001   3.730344E-001   1.319840E-001   3.769227E-002   2.087087E-002
   6.789759E-001   8.478127E-001   3.657804E-001   1.407412E-001   3.630479E-002   1.977291E-002
   6.830433E-001   8.457668E-001   3.644877E-001   1.188248E-001   3.763094E-002   2.024632E-002
   6.872733E-001   8.429747E-001   3.796673E-001   1.395219E-001   4.197291E-002   1.767867E-002
   6.916678E-001   8.395117E-001   3.791238E-001   1.268334E-001   4.063050E-002   1.705895E-002
   6.962286E-001   8.354788E-001   3.670674E-001   1.460848E-001   3.490959E-002   1.879812E-002
   7.009570E-001   8.309968E-001   3.600166E-001   1.257648E-001   3.075376E-002   1.855985E-002
   7.058539E-001   8.261998E-001   3.582696E-001   1.313062E-001   3.224806E-002   1.941896E-002
   7.109198E-001   8.212281E-001   3.639550E-001   1.228528E-001   3.840130E-002   2.136836E-002
   7.161548E-001   8.162208E-001   3.665041E-001   1.315177E-001   4.130249E-002   2.013110E-002
   7.215584E-001   8.113097E-001   3.655112E-001   1.370489E-001   4.061227E-002   1.725012E-002
   7.271298E-001   8.066131E-001   3.678594E-001   1.253663E-001   3.646639E-002   1.669285E-002
   7.328677E-001   8.022308E-001   3.568164E-001   1.306644E-001   3.515552E-002   1.846927E-002
   7.387703E-001   7.982410E-001   3.425724E-001   1.160311E-001   3.622303E-002   2.016857E-002
   7.448353E-001   7.946972E-001   3.524189E-001   1.396275E-001   3.932069E-002   1.981115E-002
   7.510599E-001   7.916281E-001   3.622864E-001   1.253330E-001   4.174023E-002   1.742574E-002
   7.574409E-001   7.890372E-001   3.541228E-001   1.312926E-001   4.113212E-002   1.595867E-002
   7.639747E-001   7.869045E-001   3.530493E-001   1.212037E-001   4.004759E-002   1.783307E-002
   7.706571E-001   7.851893E-001   3.552897E-001   1.266809E-001   3.705373E-002   1.976986E-002
   7.774838E-001   7.838331E-001   3.420751E-001   1.369037E-001   3.454044E-002   1.786994E-002
   7.844497E-001   7.827638E-001   3.332413E-001   1.150846E-001   3.325293E-002   1.698318E-002
   7.915496E-001   7.818993E-001   3.415900E-001   1.265847E-001   3.128884E-002   1.949435E-002
   7.987779E-001   7.811523E-001   3.482500E-001   1.197232E-001   2.953190E-002   1.767461E-002
   8.061286E-001   7.804338E-001   3.461241E-001   1.260081E-001   2.965736E-002   1.615811E-002
   8.135956E-001   7.796571E-001   3.419574E-001   1.215103E-001   3.184673E-002   1.812166E-002
   8.211723E-001   7.787409E-001   3.356099E-001   1.149173E-001   3.461995E-002   1.598451E-002
