    5.488124E-08    4.590067E-06    4.714243E-05    1.344867E-04    3.066558E-04    5.488124E-04
    5.694235E-08    4.762451E-06    4.891290E-05    1.395375E-04    3.181726E-04    5.694235E-04
    5.908086E-08    4.941309E-06    5.074987E-05    1.447780E-04    3.301218E-04    5.908086E-04
    6.129969E-08    5.126883E-06    5.265581E-05    1.502152E-04    3.425198E-04    6.129969E-04
    6.360184E-08    5.319427E-06    5.463334E-05    1.558566E-04    3.553833E-04    6.360184E-04
    6.599045E-08    5.519201E-06    5.668513E-05    1.617099E-04    3.687300E-04    6.599045E-04
    6.846876E-08    5.726478E-06    5.881397E-05    1.677830E-04    3.825778E-04    6.846876E-04
    7.104014E-08    5.941539E-06    6.102276E-05    1.740842E-04    3.969457E-04    7.104014E-04
    7.370809E-08    6.164676E-06    6.331450E-05    1.806220E-04    4.118532E-04    7.370808E-04
    7.647623E-08    6.396193E-06    6.569231E-05    1.874054E-04    4.273206E-04    7.647622E-04
    7.934832E-08    6.636405E-06    6.815941E-05    1.944435E-04    4.433688E-04    7.934832E-04
    8.232828E-08    6.885638E-06    7.071916E-05    2.017459E-04    4.600196E-04    8.232827E-04
    8.542014E-08    7.144230E-06    7.337504E-05    2.093225E-04    4.772958E-04    8.542014E-04
    8.862812E-08    7.412533E-06    7.613066E-05    2.171836E-04    4.952208E-04    8.862811E-04
    9.195657E-08    7.690913E-06    7.898976E-05    2.253400E-04    5.138189E-04    9.195656E-04
    9.541001E-08    7.979746E-06    8.195624E-05    2.338027E-04    5.331155E-04    9.541001E-04
    9.899315E-08    8.279427E-06    8.503412E-05    2.425832E-04    5.531367E-04    9.899314E-04
    1.027108E-07    8.590362E-06    8.822758E-05    2.516935E-04    5.739098E-04    1.027108E-03
    1.065682E-07    8.912974E-06    9.154098E-05    2.611458E-04    5.954630E-04    1.065682E-03
    1.105703E-07    9.247701E-06    9.497880E-05    2.709532E-04    6.178257E-04    1.105703E-03
    1.147228E-07    9.594998E-06    9.854573E-05    2.811288E-04    6.410281E-04    1.147228E-03
    1.190312E-07    9.955338E-06    1.022466E-04    2.916866E-04    6.651019E-04    1.190312E-03
    1.235014E-07    1.032921E-05    1.060865E-04    3.026408E-04    6.900797E-04    1.235014E-03
    1.281395E-07    1.071712E-05    1.100705E-04    3.140065E-04    7.159956E-04    1.281395E-03
    1.329518E-07    1.111960E-05    1.142042E-04    3.257989E-04    7.428847E-04    1.329517E-03
    1.379447E-07    1.153720E-05    1.184931E-04    3.380342E-04    7.707835E-04    1.379447E-03
    1.431252E-07    1.197047E-05    1.229431E-04    3.507290E-04    7.997301E-04    1.431252E-03
    1.485002E-07    1.242002E-05    1.275602E-04    3.639005E-04    8.297637E-04    1.485002E-03
    1.540771E-07    1.288645E-05    1.323507E-04    3.775667E-04    8.609252E-04    1.540771E-03
    1.598634E-07    1.337039E-05    1.373210E-04    3.917461E-04    8.932568E-04    1.598634E-03
    1.658670E-07    1.387251E-05    1.424781E-04    4.064579E-04    9.268027E-04    1.658670E-03
    1.720960E-07    1.439349E-05    1.478288E-04    4.217222E-04    9.616083E-04    1.720960E-03
    1.785590E-07    1.493403E-05    1.533804E-04    4.375597E-04    9.977209E-04    1.785590E-03
    1.852647E-07    1.549486E-05    1.591405E-04    4.539920E-04    1.035190E-03    1.852646E-03
    1.922222E-07    1.607676E-05    1.651169E-04    4.710414E-04    1.074065E-03    1.922221E-03
    1.994409E-07    1.668051E-05    1.713177E-04    4.887310E-04    1.114401E-03    1.994409E-03
    2.069308E-07    1.730694E-05    1.777514E-04    5.070849E-04    1.156252E-03    2.069307E-03
    2.147019E-07    1.795688E-05    1.844267E-04    5.261280E-04    1.199674E-03    2.147018E-03
    2.227648E-07    1.863124E-05    1.913527E-04    5.458862E-04    1.244726E-03    2.227647E-03
    2.311305E-07    1.933091E-05    1.985387E-04    5.663864E-04    1.291471E-03    2.311304E-03
    2.398103E-07    2.005686E-05    2.059947E-04    5.876564E-04    1.339970E-03    2.398102E-03
    2.488161E-07    2.081008E-05    2.137305E-04    6.097252E-04    1.390291E-03    2.488160E-03
    2.581601E-07    2.159157E-05    2.217569E-04    6.326226E-04    1.442502E-03    2.581600E-03
    2.678550E-07    2.240242E-05    2.300847E-04    6.563799E-04    1.496673E-03    2.678548E-03
    2.779139E-07    2.324371E-05    2.387252E-04    6.810293E-04    1.552879E-03    2.779137E-03
    2.883505E-07    2.411659E-05    2.476902E-04    7.066044E-04    1.611195E-03    2.883503E-03
    2.991791E-07    2.502225E-05    2.569918E-04    7.331398E-04    1.671700E-03    2.991789E-03
    3.104142E-07    2.596192E-05    2.666427E-04    7.606716E-04    1.734478E-03    3.104140E-03
    3.220713E-07    2.693687E-05    2.766560E-04    7.892372E-04    1.799613E-03    3.220710E-03
    3.341660E-07    2.794843E-05    2.870453E-04    8.188755E-04    1.867194E-03    3.341658E-03
    3.467150E-07    2.899798E-05    2.978247E-04    8.496268E-04    1.937313E-03    3.467147E-03
    3.597351E-07    3.008694E-05    3.090088E-04    8.815327E-04    2.010065E-03    3.597348E-03
    3.732442E-07    3.121679E-05    3.206130E-04    9.146367E-04    2.085548E-03    3.732438E-03
    3.872605E-07    3.238906E-05    3.326529E-04    9.489837E-04    2.163866E-03    3.872601E-03
    4.018031E-07    3.360535E-05    3.451448E-04    9.846205E-04    2.245125E-03    4.018027E-03
    4.168918E-07    3.486731E-05    3.581058E-04    1.021595E-03    2.329435E-03    4.168913E-03
    4.325470E-07    3.617666E-05    3.715535E-04    1.059959E-03    2.416910E-03    4.325465E-03
    4.487901E-07    3.753517E-05    3.855062E-04    1.099762E-03    2.507670E-03    4.487895E-03
    4.656431E-07    3.894469E-05    3.999827E-04    1.141061E-03    2.601838E-03    4.656424E-03
    4.831288E-07    4.040714E-05    4.150028E-04    1.183910E-03    2.699542E-03    4.831280E-03
    5.012711E-07    4.192450E-05    4.305868E-04    1.228367E-03    2.800914E-03    5.012703E-03
    5.200947E-07    4.349883E-05    4.467560E-04    1.274494E-03    2.906093E-03    5.200937E-03
    5.396249E-07    4.513227E-05    4.635324E-04    1.322353E-03    3.015221E-03    5.396238E-03
    5.598885E-07    4.682704E-05    4.809386E-04    1.372009E-03    3.128446E-03    5.598873E-03
    5.809129E-07    4.858544E-05    4.989983E-04    1.423530E-03    3.245922E-03    5.809116E-03
    6.027267E-07    5.040987E-05    5.177361E-04    1.476985E-03    3.367809E-03    6.027252E-03
    6.253595E-07    5.230279E-05    5.371775E-04    1.532446E-03    3.494272E-03    6.253578E-03
    6.488420E-07    5.426679E-05    5.573487E-04    1.589990E-03    3.625483E-03    6.488402E-03
    6.732062E-07    5.630452E-05    5.782773E-04    1.649695E-03    3.761621E-03    6.732041E-03
    6.984851E-07    5.841876E-05    5.999917E-04    1.711641E-03    3.902870E-03    6.984828E-03
    7.247131E-07    6.061237E-05    6.225213E-04    1.775913E-03    4.049422E-03    7.247106E-03
    7.519258E-07    6.288834E-05    6.458967E-04    1.842598E-03    4.201476E-03    7.519230E-03
    7.801602E-07    6.524976E-05    6.701497E-04    1.911786E-03    4.359238E-03    7.801570E-03
    8.094545E-07    6.769983E-05    6.953132E-04    1.983572E-03    4.522923E-03    8.094509E-03
    8.398486E-07    7.024189E-05    7.214215E-04    2.058053E-03    4.692753E-03    8.398446E-03
    8.713838E-07    7.287937E-05    7.485098E-04    2.135330E-03    4.868959E-03    8.713793E-03
    9.041028E-07    7.561587E-05    7.766152E-04    2.215508E-03    5.051780E-03    9.040978E-03
    9.380501E-07    7.845510E-05    8.057755E-04    2.298696E-03    5.241464E-03    9.380446E-03
    9.732718E-07    8.140091E-05    8.360306E-04    2.385007E-03    5.438268E-03    9.732656E-03
    1.009816E-06    8.445731E-05    8.674214E-04    2.474557E-03    5.642461E-03    1.009809E-02
    1.047731E-06    8.762844E-05    8.999906E-04    2.567470E-03    5.854318E-03    1.047724E-02
    1.087070E-06    9.091861E-05    9.337824E-04    2.663870E-03    6.074128E-03    1.087062E-02
    1.127886E-06    9.433228E-05    9.688426E-04    2.763889E-03    6.302189E-03    1.127876E-02
    1.170234E-06    9.787409E-05    1.005219E-03    2.867662E-03    6.538810E-03    1.170223E-02
    1.214171E-06    1.015489E-04    1.042961E-03    2.975331E-03    6.784313E-03    1.214159E-02
    1.259758E-06    1.053615E-04    1.082119E-03    3.087040E-03    7.039031E-03    1.259744E-02
    1.307055E-06    1.093173E-04    1.122747E-03    3.202943E-03    7.303309E-03    1.307040E-02
    1.356128E-06    1.134216E-04    1.164900E-03    3.323196E-03    7.577507E-03    1.356111E-02
    1.407043E-06    1.176799E-04    1.208635E-03    3.447962E-03    7.861996E-03    1.407024E-02
    1.459868E-06    1.220981E-04    1.254012E-03    3.577411E-03    8.157161E-03    1.459847E-02
    1.514676E-06    1.266820E-04    1.301092E-03    3.711719E-03    8.463405E-03    1.514653E-02
    1.571541E-06    1.314380E-04    1.349938E-03    3.851067E-03    8.781141E-03    1.571516E-02
    1.630541E-06    1.363725E-04    1.400618E-03    3.995644E-03    9.110802E-03    1.630512E-02
    1.691754E-06    1.414922E-04    1.453199E-03    4.145647E-03    9.452833E-03    1.691722E-02
    1.755265E-06    1.468040E-04    1.507754E-03    4.301280E-03    9.807700E-03    1.755228E-02
    1.821158E-06    1.523151E-04    1.564356E-03    4.462752E-03    1.017588E-02    1.821118E-02
    1.889525E-06    1.580330E-04    1.623083E-03    4.630284E-03    1.055788E-02    1.889480E-02
    1.960457E-06    1.639655E-04    1.684012E-03    4.804102E-03    1.095421E-02    1.960406E-02
    2.034050E-06    1.701206E-04    1.747228E-03    4.984442E-03    1.136541E-02    2.033994E-02
    2.110405E-06    1.765066E-04    1.812816E-03    5.171549E-03    1.179204E-02    2.110342E-02
    2.189624E-06    1.831322E-04    1.880865E-03    5.365675E-03    1.223468E-02    2.189554E-02
    2.271816E-06    1.900064E-04    1.951467E-03    5.567086E-03    1.269392E-02    2.271738E-02
    2.357092E-06    1.971386E-04    2.024717E-03    5.776052E-03    1.317039E-02    2.357004E-02
    2.445566E-06    2.045383E-04    2.100716E-03    5.992858E-03    1.366474E-02    2.445468E-02
    2.537360E-06    2.122155E-04    2.179566E-03    6.217797E-03    1.417763E-02    2.537251E-02
    2.632597E-06    2.201808E-04    2.261373E-03    6.451174E-03    1.470975E-02    2.632475E-02
    2.731406E-06    2.284449E-04    2.346249E-03    6.693305E-03    1.526184E-02    2.731270E-02
    2.833922E-06    2.370189E-04    2.434309E-03    6.944518E-03    1.583463E-02    2.833770E-02
    2.940283E-06    2.459146E-04    2.525672E-03    7.205153E-03    1.642891E-02    2.940113E-02
    3.050633E-06    2.551438E-04    2.620462E-03    7.475563E-03    1.704547E-02    3.050443E-02
    3.165121E-06    2.647192E-04    2.718806E-03    7.756115E-03    1.768515E-02    3.164910E-02
    3.283904E-06    2.746538E-04    2.820838E-03    8.047187E-03    1.834881E-02    3.283667E-02
    3.407140E-06    2.849608E-04    2.926697E-03    8.349175E-03    1.903736E-02    3.406876E-02
    3.534998E-06    2.956543E-04    3.036525E-03    8.662486E-03    1.975173E-02    3.534703E-02
    3.667649E-06    3.067489E-04    3.150472E-03    8.987545E-03    2.049288E-02    3.667320E-02
    3.805275E-06    3.182593E-04    3.268690E-03    9.324791E-03    2.126181E-02    3.804907E-02
    3.948060E-06    3.302014E-04    3.391341E-03    9.674680E-03    2.205957E-02    3.947649E-02
    4.096198E-06    3.425911E-04    3.518589E-03    1.003769E-02    2.288722E-02    4.095739E-02
    4.249889E-06    3.554452E-04    3.650608E-03    1.041430E-02    2.374590E-02    4.249377E-02
    4.409340E-06    3.687812E-04    3.787575E-03    1.080503E-02    2.463675E-02    4.408769E-02
    4.574769E-06    3.826170E-04    3.929676E-03    1.121040E-02    2.556098E-02    4.574130E-02
    4.746397E-06    3.969714E-04    4.077103E-03    1.163097E-02    2.651985E-02    4.745684E-02
    4.924457E-06    4.118637E-04    4.230054E-03    1.206729E-02    2.751464E-02    4.923661E-02
    5.109189E-06    4.273140E-04    4.388736E-03    1.251996E-02    2.854669E-02    5.108300E-02
    5.300844E-06    4.433433E-04    4.553365E-03    1.298960E-02    2.961740E-02    5.299851E-02
    5.499678E-06    4.599731E-04    4.724161E-03    1.347683E-02    3.072821E-02    5.498569E-02
    5.705962E-06    4.772259E-04    4.901355E-03    1.398231E-02    3.188062E-02    5.704723E-02
    5.919972E-06    4.951249E-04    5.085187E-03    1.450672E-02    3.307618E-02    5.918589E-02
    6.141998E-06    5.136944E-04    5.275905E-03    1.505077E-02    3.431650E-02    6.140454E-02
    6.372340E-06    5.329593E-04    5.473765E-03    1.561520E-02    3.560325E-02    6.370615E-02
    6.611307E-06    5.529457E-04    5.679034E-03    1.620076E-02    3.693815E-02    6.609381E-02
    6.859223E-06    5.736804E-04    5.891989E-03    1.680824E-02    3.832302E-02    6.857072E-02
    7.116419E-06    5.951914E-04    6.112917E-03    1.743847E-02    3.975970E-02    7.114017E-02
    7.383245E-06    6.175077E-04    6.342116E-03    1.809228E-02    4.125013E-02    7.380562E-02
    7.660057E-06    6.406593E-04    6.579893E-03    1.877057E-02    4.279631E-02    7.657062E-02
    7.947230E-06    6.646774E-04    6.826569E-03    1.947423E-02    4.440031E-02    7.943885E-02
    8.245148E-06    6.895942E-04    7.082475E-03    2.020423E-02    4.606429E-02    8.241413E-02
    8.554214E-06    7.154433E-04    7.347957E-03    2.096153E-02    4.779047E-02    8.550043E-02
    8.874842E-06    7.422595E-04    7.623370E-03    2.174716E-02    4.958117E-02    8.870184E-02
    9.207463E-06    7.700787E-04    7.909085E-03    2.256217E-02    5.143879E-02    9.202262E-02
    9.552524E-06    7.989383E-04    8.205485E-03    2.340765E-02    5.336580E-02    9.546716E-02
    9.910488E-06    8.288772E-04    8.512968E-03    2.428475E-02    5.536479E-02    9.904003E-02
    1.028184E-05    8.599353E-04    8.831947E-03    2.519463E-02    5.743842E-02    1.027459E-01
    1.066707E-05    8.921545E-04    9.162850E-03    2.613851E-02    5.958946E-02    1.065898E-01
    1.106669E-05    9.255779E-04    9.506120E-03    2.711766E-02    6.182079E-02    1.105766E-01
    1.148125E-05    9.602502E-04    9.862216E-03    2.813338E-02    6.413536E-02    1.147117E-01
    1.191130E-05    9.962179E-04    1.023162E-02    2.918705E-02    6.653626E-02    1.190005E-01
    1.235741E-05    1.033529E-03    1.061481E-02    3.028006E-02    6.902668E-02    1.234485E-01
    1.282019E-05    1.072234E-03    1.101232E-02    3.141387E-02    7.160993E-02    1.280616E-01
    1.330024E-05    1.112384E-03    1.142467E-02    3.259000E-02    7.428944E-02    1.328457E-01
    1.379822E-05    1.154032E-03    1.185242E-02    3.381002E-02    7.706874E-02    1.378072E-01
    1.431477E-05    1.197236E-03    1.229612E-02    3.507555E-02    7.995152E-02    1.429524E-01
    1.485061E-05    1.242051E-03    1.275638E-02    3.638828E-02    8.294159E-02    1.482880E-01
    1.540643E-05    1.288538E-03    1.323381E-02    3.774995E-02    8.604289E-02    1.538209E-01
    1.598298E-05    1.336759E-03    1.372905E-02    3.916238E-02    8.925950E-02    1.595580E-01
    1.658103E-05    1.386777E-03    1.424275E-02    4.062744E-02    9.259565E-02    1.655069E-01
    1.720138E-05    1.438660E-03    1.477559E-02    4.214707E-02    9.605572E-02    1.716750E-01
    1.784483E-05    1.492477E-03    1.532829E-02    4.372329E-02    9.964424E-02    1.780702E-01
    1.851226E-05    1.548298E-03    1.590158E-02    4.535818E-02    1.033659E-01    1.847005E-01
    1.920455E-05    1.606199E-03    1.649622E-02    4.705391E-02    1.072256E-01    1.915742E-01
    1.992261E-05    1.666255E-03    1.711299E-02    4.881272E-02    1.112283E-01    1.987001E-01
    2.066740E-05    1.728546E-03    1.775272E-02    5.063692E-02    1.153792E-01    2.060868E-01
    2.143990E-05    1.793155E-03    1.841624E-02    5.252893E-02    1.196837E-01    2.137435E-01
    2.224113E-05    1.860167E-03    1.910444E-02    5.449122E-02    1.241474E-01    2.216797E-01
    2.307215E-05    1.929671E-03    1.981823E-02    5.652639E-02    1.287759E-01    2.299049E-01
    2.393406E-05    2.001757E-03    2.055854E-02    5.863710E-02    1.335754E-01    2.384291E-01
    2.482799E-05    2.076522E-03    2.132635E-02    6.082612E-02    1.385518E-01    2.472626E-01
    2.575512E-05    2.154064E-03    2.212267E-02    6.309631E-02    1.437116E-01    2.564158E-01
    2.671666E-05    2.234484E-03    2.294854E-02    6.545063E-02    1.490613E-01    2.658996E-01
    2.771389E-05    2.317888E-03    2.380505E-02    6.789216E-02    1.546077E-01    2.757249E-01
    2.874809E-05    2.404385E-03    2.469332E-02    7.042407E-02    1.603578E-01    2.859030E-01
    2.982064E-05    2.494089E-03    2.561451E-02    7.304966E-02    1.663188E-01    2.964457E-01
    3.093293E-05    2.587117E-03    2.656983E-02    7.577232E-02    1.724982E-01    3.073646E-01
    3.208642E-05    2.683590E-03    2.756052E-02    7.859558E-02    1.789036E-01    3.186720E-01
    3.328260E-05    2.783635E-03    2.858786E-02    8.152308E-02    1.855430E-01    3.303802E-01
    3.452304E-05    2.887380E-03    2.965321E-02    8.455859E-02    1.924246E-01    3.425016E-01
    3.580935E-05    2.994962E-03    3.075793E-02    8.770602E-02    1.995567E-01    3.550492E-01
    3.714319E-05    3.106519E-03    3.190346E-02    9.096939E-02    2.069480E-01    3.680358E-01
    3.852629E-05    3.222196E-03    3.309128E-02    9.435287E-02    2.146075E-01    3.814747E-01
    3.996044E-05    3.342144E-03    3.432292E-02    9.786079E-02    2.225443E-01    3.953790E-01
    4.144749E-05    3.466515E-03    3.559998E-02    1.014976E-01    2.307678E-01    4.097621E-01
    4.298936E-05    3.595471E-03    3.692408E-02    1.052679E-01    2.392878E-01    4.246376E-01
    4.458803E-05    3.729177E-03    3.829693E-02    1.091764E-01    2.481142E-01    4.400188E-01
    4.624554E-05    3.867805E-03    3.972028E-02    1.132281E-01    2.572572E-01    4.559192E-01
    4.796402E-05    4.011532E-03    4.119595E-02    1.174281E-01    2.667272E-01    4.723522E-01
    4.974566E-05    4.160541E-03    4.272583E-02    1.217815E-01    2.765349E-01    4.893311E-01
    5.159273E-05    4.315023E-03    4.431185E-02    1.262939E-01    2.866914E-01    5.068688E-01
    5.350758E-05    4.475174E-03    4.595602E-02    1.309707E-01    2.972077E-01    5.249781E-01
    5.549264E-05    4.641196E-03    4.766042E-02    1.358178E-01    3.080954E-01    5.436714E-01
    5.755042E-05    4.813300E-03    4.942719E-02    1.408412E-01    3.193660E-01    5.629604E-01
    5.968350E-05    4.991703E-03    5.125856E-02    1.460468E-01    3.310314E-01    5.828566E-01
    6.189458E-05    5.176628E-03    5.315683E-02    1.514411E-01    3.431037E-01    6.033704E-01
    6.418642E-05    5.368309E-03    5.512435E-02    1.570306E-01    3.555950E-01    6.245115E-01
    6.656190E-05    5.566984E-03    5.716357E-02    1.628220E-01    3.685178E-01    6.462886E-01
    6.902396E-05    5.772901E-03    5.927703E-02    1.688222E-01    3.818846E-01    6.687091E-01
    7.157568E-05    5.986315E-03    6.146734E-02    1.750383E-01    3.957079E-01    6.917791E-01
    7.422021E-05    6.207492E-03    6.373719E-02    1.814776E-01    4.100005E-01    7.155032E-01
    7.696081E-05    6.436704E-03    6.608936E-02    1.881476E-01    4.247750E-01    7.398839E-01
    7.980085E-05    6.674233E-03    6.852673E-02    1.950561E-01    4.400441E-01    7.649218E-01
    8.274382E-05    6.920370E-03    7.105225E-02    2.022111E-01    4.558205E-01    7.906151E-01
    8.579330E-05    7.175415E-03    7.366899E-02    2.096205E-01    4.721167E-01    8.169594E-01
    8.895300E-05    7.439678E-03    7.638010E-02    2.172929E-01    4.889449E-01    8.439473E-01
    9.222675E-05    7.713479E-03    7.918883E-02    2.252368E-01    5.063174E-01    8.715678E-01
    9.561849E-05    7.997149E-03    8.209854E-02    2.334609E-01    5.242459E-01    8.998065E-01
    9.913230E-05    8.291027E-03    8.511266E-02    2.419743E-01    5.427417E-01    9.286446E-01
    1.027724E-04    8.595465E-03    8.823477E-02    2.507861E-01    5.618158E-01    9.580589E-01
    1.065430E-04    8.910825E-03    9.146854E-02    2.599057E-01    5.814782E-01    9.880209E-01
    1.104488E-04    9.237480E-03    9.481772E-02    2.693428E-01    6.017386E-01    1.018497E+00
    1.144941E-04    9.575815E-03    9.828622E-02    2.791069E-01    6.226056E-01    1.049446E+00
    1.186839E-04    9.926226E-03    1.018780E-01    2.892082E-01    6.440868E-01    1.080823E+00
    1.230230E-04    1.028912E-02    1.055973E-01    2.996567E-01    6.661886E-01    1.112572E+00
    1.275163E-04    1.066492E-02    1.094481E-01    3.104627E-01    6.889163E-01    1.144632E+00
    1.321692E-04    1.105406E-02    1.134350E-01    3.216366E-01    7.122735E-01    1.176933E+00
    1.369868E-04    1.145698E-02    1.175623E-01    3.331889E-01    7.362618E-01    1.209395E+00
    1.419747E-04    1.187414E-02    1.218347E-01    3.451303E-01    7.608814E-01    1.241929E+00
    1.471386E-04    1.230602E-02    1.262569E-01    3.574716E-01    7.861298E-01    1.274435E+00
    1.524842E-04    1.275309E-02    1.308337E-01    3.702235E-01    8.120022E-01    1.306804E+00
    1.580176E-04    1.321586E-02    1.355700E-01    3.833970E-01    8.384911E-01    1.338912E+00
    1.637447E-04    1.369484E-02    1.404710E-01    3.970027E-01    8.655859E-01    1.370626E+00
    1.696720E-04    1.419056E-02    1.455418E-01    4.110517E-01    8.932726E-01    1.401800E+00
    1.758059E-04    1.470355E-02    1.507878E-01    4.255547E-01    9.215333E-01    1.432275E+00
    1.821530E-04    1.523438E-02    1.562144E-01    4.405223E-01    9.503463E-01    1.461880E+00
    1.887202E-04    1.578361E-02    1.618273E-01    4.559652E-01    9.796850E-01    1.490429E+00
    1.955145E-04    1.635183E-02    1.676322E-01    4.718935E-01    1.009518E+00    1.517727E+00
    2.025430E-04    1.693964E-02    1.736348E-01    4.883174E-01    1.039809E+00    1.543564E+00
    2.098132E-04    1.754765E-02    1.798411E-01    5.052467E-01    1.070516E+00    1.567722E+00
    2.173325E-04    1.817650E-02    1.862572E-01    5.226906E-01    1.101588E+00    1.589969E+00
    2.251086E-04    1.882683E-02    1.928894E-01    5.406582E-01    1.132972E+00    1.610069E+00
    2.331496E-04    1.949929E-02    1.997438E-01    5.591578E-01    1.164605E+00    1.627776E+00
    2.414634E-04    2.019458E-02    2.068270E-01    5.781971E-01    1.196415E+00    1.642844E+00
    2.500585E-04    2.091338E-02    2.141453E-01    5.977832E-01    1.228326E+00    1.655023E+00
    2.589432E-04    2.165640E-02    2.217056E-01    6.179222E-01    1.260249E+00    1.664068E+00
    2.681263E-04    2.242437E-02    2.295144E-01    6.386194E-01    1.292089E+00    1.669744E+00
    2.776166E-04    2.321802E-02    2.375786E-01    6.598789E-01    1.323740E+00    1.671826E+00
    2.874231E-04    2.403811E-02    2.459051E-01    6.817037E-01    1.355089E+00    1.670109E+00
    2.975551E-04    2.488541E-02    2.545008E-01    7.040954E-01    1.386009E+00    1.664414E+00
    3.080220E-04    2.576072E-02    2.633728E-01    7.270543E-01    1.416368E+00    1.654595E+00
    3.188334E-04    2.666482E-02    2.725282E-01    7.505787E-01    1.446019E+00    1.640547E+00
    3.299992E-04    2.759855E-02    2.819741E-01    7.746655E-01    1.474810E+00    1.622213E+00
    3.415292E-04    2.856273E-02    2.917176E-01    7.993092E-01    1.502577E+00    1.599594E+00
    3.534337E-04    2.955822E-02    3.017661E-01    8.245025E-01    1.529146E+00    1.572758E+00
    3.657230E-04    3.058587E-02    3.121266E-01    8.502354E-01    1.554339E+00    1.541847E+00
    3.784077E-04    3.164657E-02    3.228063E-01    8.764954E-01    1.577967E+00    1.507082E+00
    3.914983E-04    3.274120E-02    3.338125E-01    9.032674E-01    1.599836E+00    1.468776E+00
    4.050058E-04    3.387067E-02    3.451523E-01    9.305331E-01    1.619751E+00    1.427330E+00
    4.189413E-04    3.503591E-02    3.568326E-01    9.582709E-01    1.637511E+00    1.383241E+00
    4.333158E-04    3.623785E-02    3.688606E-01    9.864559E-01    1.652918E+00    1.337097E+00
    4.481407E-04    3.747742E-02    3.812431E-01    1.015059E+00    1.665778E+00    1.289577E+00
    4.634276E-04    3.875560E-02    3.939869E-01    1.044048E+00    1.675901E+00    1.241433E+00
    4.791881E-04    4.007335E-02    4.070985E-01    1.073387E+00    1.683110E+00    1.193486E+00
    4.954339E-04    4.143166E-02    4.205845E-01    1.103033E+00    1.687242E+00    1.146596E+00
    5.121770E-04    4.283151E-02    4.344510E-01    1.132941E+00    1.688154E+00    1.101644E+00
    5.294295E-04    4.427392E-02    4.487040E-01    1.163061E+00    1.685727E+00    1.059497E+00
    5.472035E-04    4.575989E-02    4.633492E-01    1.193336E+00    1.679873E+00    1.020973E+00
    5.655113E-04    4.729045E-02    4.783922E-01    1.223707E+00    1.670538E+00    9.868028E-01
    5.843653E-04    4.886663E-02    4.938380E-01    1.254108E+00    1.657711E+00    9.575848E-01
    6.037780E-04    5.048946E-02    5.096913E-01    1.284467E+00    1.641427E+00    9.337472E-01
    6.237620E-04    5.216001E-02    5.259564E-01    1.314707E+00    1.621773E+00    9.155079E-01
    6.443300E-04    5.387932E-02    5.426373E-01    1.344748E+00    1.598895E+00    9.028442E-01
    6.654948E-04    5.564845E-02    5.597373E-01    1.374502E+00    1.572999E+00    8.954718E-01
    6.872691E-04    5.746846E-02    5.772593E-01    1.403876E+00    1.544356E+00    8.928399E-01
    7.096659E-04    5.934043E-02    5.952056E-01    1.432775E+00    1.513304E+00    8.941441E-01
    7.326981E-04    6.126543E-02    6.135780E-01    1.461096E+00    1.480245E+00    8.983607E-01
    7.563788E-04    6.324454E-02    6.323774E-01    1.488735E+00    1.445646E+00    9.043043E-01
    7.807210E-04    6.527884E-02    6.516041E-01    1.515582E+00    1.410034E+00    9.107070E-01
    8.057376E-04    6.736941E-02    6.712579E-01    1.541526E+00    1.373984E+00    9.163161E-01
    8.314420E-04    6.951733E-02    6.913374E-01    1.566453E+00    1.338113E+00    9.200041E-01
    8.578471E-04    7.172368E-02    7.118407E-01    1.590249E+00    1.303066E+00    9.208805E-01
    8.849661E-04    7.398956E-02    7.327647E-01    1.612798E+00    1.269494E+00    9.183938E-01
    9.128121E-04    7.631603E-02    7.541057E-01    1.633989E+00    1.238040E+00    9.124083E-01
    9.413982E-04    7.870420E-02    7.758588E-01    1.653709E+00    1.209313E+00    9.032415E-01
    9.707376E-04    8.115512E-02    7.980182E-01    1.671854E+00    1.183863E+00    8.916503E-01
    1.000843E-03    8.366989E-02    8.205769E-01    1.688322E+00    1.162157E+00    8.787575E-01
    1.031729E-03    8.624958E-02    8.435269E-01    1.703022E+00    1.144555E+00    8.659198E-01
    1.063407E-03    8.889525E-02    8.668592E-01    1.715871E+00    1.131284E+00    8.545465E-01
    1.095890E-03    9.160798E-02    8.905634E-01    1.726799E+00    1.122421E+00    8.458902E-01
    1.129192E-03    9.438884E-02    9.146280E-01    1.735749E+00    1.117878E+00    8.408415E-01
    1.163326E-03    9.723887E-02    9.390404E-01    1.742681E+00    1.117396E+00    8.397625E-01
    1.198304E-03    1.001591E-01    9.637864E-01    1.747572E+00    1.120546E+00    8.424003E-01
    1.234140E-03    1.031507E-01    9.888511E-01    1.750423E+00    1.126747E+00    8.479069E-01
    1.270847E-03    1.062146E-01    1.014218E+00    1.751254E+00    1.135286E+00    8.549794E-01
    1.308436E-03    1.093519E-01    1.039869E+00    1.750111E+00    1.145355E+00    8.621088E-01
    1.346922E-03    1.125636E-01    1.065785E+00    1.747066E+00    1.156103E+00    8.678948E-01
    1.386317E-03    1.158508E-01    1.091947E+00    1.742220E+00    1.166684E+00    8.713629E-01
    1.426633E-03    1.192144E-01    1.118333E+00    1.735698E+00    1.176324E+00    8.722048E-01
    1.467884E-03    1.226556E-01    1.144919E+00    1.727659E+00    1.184377E+00    8.708678E-01
    1.510082E-03    1.261753E-01    1.171683E+00    1.718286E+00    1.190384E+00    8.684511E-01
    1.553241E-03    1.297745E-01    1.198600E+00    1.707793E+00    1.194114E+00    8.664129E-01
    1.597372E-03    1.334544E-01    1.225644E+00    1.696417E+00    1.195594E+00    8.661544E-01
    1.642489E-03    1.372158E-01    1.252788E+00    1.684422E+00    1.195110E+00    8.685949E-01
    1.688604E-03    1.410598E-01    1.280004E+00    1.672090E+00    1.193187E+00    8.738769E-01
    1.735731E-03    1.449875E-01    1.307265E+00    1.659720E+00    1.190539E+00    8.813145E-01
    1.783882E-03    1.489998E-01    1.334541E+00    1.647624E+00    1.187993E+00    8.896285E-01
    1.833070E-03    1.530977E-01    1.361803E+00    1.636118E+00    1.186402E+00    8.974074E-01
    1.883307E-03    1.572824E-01    1.389022E+00    1.625518E+00    1.186533E+00    9.036375E-01
    1.934608E-03    1.615547E-01    1.416167E+00    1.616132E+00    1.188981E+00    9.080926E-01
    1.986986E-03    1.659158E-01    1.443209E+00    1.608254E+00    1.194077E+00    9.114108E-01
    2.040452E-03    1.703666E-01    1.470118E+00    1.602152E+00    1.201846E+00    9.148009E-01
    2.095022E-03    1.749083E-01    1.496865E+00    1.598067E+00    1.211998E+00    9.194898E-01
    2.150707E-03    1.795417E-01    1.523422E+00    1.596197E+00    1.223968E+00    9.261552E-01
    2.207549E-03    1.842703E-01    1.549760E+00    1.596715E+00    1.237003E+00    9.346328E-01
   -2.108611E-02   -7.555376E-01    1.544291E+00    5.117512E+00    1.276009E+00    1.733449E+00
    2.060170E-03    1.765387E-01    1.530491E+00    1.612087E+00    1.227581E+00    9.319225E-01
    2.172631E-03    1.813875E-01    1.533901E+00    1.596197E+00    1.229065E+00    9.293691E-01
    2.180648E-03    1.820327E-01    1.537385E+00    1.596174E+00    1.230788E+00    9.304690E-01
    2.188179E-03    1.826591E-01    1.540866E+00    1.596271E+00    1.232523E+00    9.316110E-01
    2.195728E-03    1.832870E-01    1.544343E+00    1.596411E+00    1.234267E+00    9.327757E-01
    2.203297E-03    1.839166E-01    1.547815E+00    1.596593E+00    1.236018E+00    9.339606E-01
    2.210885E-03    1.845478E-01    1.551283E+00    1.596819E+00    1.237775E+00    9.351629E-01
    2.218494E-03    1.851806E-01    1.554747E+00    1.597088E+00    1.239534E+00    9.363801E-01
    2.226122E-03    1.858151E-01    1.558206E+00    1.597401E+00    1.241295E+00    9.376092E-01
    2.233771E-03    1.864512E-01    1.561661E+00    1.597758E+00    1.243056E+00    9.388475E-01
    2.241439E-03    1.870890E-01    1.565112E+00    1.598158E+00    1.244814E+00    9.400921E-01
    2.249128E-03    1.877284E-01    1.568558E+00    1.598602E+00    1.246568E+00    9.413403E-01
    2.256837E-03    1.883695E-01    1.571999E+00    1.599090E+00    1.248316E+00    9.425892E-01
    2.264565E-03    1.890122E-01    1.575436E+00    1.599623E+00    1.250058E+00    9.438362E-01
    2.272314E-03    1.896566E-01    1.578868E+00    1.600199E+00    1.251790E+00    9.450786E-01
    2.280083E-03    1.903026E-01    1.582295E+00    1.600819E+00    1.253511E+00    9.463142E-01
    2.287872E-03    1.909503E-01    1.585717E+00    1.601484E+00    1.255221E+00    9.475405E-01
    2.295682E-03    1.915996E-01    1.589135E+00    1.602192E+00    1.256917E+00    9.487555E-01
    2.303511E-03    1.922505E-01    1.592547E+00    1.602945E+00    1.258598E+00    9.499573E-01
    2.311360E-03    1.929032E-01    1.595955E+00    1.603742E+00    1.260263E+00    9.511442E-01
    2.319230E-03    1.935575E-01    1.599357E+00    1.604582E+00    1.261911E+00    9.523148E-01
    2.327120E-03    1.942134E-01    1.602755E+00    1.605466E+00    1.263541E+00    9.534679E-01
    2.335030E-03    1.948710E-01    1.606147E+00    1.606394E+00    1.265152E+00    9.546025E-01
    2.342960E-03    1.955302E-01    1.609534E+00    1.607366E+00    1.266743E+00    9.557180E-01
    2.350910E-03    1.961911E-01    1.612916E+00    1.608381E+00    1.268313E+00    9.568141E-01
    2.358881E-03    1.968536E-01    1.616292E+00    1.609439E+00    1.269862E+00    9.578906E-01
    2.366871E-03    1.975178E-01    1.619664E+00    1.610540E+00    1.271389E+00    9.589476E-01
    2.374882E-03    1.981837E-01    1.623030E+00    1.611684E+00    1.272893E+00    9.599855E-01
    2.382912E-03    1.988512E-01    1.626390E+00    1.612870E+00    1.274374E+00    9.610052E-01
    2.390963E-03    1.995203E-01    1.629745E+00    1.614099E+00    1.275832E+00    9.620074E-01
    2.399034E-03    2.001911E-01    1.633095E+00    1.615370E+00    1.277268E+00    9.629933E-01
    2.407126E-03    2.008635E-01    1.636439E+00    1.616682E+00    1.278680E+00    9.639644E-01
    2.415237E-03    2.015376E-01    1.639777E+00    1.618036E+00    1.280068E+00    9.649221E-01
    2.423368E-03    2.022133E-01    1.643110E+00    1.619431E+00    1.281434E+00    9.658682E-01
    2.431519E-03    2.028907E-01    1.646437E+00    1.620867E+00    1.282777E+00    9.668046E-01
    2.439691E-03    2.035697E-01    1.649759E+00    1.622343E+00    1.284098E+00    9.677334E-01
    2.447882E-03    2.042503E-01    1.653075E+00    1.623859E+00    1.285398E+00    9.686566E-01
    2.456093E-03    2.049326E-01    1.656385E+00    1.625414E+00    1.286676E+00    9.695765E-01
    2.464324E-03    2.056165E-01    1.659689E+00    1.627009E+00    1.287933E+00    9.704953E-01
    2.472576E-03    2.063021E-01    1.662988E+00    1.628643E+00    1.289171E+00    9.714152E-01
    2.480847E-03    2.069892E-01    1.666280E+00    1.630314E+00    1.290390E+00    9.723384E-01
    2.489137E-03    2.076780E-01    1.669567E+00    1.632024E+00    1.291591E+00    9.732673E-01
    2.497448E-03    2.083684E-01    1.672848E+00    1.633771E+00    1.292776E+00    9.742039E-01
    2.505779E-03    2.090605E-01    1.676123E+00    1.635555E+00    1.293945E+00    9.751503E-01
    2.514129E-03    2.097541E-01    1.679392E+00    1.637375E+00    1.295099E+00    9.761084E-01
    2.522499E-03    2.104494E-01    1.682656E+00    1.639230E+00    1.296240E+00    9.770800E-01
    2.530888E-03    2.111462E-01    1.685913E+00    1.641121E+00    1.297369E+00    9.780667E-01
    2.539297E-03    2.118447E-01    1.689164E+00    1.643047E+00    1.298487E+00    9.790700E-01
    2.547726E-03    2.125448E-01    1.692410E+00    1.645007E+00    1.299596E+00    9.800912E-01
    2.556174E-03    2.132464E-01    1.695649E+00    1.647000E+00    1.300697E+00    9.811312E-01
    2.564641E-03    2.139497E-01    1.698882E+00    1.649026E+00    1.301792E+00    9.821911E-01
    2.573128E-03    2.146545E-01    1.702110E+00    1.651085E+00    1.302882E+00    9.832713E-01
    2.581634E-03    2.153609E-01    1.705331E+00    1.653175E+00    1.303969E+00    9.843724E-01
    2.590159E-03    2.160688E-01    1.708547E+00    1.655296E+00    1.305054E+00    9.854945E-01
    2.598704E-03    2.167783E-01    1.711756E+00    1.657447E+00    1.306139E+00    9.866376E-01
    2.607267E-03    2.174894E-01    1.714959E+00    1.659628E+00    1.307225E+00    9.878014E-01
    2.615849E-03    2.182020E-01    1.718157E+00    1.661839E+00    1.308314E+00    9.889856E-01
    2.624450E-03    2.189162E-01    1.721348E+00    1.664077E+00    1.309408E+00    9.901895E-01
    2.633070E-03    2.196318E-01    1.724534E+00    1.666344E+00    1.310507E+00    9.914123E-01
    2.641708E-03    2.203490E-01    1.727713E+00    1.668637E+00    1.311614E+00    9.926532E-01
    2.650365E-03    2.210677E-01    1.730887E+00    1.670957E+00    1.312730E+00    9.939109E-01
    2.659040E-03    2.217879E-01    1.734055E+00    1.673302E+00    1.313855E+00    9.951845E-01
    2.667734E-03    2.225096E-01    1.737217E+00    1.675672E+00    1.314992E+00    9.964724E-01
    2.676445E-03    2.232328E-01    1.740372E+00    1.678067E+00    1.316142E+00    9.977735E-01
    2.685175E-03    2.239575E-01    1.743523E+00    1.680485E+00    1.317306E+00    9.990863E-01
    2.693922E-03    2.246836E-01    1.746667E+00    1.682926E+00    1.318486E+00    1.000409E+00
    2.702687E-03    2.254111E-01    1.749805E+00    1.685389E+00    1.319681E+00    1.001741E+00
    2.711470E-03    2.261401E-01    1.752938E+00    1.687873E+00    1.320894E+00    1.003081E+00
    2.720270E-03    2.268705E-01    1.756065E+00    1.690378E+00    1.322125E+00    1.004426E+00
    2.729088E-03    2.276023E-01    1.759187E+00    1.692904E+00    1.323376E+00    1.005777E+00
    2.737922E-03    2.283355E-01    1.762303E+00    1.695448E+00    1.324646E+00    1.007131E+00
    2.746774E-03    2.290701E-01    1.765413E+00    1.698011E+00    1.325938E+00    1.008487E+00
    2.755642E-03    2.298061E-01    1.768518E+00    1.700592E+00    1.327250E+00    1.009844E+00
    2.764527E-03    2.305434E-01    1.771617E+00    1.703190E+00    1.328585E+00    1.011202E+00
    2.773429E-03    2.312820E-01    1.774711E+00    1.705805E+00    1.329942E+00    1.012560E+00
    2.782347E-03    2.320220E-01    1.777800E+00    1.708435E+00    1.331322E+00    1.013917E+00
    2.791280E-03    2.327633E-01    1.780883E+00    1.711081E+00    1.332726E+00    1.015271E+00
    2.800230E-03    2.335059E-01    1.783961E+00    1.713741E+00    1.334152E+00    1.016624E+00
    2.809196E-03    2.342498E-01    1.787034E+00    1.716415E+00    1.335603E+00    1.017975E+00
    2.818177E-03    2.349949E-01    1.790102E+00    1.719102E+00    1.337077E+00    1.019323E+00
    2.827174E-03    2.357413E-01    1.793166E+00    1.721802E+00    1.338575E+00    1.020668E+00
    2.836185E-03    2.364890E-01    1.796224E+00    1.724515E+00    1.340096E+00    1.022011E+00
    2.845212E-03    2.372378E-01    1.799277E+00    1.727238E+00    1.341641E+00    1.023351E+00
    2.854254E-03    2.379879E-01    1.802326E+00    1.729972E+00    1.343210E+00    1.024689E+00
    2.863310E-03    2.387392E-01    1.805370E+00    1.732717E+00    1.344801E+00    1.026026E+00
    2.872381E-03    2.394916E-01    1.808409E+00    1.735471E+00    1.346416E+00    1.027361E+00
    2.881466E-03    2.402452E-01    1.811444E+00    1.738234E+00    1.348053E+00    1.028696E+00
    2.890565E-03    2.410000E-01    1.814474E+00    1.741006E+00    1.349712E+00    1.030030E+00
    2.899679E-03    2.417559E-01    1.817500E+00    1.743786E+00    1.351393E+00    1.031364E+00
    2.908806E-03    2.425129E-01    1.820522E+00    1.746574E+00    1.353095E+00    1.032699E+00
    2.917947E-03    2.432710E-01    1.823540E+00    1.749369E+00    1.354818E+00    1.034036E+00
    2.927101E-03    2.440303E-01    1.826554E+00    1.752170E+00    1.356561E+00    1.035375E+00
    2.936269E-03    2.447906E-01    1.829564E+00    1.754978E+00    1.358323E+00    1.036717E+00
    2.945450E-03    2.455520E-01    1.832570E+00    1.757791E+00    1.360104E+00    1.038062E+00
    2.954644E-03    2.463144E-01    1.835572E+00    1.760610E+00    1.361904E+00    1.039411E+00
    2.963851E-03    2.470779E-01    1.838571E+00    1.763433E+00    1.363721E+00    1.040765E+00
    2.973071E-03    2.478425E-01    1.841566E+00    1.766261E+00    1.365555E+00    1.042123E+00
    2.982304E-03    2.486081E-01    1.844557E+00    1.769094E+00    1.367406E+00    1.043487E+00
    2.991549E-03    2.493747E-01    1.847546E+00    1.771929E+00    1.369272E+00    1.044857E+00
    3.000807E-03    2.501424E-01    1.850530E+00    1.774769E+00    1.371153E+00    1.046233E+00
    3.010077E-03    2.509110E-01    1.853512E+00    1.777611E+00    1.373049E+00    1.047616E+00
    3.019360E-03    2.516807E-01    1.856491E+00    1.780456E+00    1.374958E+00    1.049006E+00
    3.028655E-03    2.524514E-01    1.859467E+00    1.783304E+00    1.376879E+00    1.050402E+00
    3.037963E-03    2.532230E-01    1.862439E+00    1.786154E+00    1.378813E+00    1.051806E+00
    3.047282E-03    2.539957E-01    1.865409E+00    1.789005E+00    1.380758E+00    1.053216E+00
    3.056614E-03    2.547693E-01    1.868377E+00    1.791858E+00    1.382714E+00    1.054634E+00
    3.065958E-03    2.555440E-01    1.871341E+00    1.794713E+00    1.384680E+00    1.056059E+00
    3.075315E-03    2.563196E-01    1.874303E+00    1.797568E+00    1.386655E+00    1.057491E+00
    3.084683E-03    2.570962E-01    1.877263E+00    1.800424E+00    1.388639E+00    1.058930E+00
    3.094064E-03    2.578738E-01    1.880220E+00    1.803281E+00    1.390631E+00    1.060375E+00
    3.103457E-03    2.586524E-01    1.883175E+00    1.806138E+00    1.392631E+00    1.061828E+00
    3.112862E-03    2.594320E-01    1.886128E+00    1.808995E+00    1.394637E+00    1.063286E+00
    3.122279E-03    2.602126E-01    1.889079E+00    1.811852E+00    1.396650E+00    1.064752E+00
    3.131709E-03    2.609942E-01    1.892027E+00    1.814709E+00    1.398668E+00    1.066223E+00
    3.141151E-03    2.617768E-01    1.894974E+00    1.817565E+00    1.400692E+00    1.067700E+00
    3.150606E-03    2.625604E-01    1.897919E+00    1.820421E+00    1.402721E+00    1.069183E+00
    3.160073E-03    2.633451E-01    1.900862E+00    1.823276E+00    1.404754E+00    1.070671E+00
    3.169553E-03    2.641307E-01    1.903803E+00    1.826129E+00    1.406791E+00    1.072165E+00
    3.179045E-03    2.649174E-01    1.906742E+00    1.828982E+00    1.408831E+00    1.073664E+00
    3.188550E-03    2.657052E-01    1.909680E+00    1.831833E+00    1.410875E+00    1.075169E+00
    3.198069E-03    2.664939E-01    1.912616E+00    1.834683E+00    1.412922E+00    1.076678E+00
    3.207600E-03    2.672838E-01    1.915551E+00    1.837531E+00    1.414972E+00    1.078193E+00
    3.217145E-03    2.680747E-01    1.918485E+00    1.840377E+00    1.417024E+00    1.079712E+00
    3.226702E-03    2.688667E-01    1.921417E+00    1.843221E+00    1.419079E+00    1.081237E+00
    3.236274E-03    2.696598E-01    1.924347E+00    1.846064E+00    1.421137E+00    1.082766E+00
    3.245859E-03    2.704541E-01    1.927277E+00    1.848904E+00    1.423197E+00    1.084300E+00
    3.255458E-03    2.712494E-01    1.930205E+00    1.851742E+00    1.425260E+00    1.085839E+00
    3.265070E-03    2.720459E-01    1.933133E+00    1.854577E+00    1.427325E+00    1.087383E+00
    3.274697E-03    2.728435E-01    1.936059E+00    1.857411E+00    1.429393E+00    1.088931E+00
    3.284339E-03    2.736423E-01    1.938984E+00    1.860241E+00    1.431463E+00    1.090484E+00
    3.293994E-03    2.744423E-01    1.941908E+00    1.863070E+00    1.433537E+00    1.092041E+00
    3.303665E-03    2.752434E-01    1.944831E+00    1.865895E+00    1.435614E+00    1.093603E+00
    3.313350E-03    2.760458E-01    1.947754E+00    1.868718E+00    1.437695E+00    1.095170E+00
    3.323050E-03    2.768494E-01    1.950675E+00    1.871538E+00    1.439780E+00    1.096741E+00
    3.332766E-03    2.776542E-01    1.953596E+00    1.874356E+00    1.441868E+00    1.098316E+00
    3.342497E-03    2.784603E-01    1.956516E+00    1.877171E+00    1.443962E+00    1.099897E+00
    3.352243E-03    2.792677E-01    1.959436E+00    1.879983E+00    1.446060E+00    1.101482E+00
    3.362006E-03    2.800764E-01    1.962354E+00    1.882792E+00    1.448164E+00    1.103071E+00
    3.371784E-03    2.808863E-01    1.965273E+00    1.885598E+00    1.450273E+00    1.104666E+00
    3.381579E-03    2.816976E-01    1.968190E+00    1.888402E+00    1.452389E+00    1.106265E+00
    3.391390E-03    2.825103E-01    1.971107E+00    1.891203E+00    1.454511E+00    1.107870E+00
    3.401218E-03    2.833243E-01    1.974024E+00    1.894002E+00    1.456639E+00    1.109479E+00
    3.411063E-03    2.841397E-01    1.976940E+00    1.896798E+00    1.458775E+00    1.111095E+00
    3.420926E-03    2.849564E-01    1.979856E+00    1.899591E+00    1.460919E+00    1.112716E+00
    3.430805E-03    2.857746E-01    1.982772E+00    1.902383E+00    1.463070E+00    1.114342E+00
    3.440702E-03    2.865943E-01    1.985687E+00    1.905172E+00    1.465229E+00    1.115975E+00
    3.450617E-03    2.874153E-01    1.988603E+00    1.907959E+00    1.467397E+00    1.117614E+00
    3.460550E-03    2.882379E-01    1.991518E+00    1.910744E+00    1.469574E+00    1.119260E+00
    3.470501E-03    2.890619E-01    1.994432E+00    1.913527E+00    1.471759E+00    1.120912E+00
    3.480470E-03    2.898874E-01    1.997347E+00    1.916309E+00    1.473953E+00    1.122571E+00
    3.490458E-03    2.907145E-01    2.000262E+00    1.919089E+00    1.476157E+00    1.124237E+00
    3.500466E-03    2.915431E-01    2.003176E+00    1.921868E+00    1.478370E+00    1.125910E+00
    3.510492E-03    2.923732E-01    2.006091E+00    1.924646E+00    1.480593E+00    1.127590E+00
    3.520537E-03    2.932050E-01    2.009006E+00    1.927423E+00    1.482825E+00    1.129277E+00
    3.530602E-03    2.940383E-01    2.011920E+00    1.930200E+00    1.485067E+00    1.130971E+00
    3.540687E-03    2.948732E-01    2.014835E+00    1.932977E+00    1.487319E+00    1.132673E+00
    3.550792E-03    2.957098E-01    2.017751E+00    1.935754E+00    1.489580E+00    1.134381E+00
    3.560917E-03    2.965480E-01    2.020666E+00    1.938531E+00    1.491852E+00    1.136097E+00
    3.571062E-03    2.973879E-01    2.023582E+00    1.941308E+00    1.494133E+00    1.137819E+00
    3.581229E-03    2.982294E-01    2.026498E+00    1.944087E+00    1.496424E+00    1.139549E+00
    3.591415E-03    2.990727E-01    2.029415E+00    1.946867E+00    1.498726E+00    1.141285E+00
    3.601623E-03    2.999176E-01    2.032332E+00    1.949649E+00    1.501037E+00    1.143028E+00
    3.611853E-03    3.007643E-01    2.035249E+00    1.952433E+00    1.503358E+00    1.144778E+00
    3.622103E-03    3.016128E-01    2.038167E+00    1.955219E+00    1.505690E+00    1.146535E+00
    3.632376E-03    3.024630E-01    2.041086E+00    1.958008E+00    1.508031E+00    1.148298E+00
    3.642670E-03    3.033150E-01    2.044006E+00    1.960800E+00    1.510383E+00    1.150067E+00
    3.652986E-03    3.041688E-01    2.046926E+00    1.963596E+00    1.512745E+00    1.151842E+00
    3.663325E-03    3.050244E-01    2.049847E+00    1.966396E+00    1.515117E+00    1.153624E+00
    3.673686E-03    3.058818E-01    2.052769E+00    1.969200E+00    1.517499E+00    1.155412E+00
    3.684070E-03    3.067411E-01    2.055691E+00    1.972009E+00    1.519892E+00    1.157205E+00
    3.694477E-03    3.076023E-01    2.058615E+00    1.974823E+00    1.522295E+00    1.159005E+00
    3.704906E-03    3.084654E-01    2.061540E+00    1.977643E+00    1.524709E+00    1.160810E+00
    3.715360E-03    3.093303E-01    2.064465E+00    1.980469E+00    1.527133E+00    1.162621E+00
    3.725836E-03    3.101972E-01    2.067392E+00    1.983301E+00    1.529568E+00    1.164438E+00
    3.736337E-03    3.110660E-01    2.070321E+00    1.986141E+00    1.532014E+00    1.166261E+00
    3.746861E-03    3.119367E-01    2.073250E+00    1.988988E+00    1.534470E+00    1.168089E+00
    3.757409E-03    3.128094E-01    2.076181E+00    1.991842E+00    1.536937E+00    1.169923E+00
    3.767982E-03    3.136841E-01    2.079113E+00    1.994705E+00    1.539414E+00    1.171762E+00
    3.778579E-03    3.145608E-01    2.082047E+00    1.997577E+00    1.541903E+00    1.173608E+00
    3.789200E-03    3.154394E-01    2.084982E+00    2.000458E+00    1.544402E+00    1.175459E+00
    3.799847E-03    3.163201E-01    2.087919E+00    2.003348E+00    1.546911E+00    1.177316E+00
    3.810519E-03    3.172029E-01    2.090858E+00    2.006249E+00    1.549431E+00    1.179179E+00
    3.821215E-03    3.180877E-01    2.093799E+00    2.009159E+00    1.551962E+00    1.181049E+00
    3.831937E-03    3.189745E-01    2.096741E+00    2.012081E+00    1.554503E+00    1.182924E+00
    3.842685E-03    3.198635E-01    2.099685E+00    2.015013E+00    1.557054E+00    1.184807E+00
    3.853459E-03    3.207545E-01    2.102632E+00    2.017957E+00    1.559616E+00    1.186696E+00
    3.864258E-03    3.216477E-01    2.105581E+00    2.020913E+00    1.562187E+00    1.188592E+00
    3.875083E-03    3.225429E-01    2.108531E+00    2.023882E+00    1.564767E+00    1.190495E+00
    3.885935E-03    3.234404E-01    2.111485E+00    2.026862E+00    1.567358E+00    1.192405E+00
    3.896813E-03    3.243399E-01    2.114440E+00    2.029856E+00    1.569957E+00    1.194322E+00
    3.907718E-03    3.252416E-01    2.117398E+00    2.032863E+00    1.572565E+00    1.196246E+00
    3.918650E-03    3.261456E-01    2.120359E+00    2.035883E+00    1.575182E+00    1.198178E+00
    3.929608E-03    3.270517E-01    2.123322E+00    2.038917E+00    1.577808E+00    1.200118E+00
    3.940594E-03    3.279600E-01    2.126288E+00    2.041965E+00    1.580442E+00    1.202065E+00
    3.951607E-03    3.288705E-01    2.129257E+00    2.045027E+00    1.583084E+00    1.204019E+00
    3.962647E-03    3.297833E-01    2.132229E+00    2.048104E+00    1.585733E+00    1.205981E+00
    3.973715E-03    3.306983E-01    2.135204E+00    2.051196E+00    1.588391E+00    1.207951E+00
    3.984811E-03    3.316156E-01    2.138183E+00    2.054302E+00    1.591056E+00    1.209928E+00
    3.995935E-03    3.325351E-01    2.141164E+00    2.057423E+00    1.593728E+00    1.211913E+00
    4.045102E-03    3.365991E-01    2.154295E+00    2.071308E+00    1.605545E+00    1.220715E+00
    4.094825E-03    3.407083E-01    2.167501E+00    2.085493E+00    1.617501E+00    1.229661E+00
    4.145115E-03    3.448635E-01    2.180793E+00    2.099983E+00    1.629603E+00    1.238742E+00
    4.195985E-03    3.490659E-01    2.194181E+00    2.114774E+00    1.641866E+00    1.247952E+00
    4.247447E-03    3.533164E-01    2.207676E+00    2.129858E+00    1.654306E+00    1.257291E+00
    4.299512E-03    3.576158E-01    2.221292E+00    2.145228E+00    1.666938E+00    1.266770E+00
    4.352192E-03    3.619651E-01    2.235040E+00    2.160871E+00    1.679774E+00    1.276397E+00
    4.405497E-03    3.663651E-01    2.248934E+00    2.176778E+00    1.692825E+00    1.286180E+00
    4.459438E-03    3.708166E-01    2.262987E+00    2.192942E+00    1.706099E+00    1.296119E+00
    4.514025E-03    3.753204E-01    2.277214E+00    2.209357E+00    1.719600E+00    1.306214E+00
    4.569268E-03    3.798773E-01    2.291628E+00    2.226020E+00    1.733324E+00    1.316460E+00
    4.625176E-03    3.844881E-01    2.306244E+00    2.242934E+00    1.747266E+00    1.326850E+00
    4.681759E-03    3.891534E-01    2.321077E+00    2.260099E+00    1.761412E+00    1.337387E+00
    4.739025E-03    3.938739E-01    2.336141E+00    2.277519E+00    1.775752E+00    1.348077E+00
    4.796985E-03    3.986504E-01    2.351451E+00    2.295197E+00    1.790281E+00    1.358928E+00
    4.855645E-03    4.034835E-01    2.367021E+00    2.313134E+00    1.805001E+00    1.369945E+00
    4.915015E-03    4.083738E-01    2.382865E+00    2.331331E+00    1.819916E+00    1.381131E+00
    4.975103E-03    4.133219E-01    2.398996E+00    2.349785E+00    1.835031E+00    1.392480E+00
    5.035917E-03    4.183285E-01    2.415428E+00    2.368491E+00    1.850354E+00    1.403988E+00
    5.097465E-03    4.233942E-01    2.432172E+00    2.387445E+00    1.865893E+00    1.415656E+00
    5.159756E-03    4.285196E-01    2.449241E+00    2.406642E+00    1.881661E+00    1.427488E+00
    5.222795E-03    4.337052E-01    2.466645E+00    2.426080E+00    1.897670E+00    1.439490E+00
    5.286592E-03    4.389515E-01    2.484393E+00    2.445758E+00    1.913926E+00    1.451668E+00
    5.351154E-03    4.442593E-01    2.502495E+00    2.465682E+00    1.930425E+00    1.464023E+00
    5.416488E-03    4.496290E-01    2.520959E+00    2.485859E+00    1.947159E+00    1.476552E+00
    5.482602E-03    4.550611E-01    2.539791E+00    2.506302E+00    1.964117E+00    1.489252E+00
    5.549502E-03    4.605562E-01    2.558996E+00    2.527026E+00    1.981296E+00    1.502124E+00
    5.617197E-03    4.661148E-01    2.578580E+00    2.548046E+00    1.998696E+00    1.515173E+00
    5.685693E-03    4.717375E-01    2.598545E+00    2.569378E+00    2.016323E+00    1.528406E+00
    5.754998E-03    4.774247E-01    2.618894E+00    2.591034E+00    2.034181E+00    1.541824E+00
    5.825119E-03    4.831770E-01    2.639628E+00    2.613023E+00    2.052275E+00    1.555428E+00
    5.896063E-03    4.889950E-01    2.660748E+00    2.635353E+00    2.070614E+00    1.569215E+00
    5.967837E-03    4.948791E-01    2.682254E+00    2.658026E+00    2.089208E+00    1.583184E+00
    6.040448E-03    5.008298E-01    2.704144E+00    2.681042E+00    2.108064E+00    1.597339E+00
    6.113903E-03    5.068476E-01    2.726418E+00    2.704401E+00    2.127182E+00    1.611687E+00
    6.188211E-03    5.129332E-01    2.749072E+00    2.728101E+00    2.146557E+00    1.626231E+00
    6.263377E-03    5.190869E-01    2.772105E+00    2.752141E+00    2.166183E+00    1.640969E+00
    6.339410E-03    5.253093E-01    2.795514E+00    2.776520E+00    2.186058E+00    1.655900E+00
    6.416316E-03    5.316010E-01    2.819296E+00    2.801237E+00    2.206183E+00    1.671024E+00
    6.494103E-03    5.379624E-01    2.843450E+00    2.826293E+00    2.226561E+00    1.686347E+00
    6.572778E-03    5.443940E-01    2.867974E+00    2.851685E+00    2.247198E+00    1.701873E+00
    6.652350E-03    5.508965E-01    2.892865E+00    2.877414E+00    2.268102E+00    1.717603E+00
    6.732824E-03    5.574703E-01    2.918122E+00    2.903476E+00    2.289283E+00    1.733538E+00
    6.814209E-03    5.641160E-01    2.943746E+00    2.929871E+00    2.310743E+00    1.749675E+00
    6.896512E-03    5.708341E-01    2.969736E+00    2.956600E+00    2.332483E+00    1.766018E+00
    6.979742E-03    5.776252E-01    2.996092E+00    2.983666E+00    2.354501E+00    1.782573E+00
    7.063906E-03    5.844897E-01    3.022817E+00    3.011072E+00    2.376795E+00    1.799342E+00
    7.149012E-03    5.914284E-01    3.049912E+00    3.038826E+00    2.399365E+00    1.816323E+00
    7.235067E-03    5.984417E-01    3.077380E+00    3.066936E+00    2.422210E+00    1.833518E+00
    7.322081E-03    6.055302E-01    3.105224E+00    3.095411E+00    2.445336E+00    1.850929E+00
    7.410060E-03    6.126945E-01    3.133448E+00    3.124258E+00    2.468751E+00    1.868561E+00
    7.499014E-03    6.199352E-01    3.162056E+00    3.153484E+00    2.492463E+00    1.886415E+00
    7.588951E-03    6.272528E-01    3.191053E+00    3.183095E+00    2.516476E+00    1.904493E+00
    7.679879E-03    6.346480E-01    3.220441E+00    3.213093E+00    2.540789E+00    1.922793E+00
    7.771807E-03    6.421214E-01    3.250227E+00    3.243483E+00    2.565402E+00    1.941321E+00
    7.864744E-03    6.496736E-01    3.280414E+00    3.274270E+00    2.590315E+00    1.960079E+00
    7.958698E-03    6.573052E-01    3.311007E+00    3.305458E+00    2.615528E+00    1.979070E+00
    8.053678E-03    6.650169E-01    3.342008E+00    3.337049E+00    2.641043E+00    1.998293E+00
    8.149694E-03    6.728093E-01    3.373422E+00    3.369045E+00    2.666868E+00    2.017750E+00
    8.246754E-03    6.806830E-01    3.405250E+00    3.401447E+00    2.693010E+00    2.037447E+00
    8.344868E-03    6.886388E-01    3.437497E+00    3.434253E+00    2.719473E+00    2.057384E+00
    8.444045E-03    6.966773E-01    3.470164E+00    3.467462E+00    2.746258E+00    2.077564E+00
    8.544296E-03    7.047991E-01    3.503252E+00    3.501074E+00    2.773367E+00    2.097987E+00
    8.645629E-03    7.130051E-01    3.536765E+00    3.535089E+00    2.800799E+00    2.118656E+00
    8.748054E-03    7.212958E-01    3.570702E+00    3.569513E+00    2.828554E+00    2.139576E+00
    8.851582E-03    7.296720E-01    3.605067E+00    3.604352E+00    2.856639E+00    2.160747E+00
    8.956222E-03    7.381344E-01    3.639860E+00    3.639616E+00    2.885059E+00    2.182172E+00
    9.061985E-03    7.466838E-01    3.675084E+00    3.675310E+00    2.913820E+00    2.203852E+00
    9.168882E-03    7.553209E-01    3.710742E+00    3.711441E+00    2.942925E+00    2.225791E+00
    9.276922E-03    7.640464E-01    3.746835E+00    3.748014E+00    2.972376E+00    2.247992E+00
    9.386116E-03    7.728612E-01    3.783368E+00    3.785034E+00    3.002174E+00    2.270456E+00
    9.496476E-03    7.817660E-01    3.820345E+00    3.822504E+00    3.032318E+00    2.293185E+00
    9.608012E-03    7.907616E-01    3.857770E+00    3.860430E+00    3.062816E+00    2.316184E+00
    9.720735E-03    7.998489E-01    3.895649E+00    3.898817E+00    3.093671E+00    2.339454E+00
    9.834657E-03    8.090286E-01    3.933987E+00    3.937670E+00    3.124889E+00    2.362997E+00
    9.949790E-03    8.183015E-01    3.972790E+00    3.976991E+00    3.156475E+00    2.386816E+00
    1.006614E-02    8.276686E-01    4.012064E+00    4.016780E+00    3.188431E+00    2.410915E+00
    1.018373E-02    8.371306E-01    4.051816E+00    4.057039E+00    3.220755E+00    2.435295E+00
    1.030256E-02    8.466885E-01    4.092052E+00    4.097769E+00    3.253453E+00    2.459959E+00
    1.042266E-02    8.563432E-01    4.132777E+00    4.138975E+00    3.286529E+00    2.484911E+00
    1.054402E-02    8.660954E-01    4.173999E+00    4.180661E+00    3.319989E+00    2.510153E+00
    1.066666E-02    8.759462E-01    4.215722E+00    4.222836E+00    3.353837E+00    2.535687E+00
    1.079060E-02    8.858965E-01    4.257951E+00    4.265504E+00    3.388077E+00    2.561517E+00
    1.091584E-02    8.959472E-01    4.300691E+00    4.308674E+00    3.422710E+00    2.587645E+00
    1.104241E-02    9.060992E-01    4.343946E+00    4.352350E+00    3.457740E+00    2.614075E+00
    1.117031E-02    9.163535E-01    4.387721E+00    4.396538E+00    3.493170E+00    2.640809E+00
    1.129955E-02    9.267112E-01    4.432019E+00    4.441244E+00    3.529006E+00    2.667851E+00
    1.143016E-02    9.371731E-01    4.476844E+00    4.486475E+00    3.565255E+00    2.695202E+00
    1.156214E-02    9.477403E-01    4.522201E+00    4.532233E+00    3.601919E+00    2.722867E+00
    1.169551E-02    9.584139E-01    4.568092E+00    4.578522E+00    3.638999E+00    2.750849E+00
    1.183028E-02    9.691949E-01    4.614523E+00    4.625345E+00    3.676500E+00    2.779151E+00
    1.196647E-02    9.800843E-01    4.661498E+00    4.672705E+00    3.714427E+00    2.807775E+00
    1.210409E-02    9.910832E-01    4.709021E+00    4.720607E+00    3.752786E+00    2.836725E+00
    1.224315E-02    1.002193E+00    4.757098E+00    4.769058E+00    3.791582E+00    2.866004E+00
    1.238367E-02    1.013414E+00    4.805734E+00    4.818062E+00    3.830817E+00    2.895616E+00
    1.252567E-02    1.024748E+00    4.854935E+00    4.867626E+00    3.870494E+00    2.925564E+00
    1.266915E-02    1.036196E+00    4.904705E+00    4.917757E+00    3.910618E+00    2.955851E+00
    1.281415E-02    1.047759E+00    4.955051E+00    4.968462E+00    3.951197E+00    2.986481E+00
    1.296066E-02    1.059438E+00    5.005977E+00    5.019748E+00    3.992233E+00    3.017457E+00
    1.310870E-02    1.071235E+00    5.057490E+00    5.071621E+00    4.033732E+00    3.048782E+00
    1.325830E-02    1.083150E+00    5.109594E+00    5.124086E+00    4.075697E+00    3.080460E+00
    1.340947E-02    1.095185E+00    5.162294E+00    5.177147E+00    4.118132E+00    3.112496E+00
    1.356222E-02    1.107342E+00    5.215596E+00    5.230809E+00    4.161044E+00    3.144891E+00
    1.371658E-02    1.119621E+00    5.269505E+00    5.285076E+00    4.204437E+00    3.177650E+00
    1.387255E-02    1.132023E+00    5.324026E+00    5.339955E+00    4.248317E+00    3.210777E+00
    1.403015E-02    1.144550E+00    5.379165E+00    5.395453E+00    4.292687E+00    3.244275E+00
    1.418941E-02    1.157204E+00    5.434928E+00    5.451575E+00    4.337552E+00    3.278148E+00
    1.435033E-02    1.169985E+00    5.491322E+00    5.508328E+00    4.382918E+00    3.312400E+00
    1.451294E-02    1.182895E+00    5.548353E+00    5.565721E+00    4.428792E+00    3.347035E+00
    1.467726E-02    1.195935E+00    5.606029E+00    5.623761E+00    4.475176E+00    3.382057E+00
    1.484329E-02    1.209107E+00    5.664355E+00    5.682455E+00    4.522076E+00    3.417469E+00
    1.501107E-02    1.222412E+00    5.723341E+00    5.741808E+00    4.569498E+00    3.453276E+00
    1.518060E-02    1.235851E+00    5.782992E+00    5.801826E+00    4.617447E+00    3.489481E+00
    1.535191E-02    1.249427E+00    5.843315E+00    5.862514E+00    4.665930E+00    3.526090E+00
    1.552502E-02    1.263140E+00    5.904318E+00    5.923879E+00    4.714949E+00    3.563105E+00
    1.569994E-02    1.276991E+00    5.966008E+00    5.985928E+00    4.764512E+00    3.600531E+00
    1.587669E-02    1.290983E+00    6.028391E+00    6.048669E+00    4.814625E+00    3.638372E+00
    1.605530E-02    1.305117E+00    6.091473E+00    6.112108E+00    4.865293E+00    3.676633E+00
    1.623578E-02    1.319394E+00    6.155262E+00    6.176255E+00    4.916521E+00    3.715318E+00
    1.641815E-02    1.333816E+00    6.219765E+00    6.241117E+00    4.968315E+00    3.754432E+00
    1.660244E-02    1.348385E+00    6.284989E+00    6.306700E+00    5.020681E+00    3.793977E+00
    1.678866E-02    1.363102E+00    6.350942E+00    6.373013E+00    5.073627E+00    3.833960E+00
    1.697683E-02    1.377969E+00    6.417630E+00    6.440061E+00    5.127156E+00    3.874385E+00
    1.716698E-02    1.392988E+00    6.485062E+00    6.507851E+00    5.181274E+00    3.915256E+00
    1.735912E-02    1.408159E+00    6.553244E+00    6.576392E+00    5.235990E+00    3.956578E+00
    1.755328E-02    1.423485E+00    6.622186E+00    6.645690E+00    5.291308E+00    3.998355E+00
    1.774948E-02    1.438968E+00    6.691893E+00    6.715754E+00    5.347235E+00    4.040593E+00
    1.794773E-02    1.454609E+00    6.762373E+00    6.786594E+00    5.403777E+00    4.083296E+00
    1.814807E-02    1.470410E+00    6.833634E+00    6.858217E+00    5.460940E+00    4.126468E+00
    1.835052E-02    1.486374E+00    6.905683E+00    6.930631E+00    5.518732E+00    4.170116E+00
    1.855509E-02    1.502500E+00    6.978528E+00    7.003844E+00    5.577158E+00    4.214243E+00
    1.876181E-02    1.518792E+00    7.052177E+00    7.077863E+00    5.636225E+00    4.258855E+00
    1.897070E-02    1.535252E+00    7.126639E+00    7.152697E+00    5.695941E+00    4.303956E+00
    1.918179E-02    1.551881E+00    7.201921E+00    7.228354E+00    5.756311E+00    4.349553E+00
    1.939510E-02    1.568681E+00    7.278034E+00    7.304843E+00    5.817342E+00    4.395649E+00
    1.961065E-02    1.585654E+00    7.354985E+00    7.382173E+00    5.879041E+00    4.442251E+00
    1.982847E-02    1.602802E+00    7.432785E+00    7.460353E+00    5.941417E+00    4.489363E+00
    2.004858E-02    1.620127E+00    7.511441E+00    7.539392E+00    6.004474E+00    4.536991E+00
    2.027101E-02    1.637631E+00    7.590963E+00    7.619299E+00    6.068221E+00    4.585140E+00
    2.049578E-02    1.655316E+00    7.671360E+00    7.700081E+00    6.132665E+00    4.633816E+00
    2.072291E-02    1.673184E+00    7.752640E+00    7.781749E+00    6.197813E+00    4.683024E+00
    2.095244E-02    1.691238E+00    7.834812E+00    7.864310E+00    6.263672E+00    4.732770E+00
    2.118438E-02    1.709478E+00    7.917886E+00    7.947775E+00    6.330250E+00    4.783059E+00
    2.141877E-02    1.727908E+00    8.001872E+00    8.032155E+00    6.397555E+00    4.833897E+00
    2.165562E-02    1.746530E+00    8.086778E+00    8.117457E+00    6.465593E+00    4.885290E+00
    2.189497E-02    1.765345E+00    8.172614E+00    8.203692E+00    6.534373E+00    4.937243E+00
    2.213684E-02    1.784357E+00    8.259391E+00    8.290869E+00    6.603903E+00    4.989763E+00
    2.238126E-02    1.803566E+00    8.347117E+00    8.378998E+00    6.674190E+00    5.042855E+00
    2.262826E-02    1.822977E+00    8.435803E+00    8.468088E+00    6.745242E+00    5.096526E+00
    2.287786E-02    1.842589E+00    8.525457E+00    8.558150E+00    6.817067E+00    5.150781E+00
    2.313010E-02    1.862407E+00    8.616090E+00    8.649194E+00    6.889674E+00    5.205626E+00
    2.338499E-02    1.882433E+00    8.707712E+00    8.741231E+00    6.963070E+00    5.261068E+00
    2.364258E-02    1.902668E+00    8.800332E+00    8.834270E+00    7.037264E+00    5.317113E+00
    2.390287E-02    1.923115E+00    8.893962E+00    8.928322E+00    7.112263E+00    5.373767E+00
    2.416592E-02    1.943777E+00    8.988612E+00    9.023397E+00    7.188078E+00    5.431036E+00
    2.443174E-02    1.964656E+00    9.084292E+00    9.119506E+00    7.264715E+00    5.488928E+00
    2.470037E-02    1.985755E+00    9.181015E+00    9.216660E+00    7.342183E+00    5.547448E+00
    2.497183E-02    2.007075E+00    9.278789E+00    9.314870E+00    7.420492E+00    5.606602E+00
    2.524615E-02    2.028620E+00    9.377627E+00    9.414147E+00    7.499650E+00    5.666399E+00
    2.552337E-02    2.050392E+00    9.477539E+00    9.514501E+00    7.579666E+00    5.726843E+00
    2.580352E-02    2.072394E+00    9.578537E+00    9.615944E+00    7.660548E+00    5.787942E+00
    2.608662E-02    2.094628E+00    9.680631E+00    9.718486E+00    7.742305E+00    5.849703E+00
    2.637272E-02    2.117097E+00    9.783833E+00    9.822141E+00    7.824948E+00    5.912133E+00
    2.666183E-02    2.139803E+00    9.888155E+00    9.926918E+00    7.908484E+00    5.975238E+00
    2.695399E-02    2.162749E+00    9.993607E+00    1.003283E+01    7.992924E+00    6.039026E+00
    2.724924E-02    2.185938E+00    1.010020E+01    1.013989E+01    8.078276E+00    6.103503E+00
    2.754760E-02    2.209373E+00    1.020795E+01    1.024810E+01    8.164549E+00    6.168676E+00
    2.784911E-02    2.233056E+00    1.031686E+01    1.035749E+01    8.251754E+00    6.234554E+00
    2.815380E-02    2.256990E+00    1.042696E+01    1.046806E+01    8.339900E+00    6.301142E+00
    2.846170E-02    2.281178E+00    1.053824E+01    1.057982E+01    8.428997E+00    6.368448E+00
    2.877286E-02    2.305623E+00    1.065072E+01    1.069278E+01    8.519053E+00    6.436480E+00
    2.908729E-02    2.330327E+00    1.076441E+01    1.080697E+01    8.610079E+00    6.505245E+00
    2.940504E-02    2.355293E+00    1.087934E+01    1.092238E+01    8.702085E+00    6.574751E+00
    2.972614E-02    2.380524E+00    1.099550E+01    1.103904E+01    8.795081E+00    6.645004E+00
    3.005062E-02    2.406023E+00    1.111291E+01    1.115696E+01    8.889077E+00    6.716012E+00
    3.037852E-02    2.431793E+00    1.123158E+01    1.127614E+01    8.984082E+00    6.787783E+00
    3.070987E-02    2.457837E+00    1.135153E+01    1.139660E+01    9.080107E+00    6.860325E+00
    3.104472E-02    2.484157E+00    1.147277E+01    1.151835E+01    9.177162E+00    6.933646E+00
    3.138308E-02    2.510757E+00    1.159532E+01    1.164142E+01    9.275257E+00    7.007752E+00
    3.172500E-02    2.537640E+00    1.171917E+01    1.176580E+01    9.374402E+00    7.082652E+00
    3.207052E-02    2.564808E+00    1.184435E+01    1.189151E+01    9.474609E+00    7.158353E+00
    3.241967E-02    2.592264E+00    1.197088E+01    1.201857E+01    9.575886E+00    7.234864E+00
    3.277248E-02    2.620011E+00    1.209875E+01    1.214698E+01    9.678245E+00    7.312192E+00
    3.312899E-02    2.648053E+00    1.222800E+01    1.227677E+01    9.781696E+00    7.390345E+00
    3.348924E-02    2.676392E+00    1.235862E+01    1.240794E+01    9.886249E+00    7.469331E+00
    3.385326E-02    2.705031E+00    1.249063E+01    1.254051E+01    9.991915E+00    7.549158E+00
    3.422110E-02    2.733974E+00    1.262405E+01    1.267449E+01    1.009871E+01    7.629834E+00
    3.459277E-02    2.763222E+00    1.275888E+01    1.280989E+01    1.020663E+01    7.711367E+00
    3.496833E-02    2.792779E+00    1.289515E+01    1.294673E+01    1.031570E+01    7.793764E+00
    3.534781E-02    2.822649E+00    1.303286E+01    1.308502E+01    1.042592E+01    7.877034E+00
    3.573124E-02    2.852833E+00    1.317203E+01    1.322477E+01    1.053731E+01    7.961184E+00
    3.611866E-02    2.883335E+00    1.331267E+01    1.336600E+01    1.064987E+01    8.046222E+00
    3.651011E-02    2.914158E+00    1.345480E+01    1.350872E+01    1.076362E+01    8.132157E+00
    3.690561E-02    2.945304E+00    1.359842E+01    1.365294E+01    1.087857E+01    8.218996E+00
    3.730521E-02    2.976777E+00    1.374354E+01    1.379867E+01    1.099472E+01    8.306747E+00
    3.770894E-02    3.008579E+00    1.389019E+01    1.394593E+01    1.111209E+01    8.395416E+00
    3.811684E-02    3.040713E+00    1.403838E+01    1.409473E+01    1.123069E+01    8.485013E+00
    3.852894E-02    3.073182E+00    1.418811E+01    1.424509E+01    1.135052E+01    8.575545E+00
    3.894527E-02    3.105988E+00    1.433940E+01    1.439701E+01    1.147160E+01    8.667018E+00
    3.936587E-02    3.139134E+00    1.449226E+01    1.455050E+01    1.159394E+01    8.759441E+00
    3.979076E-02    3.172623E+00    1.464671E+01    1.470559E+01    1.171754E+01    8.852820E+00
    4.021999E-02    3.206457E+00    1.480275E+01    1.486228E+01    1.184242E+01    8.947162E+00
    4.065358E-02    3.240639E+00    1.496039E+01    1.502057E+01    1.196858E+01    9.042475E+00
    4.109156E-02    3.275170E+00    1.511965E+01    1.518050E+01    1.209603E+01    9.138764E+00
    4.153397E-02    3.310054E+00    1.528054E+01    1.534205E+01    1.222479E+01    9.236037E+00
    4.198082E-02    3.345293E+00    1.544307E+01    1.550525E+01    1.235485E+01    9.334299E+00
    4.243215E-02    3.380888E+00    1.560724E+01    1.567010E+01    1.248624E+01    9.433557E+00
    4.288799E-02    3.416842E+00    1.577307E+01    1.583662E+01    1.261894E+01    9.533815E+00
    4.334835E-02    3.453156E+00    1.594057E+01    1.600480E+01    1.275298E+01    9.635080E+00
    4.381326E-02    3.489833E+00    1.610974E+01    1.617467E+01    1.288836E+01    9.737356E+00
    4.428274E-02    3.526874E+00    1.628059E+01    1.634623E+01    1.302508E+01    9.840648E+00
    4.475681E-02    3.564280E+00    1.645312E+01    1.651948E+01    1.316316E+01    9.944960E+00
    4.523549E-02    3.602053E+00    1.662736E+01    1.669442E+01    1.330258E+01    1.005030E+01
    4.571879E-02    3.640194E+00    1.680329E+01    1.687108E+01    1.344337E+01    1.015666E+01
    4.620672E-02    3.678703E+00    1.698092E+01    1.704945E+01    1.358552E+01    1.026405E+01
    4.669929E-02    3.717582E+00    1.716026E+01    1.722952E+01    1.372903E+01    1.037247E+01
    4.719651E-02    3.756830E+00    1.734131E+01    1.741132E+01    1.387391E+01    1.048193E+01
    4.769838E-02    3.796449E+00    1.752407E+01    1.759483E+01    1.402016E+01    1.059242E+01
    4.820490E-02    3.836437E+00    1.770854E+01    1.778006E+01    1.416777E+01    1.070394E+01
    4.871607E-02    3.876796E+00    1.789472E+01    1.796700E+01    1.431675E+01    1.081649E+01
    4.923188E-02    3.917523E+00    1.808260E+01    1.815565E+01    1.446710E+01    1.093008E+01
    4.975231E-02    3.958618E+00    1.827218E+01    1.834601E+01    1.461880E+01    1.104469E+01
    5.027736E-02    4.000079E+00    1.846346E+01    1.853807E+01    1.477186E+01    1.116032E+01
    5.080698E-02    4.041905E+00    1.865642E+01    1.873183E+01    1.492627E+01    1.127698E+01
    5.134116E-02    4.084094E+00    1.885105E+01    1.892726E+01    1.508201E+01    1.139464E+01
    5.187987E-02    4.126642E+00    1.904735E+01    1.912436E+01    1.523909E+01    1.151331E+01
    5.242305E-02    4.169546E+00    1.924529E+01    1.932311E+01    1.539748E+01    1.163297E+01
    5.297067E-02    4.212803E+00    1.944486E+01    1.952350E+01    1.555718E+01    1.175362E+01
    5.352267E-02    4.256408E+00    1.964604E+01    1.972551E+01    1.571816E+01    1.187524E+01
    5.407899E-02    4.300356E+00    1.984881E+01    1.992911E+01    1.588041E+01    1.199782E+01
    5.463954E-02    4.344642E+00    2.005313E+01    2.013427E+01    1.604391E+01    1.212135E+01
    5.520426E-02    4.389258E+00    2.025899E+01    2.034097E+01    1.620863E+01    1.224579E+01
    5.577306E-02    4.434199E+00    2.046634E+01    2.054917E+01    1.637455E+01    1.237114E+01
    5.634582E-02    4.479455E+00    2.067515E+01    2.075883E+01    1.654163E+01    1.249738E+01
    5.692244E-02    4.525018E+00    2.088538E+01    2.096992E+01    1.670985E+01    1.262446E+01
    5.750279E-02    4.570878E+00    2.109698E+01    2.118239E+01    1.687917E+01    1.275238E+01
    5.808674E-02    4.617024E+00    2.130990E+01    2.139618E+01    1.704954E+01    1.288110E+01
    5.867413E-02    4.663444E+00    2.152409E+01    2.161125E+01    1.722093E+01    1.301058E+01
    5.926481E-02    4.710126E+00    2.173949E+01    2.182752E+01    1.739328E+01    1.314079E+01
    5.985858E-02    4.757054E+00    2.195602E+01    2.204494E+01    1.756655E+01    1.327169E+01
    6.045526E-02    4.804213E+00    2.217362E+01    2.226343E+01    1.774067E+01    1.340324E+01
    6.105463E-02    4.851586E+00    2.239222E+01    2.248292E+01    1.791557E+01    1.353538E+01
    6.165645E-02    4.899156E+00    2.261171E+01    2.270331E+01    1.809121E+01    1.366807E+01
    6.226049E-02    4.946901E+00    2.283202E+01    2.292452E+01    1.826749E+01    1.380126E+01
    6.286646E-02    4.994801E+00    2.305305E+01    2.314645E+01    1.844435E+01    1.393487E+01
    6.347408E-02    5.042832E+00    2.327468E+01    2.336899E+01    1.862169E+01    1.406885E+01
    6.408302E-02    5.090970E+00    2.349680E+01    2.359202E+01    1.879942E+01    1.420313E+01
    6.469297E-02    5.139188E+00    2.371930E+01    2.381542E+01    1.897745E+01    1.433763E+01
    6.530354E-02    5.187456E+00    2.394203E+01    2.403906E+01    1.915566E+01    1.447227E+01
    6.591437E-02    5.235746E+00    2.416485E+01    2.426279E+01    1.933396E+01    1.460697E+01
    6.652503E-02    5.284023E+00    2.438762E+01    2.448647E+01    1.951221E+01    1.474164E+01
    6.713509E-02    5.332254E+00    2.461017E+01    2.470994E+01    1.969029E+01    1.487618E+01
    6.774408E-02    5.380400E+00    2.483234E+01    2.493301E+01    1.986805E+01    1.501048E+01
    6.835151E-02    5.428423E+00    2.505394E+01    2.515551E+01    2.004537E+01    1.514444E+01
    6.895685E-02    5.476282E+00    2.527478E+01    2.537725E+01    2.022207E+01    1.527794E+01
    6.955955E-02    5.523932E+00    2.549466E+01    2.559803E+01    2.039800E+01    1.541086E+01
    7.015902E-02    5.571326E+00    2.571336E+01    2.581762E+01    2.057300E+01    1.554306E+01
    7.075465E-02    5.618417E+00    2.593066E+01    2.603581E+01    2.074687E+01    1.567442E+01
    7.134579E-02    5.665152E+00    2.614632E+01    2.625235E+01    2.091943E+01    1.580479E+01
    7.193176E-02    5.711479E+00    2.636009E+01    2.646699E+01    2.109048E+01    1.593402E+01
    7.251186E-02    5.757340E+00    2.657172E+01    2.667948E+01    2.125981E+01    1.606195E+01
    7.308534E-02    5.802678E+00    2.678093E+01    2.688955E+01    2.142721E+01    1.618842E+01
    7.365144E-02    5.847430E+00    2.698744E+01    2.709690E+01    2.159245E+01    1.631326E+01
    7.420935E-02    5.891535E+00    2.719097E+01    2.730126E+01    2.175530E+01    1.643629E+01
    7.475826E-02    5.934926E+00    2.739120E+01    2.750230E+01    2.191551E+01    1.655733E+01
    7.529731E-02    5.977537E+00    2.758782E+01    2.769973E+01    2.207284E+01    1.667620E+01
    7.582563E-02    6.019296E+00    2.778053E+01    2.789322E+01    2.222703E+01    1.679269E+01
    7.634230E-02    6.060133E+00    2.796897E+01    2.808244E+01    2.237781E+01    1.690660E+01
    7.684642E-02    6.099976E+00    2.815283E+01    2.826704E+01    2.252492E+01    1.701775E+01
    7.733704E-02    6.138749E+00    2.833175E+01    2.844669E+01    2.266809E+01    1.712591E+01
    7.781322E-02    6.176378E+00    2.850539E+01    2.862104E+01    2.280703E+01    1.723087E+01
    7.827399E-02    6.212786E+00    2.867340E+01    2.878973E+01    2.294145E+01    1.733244E+01
    7.871838E-02    6.247895E+00    2.883542E+01    2.895241E+01    2.307109E+01    1.743038E+01
    7.914541E-02    6.281630E+00    2.899109E+01    2.910872E+01    2.319565E+01    1.752448E+01
    7.955412E-02    6.313912E+00    2.914005E+01    2.925829E+01    2.331485E+01    1.761453E+01
    7.994353E-02    6.344666E+00    2.928197E+01    2.940078E+01    2.342840E+01    1.770032E+01
    8.031270E-02    6.373814E+00    2.941647E+01    2.953584E+01    2.353602E+01    1.778163E+01
    8.066067E-02    6.401284E+00    2.954323E+01    2.966311E+01    2.363745E+01    1.785826E+01
    8.098653E-02    6.427000E+00    2.966190E+01    2.978227E+01    2.373240E+01    1.793000E+01
    8.128938E-02    6.450894E+00    2.977215E+01    2.989297E+01    2.382062E+01    1.799665E+01
    8.156836E-02    6.472895E+00    2.987368E+01    2.999491E+01    2.390186E+01    1.805802E+01
    8.182263E-02    6.492939E+00    2.996617E+01    3.008778E+01    2.397586E+01    1.811393E+01
    8.205142E-02    6.510963E+00    3.004933E+01    3.017129E+01    2.404241E+01    1.816421E+01
    8.225397E-02    6.526908E+00    3.012291E+01    3.024516E+01    2.410128E+01    1.820868E+01
    8.242959E-02    6.540719E+00    3.018663E+01    3.030915E+01    2.415227E+01    1.824721E+01
    8.257766E-02    6.552346E+00    3.024028E+01    3.036301E+01    2.419520E+01    1.827964E+01
    8.269758E-02    6.561743E+00    3.028363E+01    3.040654E+01    2.422989E+01    1.830585E+01
    8.278886E-02    6.568869E+00    3.031651E+01    3.043956E+01    2.425620E+01    1.832573E+01
    8.285103E-02    6.573689E+00    3.033874E+01    3.046188E+01    2.427400E+01    1.833917E+01
    8.288372E-02    6.576173E+00    3.035019E+01    3.047338E+01    2.428316E+01    1.834609E+01
    8.288662E-02    6.576296E+00    3.035075E+01    3.047394E+01    2.428361E+01    1.834643E+01
    8.285950E-02    6.574040E+00    3.034033E+01    3.046348E+01    2.427528E+01    1.834014E+01
    8.280219E-02    6.569392E+00    3.031887E+01    3.044193E+01    2.425811E+01    1.832716E+01
    8.271462E-02    6.562346E+00    3.028633E+01    3.040927E+01    2.423209E+01    1.830750E+01
    8.259676E-02    6.552900E+00    3.024273E+01    3.036549E+01    2.419720E+01    1.828115E+01
    8.244869E-02    6.541060E+00    3.018808E+01    3.031061E+01    2.415348E+01    1.824811E+01
    8.227054E-02    6.526836E+00    3.012242E+01    3.024470E+01    2.410095E+01    1.820843E+01
    8.206253E-02    6.510246E+00    3.004585E+01    3.016782E+01    2.403969E+01    1.816214E+01
    8.182494E-02    6.491313E+00    2.995846E+01    3.008007E+01    2.396977E+01    1.810932E+01
    8.155812E-02    6.470063E+00    2.986038E+01    2.998159E+01    2.389130E+01    1.805003E+01
