   5.488124E-008   4.590067E-006   4.714243E-005   1.344867E-004   3.494882E-004   5.488124E-004
   5.694235E-008   4.762451E-006   4.891290E-005   1.395375E-004   3.626135E-004   5.694235E-004
   5.908086E-008   4.941309E-006   5.074987E-005   1.447780E-004   3.762317E-004   5.908086E-004
   6.129969E-008   5.126883E-006   5.265581E-005   1.502152E-004   3.903614E-004   6.129969E-004
   6.360184E-008   5.319427E-006   5.463334E-005   1.558566E-004   4.050217E-004   6.360184E-004
   6.599045E-008   5.519201E-006   5.668513E-005   1.617099E-004   4.202325E-004   6.599045E-004
   6.846876E-008   5.726478E-006   5.881397E-005   1.677830E-004   4.360146E-004   6.846876E-004
   7.104014E-008   5.941539E-006   6.102276E-005   1.740842E-004   4.523893E-004   7.104014E-004
   7.370809E-008   6.164676E-006   6.331450E-005   1.806220E-004   4.693790E-004   7.370808E-004
   7.647623E-008   6.396193E-006   6.569231E-005   1.874054E-004   4.870068E-004   7.647622E-004
   7.934832E-008   6.636405E-006   6.815941E-005   1.944435E-004   5.052965E-004   7.934831E-004
   8.232828E-008   6.885638E-006   7.071916E-005   2.017459E-004   5.242731E-004   8.232826E-004
   8.542014E-008   7.144230E-006   7.337504E-005   2.093225E-004   5.439623E-004   8.542013E-004
   8.862812E-008   7.412533E-006   7.613066E-005   2.171836E-004   5.643910E-004   8.862810E-004
   9.195657E-008   7.690913E-006   7.898976E-005   2.253400E-004   5.855868E-004   9.195655E-004
   9.541001E-008   7.979746E-006   8.195624E-005   2.338027E-004   6.075786E-004   9.540999E-004
   9.899315E-008   8.279427E-006   8.503412E-005   2.425832E-004   6.303963E-004   9.899312E-004
   1.027108E-007   8.590362E-006   8.822758E-005   2.516934E-004   6.540709E-004   1.027108E-003
   1.065682E-007   8.912974E-006   9.154098E-005   2.611458E-004   6.786346E-004   1.065681E-003
   1.105703E-007   9.247701E-006   9.497880E-005   2.709532E-004   7.041207E-004   1.105703E-003
   1.147228E-007   9.594998E-006   9.854573E-005   2.811288E-004   7.305639E-004   1.147228E-003
   1.190312E-007   9.955338E-006   1.022466E-004   2.916866E-004   7.580002E-004   1.190312E-003
   1.235014E-007   1.032921E-005   1.060865E-004   3.026408E-004   7.864668E-004   1.235014E-003
   1.281395E-007   1.071712E-005   1.100705E-004   3.140065E-004   8.160025E-004   1.281394E-003
   1.329518E-007   1.111960E-005   1.142042E-004   3.257989E-004   8.466473E-004   1.329517E-003
   1.379447E-007   1.153720E-005   1.184931E-004   3.380342E-004   8.784429E-004   1.379446E-003
   1.431252E-007   1.197047E-005   1.229431E-004   3.507290E-004   9.114326E-004   1.431251E-003
   1.485002E-007   1.242002E-005   1.275602E-004   3.639005E-004   9.456611E-004   1.485001E-003
   1.540771E-007   1.288645E-005   1.323507E-004   3.775667E-004   9.811750E-004   1.540770E-003
   1.598634E-007   1.337039E-005   1.373210E-004   3.917460E-004   1.018023E-003   1.598632E-003
   1.658670E-007   1.387251E-005   1.424781E-004   4.064579E-004   1.056254E-003   1.658668E-003
   1.720960E-007   1.439349E-005   1.478288E-004   4.217222E-004   1.095921E-003   1.720958E-003
   1.785590E-007   1.493403E-005   1.533804E-004   4.375597E-004   1.137078E-003   1.785588E-003
   1.852647E-007   1.549486E-005   1.591405E-004   4.539920E-004   1.179780E-003   1.852644E-003
   1.922222E-007   1.607676E-005   1.651169E-004   4.710413E-004   1.224086E-003   1.922219E-003
   1.994409E-007   1.668051E-005   1.713177E-004   4.887309E-004   1.270055E-003   1.994406E-003
   2.069308E-007   1.730694E-005   1.777514E-004   5.070848E-004   1.317751E-003   2.069304E-003
   2.147019E-007   1.795688E-005   1.844267E-004   5.261279E-004   1.367238E-003   2.147015E-003
   2.227648E-007   1.863124E-005   1.913527E-004   5.458862E-004   1.418583E-003   2.227643E-003
   2.311305E-007   1.933091E-005   1.985387E-004   5.663863E-004   1.471856E-003   2.311300E-003
   2.398103E-007   2.005686E-005   2.059947E-004   5.876564E-004   1.527130E-003   2.398098E-003
   2.488161E-007   2.081008E-005   2.137305E-004   6.097251E-004   1.584480E-003   2.488155E-003
   2.581601E-007   2.159157E-005   2.217569E-004   6.326225E-004   1.643983E-003   2.581594E-003
   2.678550E-007   2.240242E-005   2.300847E-004   6.563798E-004   1.705720E-003   2.678542E-003
   2.779139E-007   2.324371E-005   2.387252E-004   6.810292E-004   1.769776E-003   2.779130E-003
   2.883505E-007   2.411659E-005   2.476902E-004   7.066042E-004   1.836237E-003   2.883496E-003
   2.991791E-007   2.502225E-005   2.569918E-004   7.331396E-004   1.905194E-003   2.991780E-003
   3.104142E-007   2.596192E-005   2.666427E-004   7.606714E-004   1.976740E-003   3.104130E-003
   3.220713E-007   2.693687E-005   2.766560E-004   7.892371E-004   2.050972E-003   3.220699E-003
   3.341660E-007   2.794843E-005   2.870452E-004   8.188754E-004   2.127993E-003   3.341645E-003
   3.467150E-007   2.899798E-005   2.978247E-004   8.496266E-004   2.207905E-003   3.467133E-003
   3.597351E-007   3.008694E-005   3.090088E-004   8.815325E-004   2.290818E-003   3.597333E-003
   3.732442E-007   3.121679E-005   3.206130E-004   9.146365E-004   2.376844E-003   3.732421E-003
   3.872605E-007   3.238906E-005   3.326528E-004   9.489835E-004   2.466100E-003   3.872582E-003
   4.018031E-007   3.360535E-005   3.451448E-004   9.846202E-004   2.558708E-003   4.018005E-003
   4.168918E-007   3.486731E-005   3.581058E-004   1.021595E-003   2.654793E-003   4.168889E-003
   4.325470E-007   3.617666E-005   3.715535E-004   1.059958E-003   2.754486E-003   4.325438E-003
   4.487901E-007   3.753517E-005   3.855061E-004   1.099762E-003   2.857922E-003   4.487865E-003
   4.656431E-007   3.894469E-005   3.999827E-004   1.141060E-003   2.965242E-003   4.656390E-003
   4.831288E-007   4.040714E-005   4.150028E-004   1.183909E-003   3.076592E-003   4.831243E-003
   5.012711E-007   4.192450E-005   4.305868E-004   1.228367E-003   3.192122E-003   5.012661E-003
   5.200947E-007   4.349883E-005   4.467560E-004   1.274494E-003   3.311990E-003   5.200890E-003
   5.396249E-007   4.513227E-005   4.635323E-004   1.322353E-003   3.436359E-003   5.396186E-003
   5.598885E-007   4.682704E-005   4.809385E-004   1.372009E-003   3.565397E-003   5.598815E-003
   5.809129E-007   4.858544E-005   4.989983E-004   1.423529E-003   3.699280E-003   5.809050E-003
   6.027267E-007   5.040987E-005   5.177361E-004   1.476983E-003   3.838190E-003   6.027179E-003
   6.253595E-007   5.230279E-005   5.371774E-004   1.532445E-003   3.982314E-003   6.253497E-003
   6.488420E-007   5.426679E-005   5.573487E-004   1.589989E-003   4.131850E-003   6.488311E-003
   6.732062E-007   5.630452E-005   5.782773E-004   1.649693E-003   4.287000E-003   6.731940E-003
   6.984851E-007   5.841876E-005   5.999916E-004   1.711639E-003   4.447975E-003   6.984715E-003
   7.247131E-007   6.061237E-005   6.225212E-004   1.775911E-003   4.614992E-003   7.246979E-003
   7.519258E-007   6.288834E-005   6.458966E-004   1.842596E-003   4.788281E-003   7.519088E-003
   7.801602E-007   6.524976E-005   6.701496E-004   1.911784E-003   4.968074E-003   7.801412E-003
   8.094545E-007   6.769983E-005   6.953131E-004   1.983569E-003   5.154617E-003   8.094333E-003
   8.398486E-007   7.024189E-005   7.214213E-004   2.058050E-003   5.348163E-003   8.398249E-003
   8.713838E-007   7.287937E-005   7.485097E-004   2.135326E-003   5.548974E-003   8.713573E-003
   9.041028E-007   7.561587E-005   7.766150E-004   2.215504E-003   5.757323E-003   9.040732E-003
   9.380501E-007   7.845510E-005   8.057754E-004   2.298692E-003   5.973494E-003   9.380171E-003
   9.732718E-007   8.140091E-005   8.360304E-004   2.385002E-003   6.197778E-003   9.732349E-003
   1.009816E-006   8.445731E-005   8.674212E-004   2.474552E-003   6.430481E-003   1.009774E-002
   1.047731E-006   8.762844E-005   8.999904E-004   2.567464E-003   6.671919E-003   1.047685E-002
   1.087070E-006   9.091861E-005   9.337821E-004   2.663864E-003   6.922419E-003   1.087019E-002
   1.127886E-006   9.433228E-005   9.688423E-004   2.763882E-003   7.182321E-003   1.127829E-002
   1.170234E-006   9.787409E-005   1.005219E-003   2.867654E-003   7.451977E-003   1.170170E-002
   1.214171E-006   1.015489E-004   1.042960E-003   2.975322E-003   7.731754E-003   1.214099E-002
   1.259758E-006   1.053615E-004   1.082119E-003   3.087030E-003   8.022031E-003   1.259678E-002
   1.307055E-006   1.093173E-004   1.122747E-003   3.202932E-003   8.323202E-003   1.306966E-002
   1.356128E-006   1.134216E-004   1.164900E-003   3.323184E-003   8.635674E-003   1.356028E-002
   1.407043E-006   1.176799E-004   1.208635E-003   3.447949E-003   8.959873E-003   1.406931E-002
   1.459868E-006   1.220981E-004   1.254011E-003   3.577396E-003   9.296237E-003   1.459744E-002
   1.514676E-006   1.266820E-004   1.301091E-003   3.711702E-003   9.645222E-003   1.514537E-002
   1.571541E-006   1.314380E-004   1.349937E-003   3.851047E-003   1.000730E-002   1.571386E-002
   1.630541E-006   1.363725E-004   1.400617E-003   3.995623E-003   1.038297E-002   1.630367E-002
   1.691754E-006   1.414922E-004   1.453198E-003   4.145623E-003   1.077273E-002   1.691560E-002
   1.755265E-006   1.468039E-004   1.507753E-003   4.301253E-003   1.117711E-002   1.755048E-002
   1.821158E-006   1.523151E-004   1.564355E-003   4.462722E-003   1.159666E-002   1.820917E-002
   1.889525E-006   1.580330E-004   1.623081E-003   4.630251E-003   1.203195E-002   1.889255E-002
   1.960457E-006   1.639655E-004   1.684011E-003   4.804065E-003   1.248357E-002   1.960155E-002
   2.034050E-006   1.701206E-004   1.747226E-003   4.984401E-003   1.295213E-002   2.033713E-002
   2.110405E-006   1.765066E-004   1.812814E-003   5.171503E-003   1.343826E-002   2.110029E-002
   2.189624E-006   1.831322E-004   1.880863E-003   5.365624E-003   1.394262E-002   2.189204E-002
   2.271816E-006   1.900064E-004   1.951464E-003   5.567028E-003   1.446590E-002   2.271347E-002
   2.357092E-006   1.971386E-004   2.024715E-003   5.775988E-003   1.500880E-002   2.356568E-002
   2.445566E-006   2.045383E-004   2.100713E-003   5.992786E-003   1.557205E-002   2.444981E-002
   2.537360E-006   2.122155E-004   2.179562E-003   6.217717E-003   1.615642E-002   2.536706E-002
   2.632597E-006   2.201808E-004   2.261369E-003   6.451084E-003   1.676270E-002   2.631867E-002
   2.731406E-006   2.284449E-004   2.346245E-003   6.693205E-003   1.739171E-002   2.730591E-002
   2.833922E-006   2.370189E-004   2.434305E-003   6.944406E-003   1.804429E-002   2.833011E-002
   2.940283E-006   2.459146E-004   2.525667E-003   7.205028E-003   1.872133E-002   2.939266E-002
   3.050633E-006   2.551438E-004   2.620456E-003   7.475424E-003   1.942374E-002   3.049497E-002
   3.165121E-006   2.647192E-004   2.718799E-003   7.755959E-003   2.015247E-002   3.163853E-002
   3.283904E-006   2.746537E-004   2.820831E-003   8.047014E-003   2.090850E-002   3.282487E-002
   3.407140E-006   2.849608E-004   2.926689E-003   8.348981E-003   2.169286E-002   3.405558E-002
   3.534998E-006   2.956543E-004   3.036516E-003   8.662270E-003   2.250659E-002   3.533230E-002
   3.667649E-006   3.067488E-004   3.150461E-003   8.987303E-003   2.335079E-002   3.665676E-002
   3.805275E-006   3.182593E-004   3.268679E-003   9.324520E-003   2.422660E-002   3.803070E-002
   3.948060E-006   3.302013E-004   3.391328E-003   9.674378E-003   2.513521E-002   3.945598E-002
   4.096198E-006   3.425911E-004   3.518575E-003   1.003735E-002   2.607782E-002   4.093448E-002
   4.249889E-006   3.554452E-004   3.650592E-003   1.041392E-002   2.705570E-002   4.246818E-002
   4.409340E-006   3.687812E-004   3.787557E-003   1.080461E-002   2.807018E-002   4.405911E-002
   4.574769E-006   3.826170E-004   3.929656E-003   1.120993E-002   2.912261E-002   4.570939E-002
   4.746397E-006   3.969714E-004   4.077080E-003   1.163044E-002   3.021439E-002   4.742120E-002
   4.924457E-006   4.118637E-004   4.230029E-003   1.206670E-002   3.134700E-002   4.919680E-002
   5.109189E-006   4.273140E-004   4.388708E-003   1.251931E-002   3.252195E-002   5.103854E-002
   5.300844E-006   4.433432E-004   4.553333E-003   1.298887E-002   3.374081E-002   5.294885E-002
   5.499678E-006   4.599730E-004   4.724126E-003   1.347601E-002   3.500521E-002   5.493024E-002
   5.705962E-006   4.772258E-004   4.901316E-003   1.398139E-002   3.631683E-002   5.698530E-002
   5.919972E-006   4.951249E-004   5.085144E-003   1.450570E-002   3.767743E-002   5.911673E-002
   6.141998E-006   5.136944E-004   5.275856E-003   1.504963E-002   3.908880E-002   6.132730E-002
   6.372340E-006   5.329593E-004   5.473710E-003   1.561393E-002   4.055284E-002   6.361990E-002
   6.611307E-006   5.529456E-004   5.678973E-003   1.619934E-002   4.207148E-002   6.599749E-002
   6.859223E-006   5.736804E-004   5.891921E-003   1.680666E-002   4.364674E-002   6.846314E-002
   7.116419E-006   5.951914E-004   6.112841E-003   1.743670E-002   4.528070E-002   7.102004E-002
   7.383245E-006   6.175076E-004   6.342030E-003   1.809031E-002   4.697552E-002   7.367147E-002
   7.660057E-006   6.406592E-004   6.579798E-003   1.876836E-002   4.873343E-002   7.642081E-002
   7.947230E-006   6.646773E-004   6.826463E-003   1.947177E-002   5.055674E-002   7.927155E-002
   8.245148E-006   6.895941E-004   7.082357E-003   2.020148E-002   5.244786E-002   8.222731E-002
   8.554214E-006   7.154432E-004   7.347825E-003   2.095846E-002   5.440926E-002   8.529181E-002
   8.874842E-006   7.422593E-004   7.623222E-003   2.174373E-002   5.644349E-002   8.846888E-002
   9.207463E-006   7.700785E-004   7.908920E-003   2.255834E-002   5.855323E-002   9.176248E-002
   9.552524E-006   7.989382E-004   8.205301E-003   2.340338E-002   6.074119E-002   9.517668E-002
   9.910488E-006   8.288770E-004   8.512762E-003   2.427997E-002   6.301023E-002   9.871566E-002
   1.028184E-005   8.599351E-004   8.831718E-003   2.518929E-002   6.536327E-002   1.023837E-001
   1.066707E-005   8.921543E-004   9.162593E-003   2.613255E-002   6.780334E-002   1.061854E-001
   1.106669E-005   9.255776E-004   9.505833E-003   2.711100E-002   7.033358E-002   1.101250E-001
   1.148125E-005   9.602499E-004   9.861896E-003   2.812596E-002   7.295720E-002   1.142075E-001
   1.191130E-005   9.962176E-004   1.023126E-002   2.917875E-002   7.567756E-002   1.184374E-001
   1.235741E-005   1.033529E-003   1.061442E-002   3.027080E-002   7.849808E-002   1.228198E-001
   1.282019E-005   1.072233E-003   1.101188E-002   3.140353E-002   8.142234E-002   1.273597E-001
   1.330024E-005   1.112383E-003   1.142418E-002   3.257845E-002   8.445398E-002   1.320621E-001
   1.379822E-005   1.154032E-003   1.185186E-002   3.379713E-002   8.759679E-002   1.369323E-001
   1.431477E-005   1.197235E-003   1.229550E-002   3.506115E-002   9.085466E-002   1.419756E-001
   1.485061E-005   1.242050E-003   1.275569E-002   3.637220E-002   9.423159E-002   1.471975E-001
   1.540643E-005   1.288537E-003   1.323304E-002   3.773200E-002   9.773170E-002   1.526034E-001
   1.598298E-005   1.336758E-003   1.372819E-002   3.914234E-002   1.013592E-001   1.581989E-001
   1.658103E-005   1.386776E-003   1.424178E-002   4.060506E-002   1.051186E-001   1.639896E-001
   1.720138E-005   1.438659E-003   1.477452E-002   4.212208E-002   1.090141E-001   1.699812E-001
   1.784483E-005   1.492476E-003   1.532709E-002   4.369539E-002   1.130505E-001   1.761794E-001
   1.851226E-005   1.548297E-003   1.590024E-002   4.532703E-002   1.172325E-001   1.825899E-001
   1.920455E-005   1.606197E-003   1.649472E-002   4.701913E-002   1.215648E-001   1.892184E-001
   1.992261E-005   1.666253E-003   1.711132E-002   4.877389E-002   1.260524E-001   1.960705E-001
   2.066740E-005   1.728544E-003   1.775085E-002   5.059358E-002   1.307003E-001   2.031518E-001
   2.143990E-005   1.793153E-003   1.841416E-002   5.248054E-002   1.355136E-001   2.104677E-001
   2.224113E-005   1.860165E-003   1.910212E-002   5.443720E-002   1.404976E-001   2.180237E-001
   2.307215E-005   1.929668E-003   1.981563E-002   5.646609E-002   1.456576E-001   2.258248E-001
   2.393406E-005   2.001755E-003   2.055564E-002   5.856978E-002   1.509990E-001   2.338759E-001
   2.482799E-005   2.076519E-003   2.132311E-002   6.075096E-002   1.565272E-001   2.421816E-001
   2.575512E-005   2.154060E-003   2.211905E-002   6.301241E-002   1.622478E-001   2.507462E-001
   2.671666E-005   2.234480E-003   2.294450E-002   6.535698E-002   1.681663E-001   2.595734E-001
   2.771389E-005   2.317884E-003   2.380054E-002   6.778763E-002   1.742884E-001   2.686666E-001
   2.874809E-005   2.404380E-003   2.468829E-002   7.030739E-002   1.806196E-001   2.780283E-001
   2.982064E-005   2.494084E-003   2.560890E-002   7.291942E-002   1.871654E-001   2.876607E-001
   3.093293E-005   2.587111E-003   2.656357E-002   7.562695E-002   1.939315E-001   2.975648E-001
   3.208642E-005   2.683584E-003   2.755353E-002   7.843333E-002   2.009234E-001   3.077409E-001
   3.328260E-005   2.783627E-003   2.858006E-002   8.134199E-002   2.081463E-001   3.181880E-001
   3.452304E-005   2.887372E-003   2.964450E-002   8.435649E-002   2.156055E-001   3.289041E-001
   3.580935E-005   2.994953E-003   3.074821E-002   8.748047E-002   2.233061E-001   3.398856E-001
   3.714319E-005   3.106509E-003   3.189261E-002   9.071768E-002   2.312529E-001   3.511274E-001
   3.852629E-005   3.222185E-003   3.307917E-002   9.407198E-002   2.394505E-001   3.626223E-001
   3.996044E-005   3.342131E-003   3.430941E-002   9.754733E-002   2.479030E-001   3.743614E-001
   4.144749E-005   3.466501E-003   3.558490E-002   1.011478E-001   2.566142E-001   3.863332E-001
   4.298936E-005   3.595455E-003   3.690725E-002   1.048776E-001   2.655874E-001   3.985237E-001
   4.458803E-005   3.729160E-003   3.827815E-002   1.087409E-001   2.748253E-001   4.109159E-001
   4.624554E-005   3.867785E-003   3.969933E-002   1.127423E-001   2.843300E-001   4.234894E-001
   4.796402E-005   4.011510E-003   4.117258E-002   1.168860E-001   2.941027E-001   4.362202E-001
   4.974566E-005   4.160517E-003   4.269975E-002   1.211768E-001   3.041438E-001   4.490802E-001
   5.159273E-005   4.314996E-003   4.428275E-002   1.256192E-001   3.144527E-001   4.620367E-001
   5.350758E-005   4.475144E-003   4.592355E-002   1.302181E-001   3.250274E-001   4.750518E-001
   5.549264E-005   4.641163E-003   4.762420E-002   1.349783E-001   3.358649E-001   4.880820E-001
   5.755042E-005   4.813263E-003   4.938680E-002   1.399048E-001   3.469603E-001   5.010776E-001
   5.968350E-005   4.991661E-003   5.121350E-002   1.450024E-001   3.583073E-001   5.139819E-001
   6.189458E-005   5.176582E-003   5.310656E-002   1.502763E-001   3.698974E-001   5.267305E-001
   6.418642E-005   5.368257E-003   5.506829E-002   1.557316E-001   3.817200E-001   5.392510E-001
   6.656190E-005   5.566926E-003   5.710105E-002   1.613734E-001   3.937620E-001   5.514613E-001
   6.902396E-005   5.772836E-003   5.920730E-002   1.672069E-001   4.060076E-001   5.632697E-001
   7.157568E-005   5.986244E-003   6.138958E-002   1.732372E-001   4.184379E-001   5.745733E-001
   7.422021E-005   6.207412E-003   6.365047E-002   1.794695E-001   4.310304E-001   5.852573E-001
   7.696081E-005   6.436615E-003   6.599267E-002   1.859090E-001   4.437589E-001   5.951941E-001
   7.980085E-005   6.674134E-003   6.841891E-002   1.925606E-001   4.565928E-001   6.042419E-001
   8.274381E-005   6.920259E-003   7.093205E-002   1.994294E-001   4.694969E-001   6.122440E-001
   8.579330E-005   7.175291E-003   7.353499E-002   2.065202E-001   4.824306E-001   6.190275E-001
   8.895300E-005   7.439540E-003   7.623072E-002   2.138377E-001   4.953475E-001   6.244023E-001
   9.222675E-005   7.713325E-003   7.902232E-002   2.213864E-001   5.081950E-001   6.281599E-001
   9.561849E-005   7.996977E-003   8.191294E-002   2.291706E-001   5.209133E-001   6.300724E-001
   9.913230E-005   8.290836E-003   8.490582E-002   2.371943E-001   5.334349E-001   6.298917E-001
   1.027724E-004   8.595252E-003   8.800426E-002   2.454610E-001   5.456838E-001   6.273486E-001
   1.065430E-004   8.910588E-003   9.121167E-002   2.539741E-001   5.575749E-001   6.221518E-001
   1.104488E-004   9.237216E-003   9.453151E-002   2.627363E-001   5.690129E-001   6.139880E-001
   1.144941E-004   9.575520E-003   9.796735E-002   2.717496E-001   5.798918E-001   6.025214E-001
   1.186839E-004   9.925897E-003   1.015228E-001   2.810158E-001   5.900937E-001   5.873941E-001
   1.230230E-004   1.028875E-002   1.052016E-001   2.905357E-001   5.994878E-001   5.682263E-001
   1.275163E-004   1.066451E-002   1.090074E-001   3.003091E-001   6.079298E-001   5.446185E-001
   1.321691E-004   1.105360E-002   1.129442E-001   3.103351E-001   6.152606E-001   5.161526E-001
   1.369868E-004   1.145647E-002   1.170158E-001   3.206118E-001   6.213058E-001   4.823949E-001
   1.419747E-004   1.187358E-002   1.212262E-001   3.311357E-001   6.258739E-001   4.429006E-001
   1.471386E-004   1.230539E-002   1.255794E-001   3.419023E-001   6.287563E-001   3.972179E-001
   1.524842E-004   1.275239E-002   1.300794E-001   3.529053E-001   6.297261E-001   3.448950E-001
   1.580175E-004   1.321508E-002   1.347305E-001   3.641369E-001   6.285373E-001   2.854882E-001
   1.637447E-004   1.369398E-002   1.395367E-001   3.755871E-001   6.249241E-001   2.185715E-001
   1.696720E-004   1.418960E-002   1.445021E-001   3.872439E-001   6.186011E-001   1.437487E-001
   1.758059E-004   1.470248E-002   1.496311E-001   3.990930E-001   6.092624E-001   6.066800E-002
   1.821530E-004   1.523319E-002   1.549277E-001   4.111173E-001   5.965825E-001  -3.096152E-002
   1.887202E-004   1.578229E-002   1.603961E-001   4.232969E-001   5.802164E-001  -1.313500E-001
   1.955145E-004   1.635036E-002   1.660404E-001   4.356084E-001   5.598007E-001  -2.406041E-001
   2.025430E-004   1.693800E-002   1.718648E-001   4.480251E-001   5.349557E-001  -3.587016E-001
   2.098131E-004   1.754583E-002   1.778734E-001   4.605164E-001   5.052872E-001  -4.854623E-001
   2.173324E-004   1.817447E-002   1.840700E-001   4.730472E-001   4.703903E-001  -6.205165E-001
   2.251085E-004   1.882457E-002   1.904585E-001   4.855778E-001   4.298531E-001  -7.632704E-001
   2.331495E-004   1.949678E-002   1.970426E-001   4.980634E-001   3.832623E-001  -9.128694E-001
   2.414633E-004   2.019179E-002   2.038260E-001   5.104535E-001   3.302099E-001  -1.068160E+000
   2.500584E-004   2.091028E-002   2.108120E-001   5.226917E-001   2.703014E-001  -1.227651E+000
   2.589431E-004   2.165296E-002   2.180038E-001   5.347149E-001   2.031655E-001  -1.389477E+000
   2.681261E-004   2.242054E-002   2.254043E-001   5.464529E-001   1.284658E-001  -1.551362E+000
   2.776164E-004   2.321377E-002   2.330161E-001   5.578279E-001   4.591486E-002  -1.710594E+000
   2.874229E-004   2.403339E-002   2.408415E-001   5.687537E-001  -4.471024E-002  -1.864001E+000
   2.975548E-004   2.488017E-002   2.488825E-001   5.791356E-001  -1.435492E-001  -2.007950E+000
   3.080217E-004   2.575490E-002   2.571403E-001   5.888693E-001  -2.506381E-001  -2.138349E+000
   3.188331E-004   2.665837E-002   2.656162E-001   5.978405E-001  -3.658859E-001  -2.250685E+000
   3.299988E-004   2.759139E-002   2.743103E-001   6.059245E-001  -4.890490E-001  -2.340080E+000
   3.415288E-004   2.855479E-002   2.832226E-001   6.129853E-001  -6.197037E-001  -2.401388E+000
   3.534332E-004   2.954941E-002   2.923522E-001   6.188755E-001  -7.572164E-001  -2.429322E+000
   3.657225E-004   3.057611E-002   3.016974E-001   6.234355E-001  -9.007126E-001  -2.418638E+000
   3.784070E-004   3.163575E-002   3.112556E-001   6.264932E-001  -1.049046E+000  -2.364357E+000
   3.914975E-004   3.272921E-002   3.210235E-001   6.278636E-001  -1.200767E+000  -2.262050E+000
   4.050049E-004   3.385739E-002   3.309966E-001   6.273490E-001  -1.354094E+000  -2.108164E+000
   4.189402E-004   3.502120E-002   3.411692E-001   6.247383E-001  -1.506889E+000  -1.900404E+000
   4.333146E-004   3.622155E-002   3.515346E-001   6.198077E-001  -1.656637E+000  -1.638151E+000
   4.481393E-004   3.745939E-002   3.620845E-001   6.123207E-001  -1.800434E+000  -1.322899E+000
   4.634260E-004   3.873564E-002   3.728093E-001   6.020289E-001  -1.934991E+000  -9.586897E-001
   4.791862E-004   4.005126E-002   3.836977E-001   5.886725E-001  -2.056645E+000  -5.525142E-001
   4.954318E-004   4.140723E-002   3.947366E-001   5.719824E-001  -2.161396E+000  -1.146256E-001
   5.121746E-004   4.280449E-002   4.059113E-001   5.516806E-001  -2.244964E+000   3.412780E-001
   5.294267E-004   4.424405E-002   4.172048E-001   5.274837E-001  -2.302871E+000   7.980698E-001
   5.472002E-004   4.572688E-002   4.285979E-001   4.991045E-001  -2.330558E+000   1.235474E+000
   5.655076E-004   4.725398E-002   4.400693E-001   4.662556E-001  -2.323535E+000   1.630679E+000
   5.843610E-004   4.882636E-002   4.515950E-001   4.286536E-001  -2.277568E+000   1.959328E+000
   6.037731E-004   5.044501E-002   4.631484E-001   3.860234E-001  -2.188901E+000   2.196947E+000
   6.237563E-004   5.211095E-002   4.746999E-001   3.381037E-001  -2.054523E+000   2.320791E+000
   6.443235E-004   5.382519E-002   4.862170E-001   2.846537E-001  -1.872462E+000   2.312066E+000
   6.654873E-004   5.558875E-002   4.976639E-001   2.254597E-001  -1.642103E+000   2.158432E+000
   6.872605E-004   5.740265E-002   5.090016E-001   1.603440E-001  -1.364522E+000   1.856577E+000
   7.096560E-004   5.926791E-002   5.201871E-001   8.917365E-002  -1.042815E+000   1.414591E+000
   7.326868E-004   6.118554E-002   5.311742E-001   1.187087E-002  -6.823909E-001   8.537934E-001
   7.563658E-004   6.315657E-002   5.419122E-001  -7.157583E-002  -2.912140E-001   2.095750E-001
   7.807060E-004   6.518201E-002   5.523467E-001  -1.610995E-001   1.200575E-001  -4.691768E-001
   8.057205E-004   6.726286E-002   5.624190E-001  -2.565418E-001   5.380637E-001  -1.122483E+000
   8.314223E-004   6.940015E-002   5.720659E-001  -3.576394E-001   9.469171E-001  -1.683778E+000
   8.578246E-004   7.159486E-002   5.812198E-001  -4.640100E-001   1.328597E+000  -2.086561E+000
   8.849403E-004   7.384799E-002   5.898085E-001  -5.751379E-001   1.663602E+000  -2.272869E+000
   9.127825E-004   7.616054E-002   5.977551E-001  -6.903600E-001   1.931886E+000  -2.202838E+000
   9.413644E-004   7.853347E-002   6.049781E-001  -8.088524E-001   2.114084E+000  -1.864088E+000
   9.706990E-004   8.096776E-002   6.113913E-001  -9.296183E-001   2.192997E+000  -1.279252E+000
   1.000799E-003   8.346436E-002   6.169039E-001  -1.051477E+000   2.155298E+000  -5.096670E-001
   1.031678E-003   8.602423E-002   6.214205E-001  -1.173058E+000   1.993332E+000   3.467086E-001
   1.063349E-003   8.864829E-002   6.248415E-001  -1.292794E+000   1.706886E+000   1.164604E+000
   1.095824E-003   9.133746E-002   6.270630E-001  -1.408922E+000   1.304712E+000   1.808351E+000
   1.129117E-003   9.409265E-002   6.279775E-001  -1.519491E+000   8.055811E-001   2.155188E+000
   1.163240E-003   9.691474E-002   6.274738E-001  -1.622372E+000   2.386070E-001   2.121758E+000
   1.198207E-003   9.980462E-002   6.254379E-001  -1.715276E+000  -3.574299E-001   1.688616E+000
   1.234029E-003   1.027631E-001   6.217534E-001  -1.795789E+000  -9.359551E-001   9.162285E-001
   1.270720E-003   1.057911E-001   6.163022E-001  -1.861405E+000  -1.445804E+000  -5.414239E-002
   1.308292E-003   1.088894E-001   6.089652E-001  -1.909577E+000  -1.835734E+000  -1.019394E+000
   1.346757E-003   1.120587E-001   5.996234E-001  -1.937778E+000  -2.060019E+000  -1.753996E+000
   1.386130E-003   1.153000E-001   5.881586E-001  -1.943575E+000  -2.084686E+000  -2.064542E+000
   1.426421E-003   1.186138E-001   5.744552E-001  -1.924711E+000  -1.893676E+000  -1.847522E+000
   1.467643E-003   1.220011E-001   5.584007E-001  -1.879200E+000  -1.494000E+000  -1.133369E+000
   1.509809E-003   1.254624E-001   5.398879E-001  -1.805435E+000  -9.188377E-001  -9.879210E-002
   1.552931E-003   1.289985E-001   5.188159E-001  -1.702296E+000  -2.275095E-001   9.652577E-001
   1.597021E-003   1.326100E-001   4.950925E-001  -1.569267E+000   4.985175E-001   1.730555E+000
   1.642091E-003   1.362977E-001   4.686353E-001  -1.406556E+000   1.163981E+000   1.937143E+000
   1.688154E-003   1.400621E-001   4.393745E-001  -1.215198E+000   1.672214E+000   1.494783E+000
   1.735222E-003   1.439038E-001   4.072544E-001  -9.971639E-001   1.940374E+000   5.394182E-001
   1.783306E-003   1.478234E-001   3.722360E-001  -7.554316E-001   1.915360E+000  -5.892641E-001
   1.832420E-003   1.518215E-001   3.342994E-001  -4.940458E-001   1.587497E+000  -1.458104E+000
   1.882574E-003   1.558986E-001   2.934461E-001  -2.181333E-001   9.986354E-001  -1.709833E+000
   1.933782E-003   1.600552E-001   2.497015E-001   6.612258E-002   2.416256E-001  -1.226862E+000
   1.986054E-003   1.642919E-001   2.031174E-001   3.515614E-001  -5.507826E-001  -2.103275E-001
   2.039404E-003   1.686091E-001   1.537748E-001   6.301839E-001  -1.227598E+000   8.820164E-001
   2.093842E-003   1.730071E-001   1.017870E-001   8.933558E-001  -1.649156E+000   1.534954E+000
   2.149378E-003   1.774862E-001   4.730508E-002   1.132080E+000  -1.719224E+000   1.431997E+000
   2.158165E-003   1.781966E-001   3.937854E-002   1.153251E+000  -1.731151E+000   1.323043E+000
   2.165646E-003   1.787993E-001   3.194347E-002   1.181931E+000  -1.707138E+000   1.240925E+000
   2.173137E-003   1.794027E-001   2.447089E-002   1.209924E+000  -1.675452E+000   1.145631E+000
   2.180647E-003   1.800074E-001   1.695950E-002   1.237232E+000  -1.636910E+000   1.039147E+000
   2.188176E-003   1.806135E-001   9.410006E-003   1.263855E+000  -1.591866E+000   9.229812E-001
   2.195725E-003   1.812210E-001   1.823132E-003   1.289781E+000  -1.540562E+000   7.984660E-001
   2.203293E-003   1.818301E-001  -5.800475E-003   1.314994E+000  -1.483213E+000   6.669170E-001
   2.210882E-003   1.824405E-001  -1.346020E-002   1.339473E+000  -1.420042E+000   5.296890E-001
   2.218490E-003   1.830525E-001  -2.115540E-002   1.363201E+000  -1.351293E+000   3.881866E-001
   2.226119E-003   1.836659E-001  -2.888526E-002   1.386157E+000  -1.277232E+000   2.438604E-001
   2.233767E-003   1.842807E-001  -3.664859E-002   1.408322E+000  -1.198150E+000   9.819705E-002
   2.241436E-003   1.848971E-001  -4.444458E-002   1.429677E+000  -1.114360E+000  -4.730097E-002
   2.249124E-003   1.855149E-001  -5.227246E-002   1.450204E+000  -1.026200E+000  -1.911278E-001
   2.256833E-003   1.861341E-001  -6.013141E-002   1.469884E+000  -9.340272E-001  -3.317895E-001
   2.264562E-003   1.867549E-001  -6.802027E-002   1.488700E+000  -8.382214E-001  -4.678174E-001
   2.272310E-003   1.873770E-001  -7.593769E-002   1.506633E+000  -7.391830E-001  -5.977864E-001
   2.280079E-003   1.880007E-001  -8.388269E-002   1.523666E+000  -6.373287E-001  -7.203340E-001
   2.287868E-003   1.886258E-001  -9.185421E-002   1.539782E+000  -5.330910E-001  -8.341730E-001
   2.295678E-003   1.892524E-001  -9.985117E-002   1.554964E+000  -4.269172E-001  -9.381068E-001
   2.303507E-003   1.898805E-001  -1.078728E-001   1.569198E+000  -3.192661E-001  -1.031045E+000
   2.311356E-003   1.905100E-001  -1.159181E-001   1.582468E+000  -2.106077E-001  -1.112014E+000
   2.319226E-003   1.911410E-001  -1.239858E-001   1.594758E+000  -1.014223E-001  -1.180171E+000
   2.327116E-003   1.917735E-001  -1.320747E-001   1.606055E+000   7.802724E-003  -1.234812E+000
   2.335026E-003   1.924074E-001  -1.401836E-001   1.616344E+000   1.165759E-001  -1.275385E+000
   2.342956E-003   1.930428E-001  -1.483113E-001   1.625612E+000   2.244051E-001  -1.301500E+000
   2.350906E-003   1.936796E-001  -1.564567E-001   1.633847E+000   3.307966E-001  -1.312929E+000
   2.358876E-003   1.943179E-001  -1.646182E-001   1.641037E+000   4.352583E-001  -1.309613E+000
   2.366867E-003   1.949577E-001  -1.727941E-001   1.647169E+000   5.373025E-001  -1.291666E+000
   2.374877E-003   1.955990E-001  -1.809831E-001   1.652235E+000   6.364508E-001  -1.259374E+000
   2.382908E-003   1.962416E-001  -1.891844E-001   1.656224E+000   7.322375E-001  -1.213193E+000
   2.390959E-003   1.968858E-001  -1.973964E-001   1.659126E+000   8.242052E-001  -1.153745E+000
   2.399030E-003   1.975314E-001  -2.056172E-001   1.660933E+000   9.119112E-001  -1.081814E+000
   2.407121E-003   1.981785E-001  -2.138448E-001   1.661639E+000   9.949300E-001  -9.983361E-001
   2.415232E-003   1.988270E-001  -2.220780E-001   1.661236E+000   1.072859E+000  -9.043886E-001
   2.423363E-003   1.994770E-001  -2.303154E-001   1.659718E+000   1.145319E+000  -8.011750E-001
   2.431514E-003   2.001284E-001  -2.385552E-001   1.657080E+000   1.211952E+000  -6.900181E-001
   2.439686E-003   2.007813E-001  -2.467949E-001   1.653319E+000   1.272428E+000  -5.723412E-001
   2.447877E-003   2.014356E-001  -2.550324E-001   1.648432E+000   1.326447E+000  -4.496491E-001
   2.456088E-003   2.020914E-001  -2.632662E-001   1.642417E+000   1.373741E+000  -3.235027E-001
   2.464319E-003   2.027486E-001  -2.714946E-001   1.635272E+000   1.414078E+000  -1.955063E-001
   2.472571E-003   2.034073E-001  -2.797151E-001   1.626999E+000   1.447258E+000  -6.728887E-002
   2.480842E-003   2.040674E-001  -2.879251E-001   1.617597E+000   1.473120E+000   5.952091E-002
   2.489132E-003   2.047289E-001  -2.961217E-001   1.607071E+000   1.491541E+000   1.833192E-001
   2.497443E-003   2.053919E-001  -3.043035E-001   1.595423E+000   1.502439E+000   3.025545E-001
   2.505773E-003   2.060563E-001  -3.124679E-001   1.582658E+000   1.505776E+000   4.157397E-001
   2.514124E-003   2.067222E-001  -3.206120E-001   1.568783E+000   1.501552E+000   5.214750E-001
   2.522493E-003   2.073895E-001  -3.287324E-001   1.553806E+000   1.489813E+000   6.184706E-001
   2.530883E-003   2.080582E-001  -3.368262E-001   1.537734E+000   1.470649E+000   7.055683E-001
   2.539292E-003   2.087284E-001  -3.448909E-001   1.520580E+000   1.444193E+000   7.817599E-001
   2.547721E-003   2.093999E-001  -3.529233E-001   1.502353E+000   1.410620E+000   8.461969E-001
   2.556169E-003   2.100730E-001  -3.609200E-001   1.483067E+000   1.370152E+000   8.982062E-001
   2.564636E-003   2.107474E-001  -3.688768E-001   1.462738E+000   1.323051E+000   9.373018E-001
   2.573123E-003   2.114233E-001  -3.767904E-001   1.441382E+000   1.269624E+000   9.631934E-001
   2.581629E-003   2.121006E-001  -3.846571E-001   1.419017E+000   1.210214E+000   9.757900E-001
   2.590154E-003   2.127793E-001  -3.924731E-001   1.395663E+000   1.145205E+000   9.752010E-001
   2.598698E-003   2.134594E-001  -4.002338E-001   1.371340E+000   1.075017E+000   9.617348E-001
   2.607261E-003   2.141409E-001  -4.079348E-001   1.346073E+000   1.000106E+000   9.358941E-001
   2.615843E-003   2.148239E-001  -4.155716E-001   1.319887E+000   9.209578E-001   8.983666E-001
   2.624444E-003   2.155083E-001  -4.231393E-001   1.292807E+000   8.380873E-001   8.500131E-001
   2.633064E-003   2.161941E-001  -4.306330E-001   1.264864E+000   7.520343E-001   7.918518E-001
   2.641702E-003   2.168813E-001  -4.380476E-001   1.236088E+000   6.633598E-001   7.250402E-001
   2.650359E-003   2.175699E-001  -4.453778E-001   1.206510E+000   5.726423E-001   6.508542E-001
   2.659034E-003   2.182600E-001  -4.526175E-001   1.176167E+000   4.804760E-001   5.706663E-001
   2.667728E-003   2.189515E-001  -4.597606E-001   1.145096E+000   3.874629E-001   4.859180E-001
   2.676439E-003   2.196443E-001  -4.668012E-001   1.113333E+000   2.942073E-001   3.980915E-001
   2.685169E-003   2.203386E-001  -4.737335E-001   1.080920E+000   2.013112E-001   3.086819E-001
   2.693916E-003   2.210344E-001  -4.805510E-001   1.047898E+000   1.093724E-001   2.191725E-001
   2.702681E-003   2.217315E-001  -4.872459E-001   1.014315E+000   1.898348E-002   1.310097E-001
   2.711464E-003   2.224301E-001  -4.938108E-001   9.802161E-001  -6.928287E-002   4.556748E-002
   2.720264E-003   2.231301E-001  -5.002390E-001   9.456501E-001  -1.548787E-001  -3.587826E-002
   2.729081E-003   2.238316E-001  -5.065240E-001   9.106649E-001  -2.372847E-001  -1.121722E-001
   2.737916E-003   2.245344E-001  -5.126577E-001   8.753132E-001  -3.160065E-001  -1.822922E-001
   2.746767E-003   2.252388E-001  -5.186307E-001   8.396522E-001  -3.905803E-001  -2.453683E-001
   2.755636E-003   2.259445E-001  -5.244346E-001   8.037380E-001  -4.605888E-001  -3.007073E-001
   2.764521E-003   2.266518E-001  -5.300620E-001   7.676258E-001  -5.256633E-001  -3.477996E-001
   2.773422E-003   2.273605E-001  -5.355061E-001   7.313706E-001  -5.854851E-001  -3.863221E-001
   2.782340E-003   2.280707E-001  -5.407569E-001   6.950349E-001  -6.397758E-001  -4.161302E-001
   2.791274E-003   2.287823E-001  -5.458040E-001   6.586838E-001  -6.883093E-001  -4.372628E-001
   2.800223E-003   2.294955E-001  -5.506383E-001   6.223795E-001  -7.309218E-001  -4.499376E-001
   2.809189E-003   2.302101E-001  -5.552525E-001   5.861810E-001  -7.675108E-001  -4.545356E-001
   2.818170E-003   2.309263E-001  -5.596395E-001   5.501473E-001  -7.980300E-001  -4.515817E-001
   2.827166E-003   2.316440E-001  -5.637879E-001   5.143478E-001  -8.224808E-001  -4.417248E-001
   2.836178E-003   2.323632E-001  -5.676867E-001   4.788505E-001  -8.409239E-001  -4.257200E-001
   2.845205E-003   2.330840E-001  -5.713275E-001   4.437181E-001  -8.534796E-001  -4.044019E-001
   2.854247E-003   2.338063E-001  -5.747040E-001   4.090078E-001  -8.603228E-001  -3.786563E-001
   2.863303E-003   2.345302E-001  -5.778085E-001   3.747789E-001  -8.616744E-001  -3.493961E-001
   2.872374E-003   2.352557E-001  -5.806294E-001   3.411012E-001  -8.577978E-001  -3.175421E-001
   2.881459E-003   2.359829E-001  -5.831567E-001   3.080387E-001  -8.490008E-001  -2.839912E-001
   2.890558E-003   2.367116E-001  -5.853835E-001   2.756476E-001  -8.356286E-001  -2.495918E-001
   2.899671E-003   2.374421E-001  -5.873054E-001   2.439761E-001  -8.180560E-001  -2.151231E-001
   2.908798E-003   2.381741E-001  -5.889149E-001   2.130795E-001  -7.966822E-001  -1.812882E-001
   2.917939E-003   2.389079E-001  -5.902014E-001   1.830191E-001  -7.719290E-001  -1.487015E-001
   2.927094E-003   2.396433E-001  -5.911573E-001   1.538470E-001  -7.442304E-001  -1.178688E-001
   2.936261E-003   2.403805E-001  -5.917787E-001   1.256051E-001  -7.140244E-001  -8.918228E-002
   2.945442E-003   2.411193E-001  -5.920638E-001   9.832706E-002  -6.817458E-001  -6.292188E-002
   2.954636E-003   2.418599E-001  -5.920059E-001   7.205790E-002  -6.478312E-001  -3.926808E-002
   2.963843E-003   2.426023E-001  -5.915972E-001   4.684237E-002  -6.127089E-001  -1.830028E-002
   2.973063E-003   2.433465E-001  -5.908339E-001   2.271372E-002  -5.767869E-001  -1.030735E-006
   2.982296E-003   2.440924E-001  -5.897159E-001  -3.067220E-004  -5.404457E-001   1.573073E-002
   2.991541E-003   2.448402E-001  -5.882445E-001  -2.220278E-002  -5.040389E-001   2.906309E-002
   3.000799E-003   2.455897E-001  -5.864145E-001  -4.294543E-002  -4.679039E-001   4.021371E-002
   3.010069E-003   2.463411E-001  -5.842227E-001  -6.251213E-002  -4.323448E-001   4.944074E-002
   3.019352E-003   2.470944E-001  -5.816696E-001  -8.089237E-002  -3.976252E-001   5.702774E-002
   3.028647E-003   2.478495E-001  -5.787597E-001  -9.808765E-002  -3.639665E-001   6.326813E-002
   3.037955E-003   2.486064E-001  -5.754963E-001  -1.140986E-001  -3.315580E-001   6.845186E-002
   3.047274E-003   2.493652E-001  -5.718776E-001  -1.289163E-001  -3.005632E-001   7.285573E-002
   3.056606E-003   2.501258E-001  -5.679051E-001  -1.425412E-001  -2.711054E-001   7.673410E-002
   3.065950E-003   2.508884E-001  -5.635838E-001  -1.549850E-001  -2.432670E-001   8.031095E-002
   3.075307E-003   2.516528E-001  -5.589223E-001  -1.662695E-001  -2.170934E-001   8.377485E-002
   3.084675E-003   2.524191E-001  -5.539253E-001  -1.764093E-001  -1.926073E-001   8.727831E-002
   3.094056E-003   2.531872E-001  -5.485952E-001  -1.854152E-001  -1.698080E-001   9.093705E-002
   3.103449E-003   2.539573E-001  -5.429374E-001  -1.933071E-001  -1.486651E-001   9.482956E-002
   3.112854E-003   2.547292E-001  -5.369610E-001  -2.001143E-001  -1.291221E-001   9.899980E-002
   3.122271E-003   2.555029E-001  -5.306771E-001  -2.058720E-001  -1.111030E-001   1.034617E-001
   3.131701E-003   2.562786E-001  -5.240918E-001  -2.106051E-001  -9.452319E-002   1.082053E-001
   3.141143E-003   2.570561E-001  -5.172107E-001  -2.143392E-001  -7.928593E-002   1.132010E-001
   3.150598E-003   2.578354E-001  -5.100426E-001  -2.171073E-001  -6.528287E-002   1.184039E-001
   3.160065E-003   2.586167E-001  -5.025992E-001  -2.189491E-001  -5.239827E-002   1.237602E-001
   3.169545E-003   2.593997E-001  -4.948922E-001  -2.199048E-001  -4.051429E-002   1.292118E-001
   3.179037E-003   2.601845E-001  -4.869287E-001  -2.200054E-001  -2.951554E-002   1.347015E-001
   3.188542E-003   2.609712E-001  -4.787168E-001  -2.192844E-001  -1.928738E-002   1.401756E-001
   3.198061E-003   2.617597E-001  -4.702669E-001  -2.177804E-001  -9.718124E-003   1.455873E-001
   3.207592E-003   2.625500E-001  -4.615917E-001  -2.155357E-001  -7.015345E-004   1.508982E-001
   3.217136E-003   2.633420E-001  -4.527023E-001  -2.125889E-001   7.861122E-003   1.560800E-001
   3.226694E-003   2.641358E-001  -4.436061E-001  -2.089726E-001   1.606061E-002   1.611154E-001
   3.236266E-003   2.649314E-001  -4.343121E-001  -2.047216E-001   2.397942E-002   1.659976E-001
   3.245851E-003   2.657288E-001  -4.248314E-001  -1.998736E-001   3.169091E-002   1.707288E-001
   3.255450E-003   2.665278E-001  -4.151759E-001  -1.944675E-001   3.925887E-002   1.753191E-001
   3.265062E-003   2.673286E-001  -4.053550E-001  -1.885365E-001   4.673817E-002   1.797864E-001
   3.274689E-003   2.681311E-001  -3.953761E-001  -1.821108E-001   5.417499E-002   1.841545E-001
   3.284330E-003   2.689354E-001  -3.852480E-001  -1.752220E-001   6.160669E-002   1.884503E-001
   3.293986E-003   2.697413E-001  -3.749810E-001  -1.679027E-001   6.906224E-002   1.927020E-001
   3.303656E-003   2.705489E-001  -3.645853E-001  -1.601848E-001   7.656304E-002   1.969380E-001
   3.313342E-003   2.713582E-001  -3.540683E-001  -1.520949E-001   8.412422E-002   2.011866E-001
   3.323042E-003   2.721691E-001  -3.434369E-001  -1.436587E-001   9.175484E-002   2.054741E-001
   3.332758E-003   2.729817E-001  -3.326989E-001  -1.349021E-001   9.945844E-002   2.098232E-001
   3.342489E-003   2.737960E-001  -3.218630E-001  -1.258508E-001   1.072339E-001   2.142520E-001
   3.352235E-003   2.746120E-001  -3.109372E-001  -1.165292E-001   1.150765E-001   2.187745E-001
   3.361998E-003   2.754296E-001  -2.999272E-001  -1.069576E-001   1.229785E-001   2.234014E-001
   3.371776E-003   2.762488E-001  -2.888388E-001  -9.715630E-002   1.309300E-001   2.281384E-001
   3.381571E-003   2.770697E-001  -2.776785E-001  -8.714504E-002   1.389190E-001   2.329870E-001
   3.391382E-003   2.778922E-001  -2.664533E-001  -7.694320E-002   1.469326E-001   2.379441E-001
   3.401211E-003   2.787164E-001  -2.551689E-001  -6.656807E-002   1.549574E-001   2.430042E-001
   3.411056E-003   2.795422E-001  -2.438296E-001  -5.603513E-002   1.629799E-001   2.481588E-001
   3.420918E-003   2.803697E-001  -2.324402E-001  -4.535941E-002   1.709867E-001   2.533973E-001
   3.430797E-003   2.811988E-001  -2.210056E-001  -3.455545E-002   1.789653E-001   2.587072E-001
   3.440694E-003   2.820296E-001  -2.095312E-001  -2.363708E-002   1.869041E-001   2.640751E-001
   3.450609E-003   2.828620E-001  -1.980208E-001  -1.261656E-002   1.947928E-001   2.694875E-001
   3.460542E-003   2.836961E-001  -1.864778E-001  -1.505269E-003   2.026222E-001   2.749311E-001
   3.470493E-003   2.845319E-001  -1.749058E-001   9.685920E-003   2.103850E-001   2.803930E-001
   3.480462E-003   2.853693E-001  -1.633086E-001   2.094663E-002   2.180753E-001   2.858616E-001
   3.490451E-003   2.862084E-001  -1.516899E-001   3.226718E-002   2.256887E-001   2.913262E-001
   3.500458E-003   2.870492E-001  -1.400523E-001   4.363887E-002   2.332227E-001   2.967784E-001
   3.510484E-003   2.878917E-001  -1.283985E-001   5.505353E-002   2.406761E-001   3.022110E-001
   3.520530E-003   2.887359E-001  -1.167311E-001   6.650343E-002   2.480494E-001   3.076190E-001
   3.530595E-003   2.895818E-001  -1.050529E-001   7.798130E-002   2.553444E-001   3.129988E-001
   3.540680E-003   2.904294E-001  -9.336655E-002   8.948043E-002   2.625641E-001   3.183489E-001
   3.550784E-003   2.912787E-001  -8.167376E-002   1.009947E-001   2.697127E-001   3.236691E-001
   3.560909E-003   2.921298E-001  -6.997650E-002   1.125183E-001   2.767954E-001   3.289610E-001
   3.571055E-003   2.929826E-001  -5.827675E-002   1.240459E-001   2.838182E-001   3.342268E-001
   3.581221E-003   2.938372E-001  -4.657658E-002   1.355725E-001   2.907873E-001   3.394700E-001
   3.591408E-003   2.946936E-001  -3.487764E-002   1.470936E-001   2.977099E-001   3.446945E-001
   3.601616E-003   2.955517E-001  -2.318129E-002   1.586049E-001   3.045931E-001   3.499045E-001
   3.611845E-003   2.964117E-001  -1.148894E-002   1.701024E-001   3.114444E-001   3.551044E-001
   3.622096E-003   2.972734E-001   1.979305E-004   1.815827E-001   3.182709E-001   3.602981E-001
   3.632368E-003   2.981370E-001   1.187787E-002   1.930424E-001   3.250795E-001   3.654891E-001
   3.642662E-003   2.990024E-001   2.354977E-002   2.044786E-001   3.318770E-001   3.706803E-001
   3.652979E-003   2.998696E-001   3.521263E-002   2.158884E-001   3.386697E-001   3.758737E-001
   3.663317E-003   3.007387E-001   4.686538E-002   2.272694E-001   3.454633E-001   3.810706E-001
   3.673679E-003   3.016097E-001   5.850696E-002   2.386195E-001   3.522627E-001   3.862712E-001
   3.684062E-003   3.024825E-001   7.013636E-002   2.499366E-001   3.590724E-001   3.914748E-001
   3.694469E-003   3.033572E-001   8.175279E-002   2.612189E-001   3.658960E-001   3.966802E-001
   3.704899E-003   3.042339E-001   9.335552E-002   2.724650E-001   3.727365E-001   4.018854E-001
   3.715352E-003   3.051124E-001   1.049438E-001   2.836734E-001   3.795959E-001   4.070880E-001
   3.725829E-003   3.059929E-001   1.165167E-001   2.948431E-001   3.864757E-001   4.122855E-001
   3.736329E-003   3.068754E-001   1.280737E-001   3.059731E-001   3.933765E-001   4.174753E-001
   3.746854E-003   3.077598E-001   1.396142E-001   3.170625E-001   4.002983E-001   4.226550E-001
   3.757402E-003   3.086461E-001   1.511376E-001   3.281109E-001   4.072406E-001   4.278228E-001
   3.767975E-003   3.095345E-001   1.626434E-001   3.391176E-001   4.142022E-001   4.329775E-001
   3.778572E-003   3.104248E-001   1.741309E-001   3.500825E-001   4.211813E-001   4.381186E-001
   3.789193E-003   3.113172E-001   1.855998E-001   3.610054E-001   4.281758E-001   4.432462E-001
   3.799840E-003   3.122116E-001   1.970496E-001   3.718863E-001   4.351833E-001   4.483615E-001
   3.810511E-003   3.131080E-001   2.084798E-001   3.827252E-001   4.422011E-001   4.534663E-001
   3.821208E-003   3.140064E-001   2.198902E-001   3.935224E-001   4.492261E-001   4.585630E-001
   3.831930E-003   3.149070E-001   2.312801E-001   4.042783E-001   4.562553E-001   4.636544E-001
   3.842678E-003   3.158096E-001   2.426495E-001   4.149933E-001   4.632857E-001   4.687437E-001
   3.853452E-003   3.167143E-001   2.539979E-001   4.256679E-001   4.703140E-001   4.738338E-001
   3.864251E-003   3.176210E-001   2.653251E-001   4.363029E-001   4.773374E-001   4.789276E-001
   3.875076E-003   3.185300E-001   2.766307E-001   4.468988E-001   4.843529E-001   4.840275E-001
   3.885928E-003   3.194410E-001   2.879145E-001   4.574565E-001   4.913578E-001   4.891352E-001
   3.896806E-003   3.203542E-001   2.991763E-001   4.679768E-001   4.983498E-001   4.942517E-001
   3.907711E-003   3.212695E-001   3.104158E-001   4.784607E-001   5.053265E-001   4.993770E-001
   3.918643E-003   3.221870E-001   3.216329E-001   4.889091E-001   5.122862E-001   5.045103E-001
   3.929601E-003   3.231067E-001   3.328274E-001   4.993230E-001   5.192272E-001   5.096499E-001
   3.940587E-003   3.240285E-001   3.439990E-001   5.097036E-001   5.261483E-001   5.147936E-001
   3.951600E-003   3.249526E-001   3.551476E-001   5.200518E-001   5.330486E-001   5.199385E-001
   3.962640E-003   3.258789E-001   3.662731E-001   5.303688E-001   5.399275E-001   5.250813E-001
   3.973709E-003   3.268074E-001   3.773754E-001   5.406557E-001   5.467848E-001   5.302186E-001
   3.984804E-003   3.277381E-001   3.884542E-001   5.509136E-001   5.536205E-001   5.353475E-001
   3.995928E-003   3.286711E-001   3.995096E-001   5.611437E-001   5.604350E-001   5.404650E-001
   4.045096E-003   3.327939E-001   4.477627E-001   6.057529E-001   5.901188E-001   5.627561E-001
   4.094818E-003   3.369613E-001   4.955563E-001   6.499409E-001   6.195004E-001   5.847846E-001
   4.145108E-003   3.411743E-001   5.428889E-001   6.937907E-001   6.486888E-001   6.067022E-001
   4.195979E-003   3.454339E-001   5.897616E-001   7.373695E-001   6.777529E-001   6.286014E-001
   4.247441E-003   3.497409E-001   6.361788E-001   7.807253E-001   7.066897E-001   6.504287E-001
   4.299506E-003   3.540964E-001   6.821468E-001   8.238857E-001   7.354416E-001   6.721313E-001
   4.352186E-003   3.585010E-001   7.276746E-001   8.668597E-001   7.639511E-001   6.937629E-001
   4.405491E-003   3.629557E-001   7.727728E-001   9.096405E-001   7.922191E-001   7.153908E-001
   4.459432E-003   3.674612E-001   8.174541E-001   9.522104E-001   8.203214E-001   7.369841E-001
   4.514019E-003   3.720185E-001   8.617326E-001   9.945453E-001   8.483667E-001   7.584627E-001
   4.569262E-003   3.766281E-001   9.056238E-001   1.036621E+000   8.764244E-001   7.798124E-001
   4.625171E-003   3.812909E-001   9.491446E-001   1.078415E+000   9.044777E-001   8.010919E-001
   4.681753E-003   3.860075E-001   9.923130E-001   1.119914E+000   9.324424E-001   8.223492E-001
   4.739020E-003   3.907787E-001   1.035148E+000   1.161113E+000   9.602365E-001   8.435778E-001
   4.796979E-003   3.956051E-001   1.077668E+000   1.202014E+000   9.878422E-001   8.647572E-001
   4.855640E-003   4.004875E-001   1.119895E+000   1.242629E+000   1.015311E+000   8.858984E-001
   4.915010E-003   4.054264E-001   1.161848E+000   1.282977E+000   1.042710E+000   9.070220E-001
   4.975098E-003   4.104225E-001   1.203548E+000   1.323081E+000   1.070066E+000   9.281114E-001
   5.035912E-003   4.154763E-001   1.245017E+000   1.362963E+000   1.097359E+000   9.491398E-001
   5.097461E-003   4.205886E-001   1.286275E+000   1.402648E+000   1.124563E+000   9.701322E-001
   5.159751E-003   4.257599E-001   1.327342E+000   1.442159E+000   1.151685E+000   9.911347E-001
   5.222791E-003   4.309907E-001   1.368238E+000   1.481515E+000   1.178768E+000   1.012144E+000
   5.286588E-003   4.362817E-001   1.408983E+000   1.520735E+000   1.205855E+000   1.033136E+000
   5.351150E-003   4.416334E-001   1.449596E+000   1.559836E+000   1.232950E+000   1.054123E+000
   5.416484E-003   4.470464E-001   1.490094E+000   1.598833E+000   1.260028E+000   1.075119E+000
   5.482597E-003   4.525211E-001   1.530495E+000   1.637741E+000   1.287061E+000   1.096109E+000
   5.549498E-003   4.580583E-001   1.570814E+000   1.676576E+000   1.314046E+000   1.117097E+000
   5.617193E-003   4.636583E-001   1.611066E+000   1.715354E+000   1.341001E+000   1.138114E+000
   5.685689E-003   4.693217E-001   1.651265E+000   1.754088E+000   1.367953E+000   1.159165E+000
   5.754994E-003   4.750492E-001   1.691423E+000   1.792792E+000   1.394917E+000   1.180238E+000
   5.825115E-003   4.808411E-001   1.731552E+000   1.831478E+000   1.421897E+000   1.201334E+000
   5.896059E-003   4.866980E-001   1.771663E+000   1.870156E+000   1.448894E+000   1.222463E+000
   5.967833E-003   4.926204E-001   1.811764E+000   1.908833E+000   1.475915E+000   1.243627E+000
   6.040444E-003   4.986089E-001   1.851863E+000   1.947518E+000   1.502975E+000   1.264832E+000
   6.113900E-003   5.046640E-001   1.891969E+000   1.986216E+000   1.530084E+000   1.286093E+000
   6.188207E-003   5.107861E-001   1.932088E+000   2.024933E+000   1.557237E+000   1.307412E+000
   6.263374E-003   5.169759E-001   1.972226E+000   2.063679E+000   1.584421E+000   1.328779E+000
   6.339406E-003   5.232339E-001   2.012388E+000   2.102458E+000   1.611634E+000   1.350202E+000
   6.416313E-003   5.295605E-001   2.052580E+000   2.141280E+000   1.638899E+000   1.371692E+000
   6.494100E-003   5.359563E-001   2.092806E+000   2.180149E+000   1.666238E+000   1.393250E+000
   6.572775E-003   5.424219E-001   2.133072E+000   2.219072E+000   1.693658E+000   1.414886E+000
   6.652346E-003   5.489578E-001   2.173382E+000   2.258052E+000   1.721155E+000   1.436603E+000
   6.732820E-003   5.555644E-001   2.213742E+000   2.297092E+000   1.748731E+000   1.458396E+000
   6.814206E-003   5.622424E-001   2.254158E+000   2.336194E+000   1.776400E+000   1.480271E+000
   6.896509E-003   5.689924E-001   2.294635E+000   2.375363E+000   1.804165E+000   1.502240E+000
   6.979739E-003   5.758148E-001   2.335179E+000   2.414607E+000   1.832018E+000   1.524304E+000
   7.063903E-003   5.827102E-001   2.375799E+000   2.453935E+000   1.859961E+000   1.546468E+000
   7.149008E-003   5.896792E-001   2.416500E+000   2.493361E+000   1.888011E+000   1.568735E+000
   7.235064E-003   5.967224E-001   2.457291E+000   2.532903E+000   1.916181E+000   1.591104E+000
   7.322078E-003   6.038403E-001   2.498182E+000   2.572575E+000   1.944478E+000   1.613584E+000
   7.410057E-003   6.110335E-001   2.539179E+000   2.612393E+000   1.972903E+000   1.636183E+000
   7.499011E-003   6.183027E-001   2.580293E+000   2.652368E+000   2.001457E+000   1.658900E+000
   7.588948E-003   6.256484E-001   2.621533E+000   2.692510E+000   2.030145E+000   1.681739E+000
   7.679877E-003   6.330712E-001   2.662908E+000   2.732824E+000   2.058970E+000   1.704704E+000
   7.771805E-003   6.405717E-001   2.704429E+000   2.773316E+000   2.087936E+000   1.727798E+000
   7.864741E-003   6.481506E-001   2.746103E+000   2.813991E+000   2.117050E+000   1.751032E+000
   7.958695E-003   6.558086E-001   2.787941E+000   2.854856E+000   2.146324E+000   1.774403E+000
   8.053675E-003   6.635461E-001   2.829951E+000   2.895919E+000   2.175768E+000   1.797916E+000
   8.149691E-003   6.713640E-001   2.872142E+000   2.937186E+000   2.205379E+000   1.821575E+000
   8.246751E-003   6.792628E-001   2.914521E+000   2.978664E+000   2.235159E+000   1.845385E+000
   8.344866E-003   6.872432E-001   2.957097E+000   3.020359E+000   2.265112E+000   1.869353E+000
   8.444043E-003   6.953060E-001   2.999875E+000   3.062272E+000   2.295246E+000   1.893477E+000
   8.544293E-003   7.034517E-001   3.042863E+000   3.104408E+000   2.325566E+000   1.917764E+000
   8.645626E-003   7.116811E-001   3.086067E+000   3.146771E+000   2.356079E+000   1.942217E+000
   8.748052E-003   7.199949E-001   3.129494E+000   3.189368E+000   2.386794E+000   1.966842E+000
   8.851580E-003   7.283939E-001   3.173149E+000   3.232209E+000   2.417714E+000   1.991641E+000
   8.956220E-003   7.368787E-001   3.217039E+000   3.275304E+000   2.448838E+000   2.016617E+000
   9.061983E-003   7.454501E-001   3.261170E+000   3.318666E+000   2.480171E+000   2.041776E+000
   9.168879E-003   7.541088E-001   3.305548E+000   3.362305E+000   2.511721E+000   2.067122E+000
   9.276919E-003   7.628557E-001   3.350180E+000   3.406231E+000   2.543494E+000   2.092658E+000
   9.386114E-003   7.716914E-001   3.395073E+000   3.450451E+000   2.575497E+000   2.118387E+000
   9.496474E-003   7.806169E-001   3.440235E+000   3.494972E+000   2.607735E+000   2.144314E+000
   9.608010E-003   7.896328E-001   3.485674E+000   3.539802E+000   2.640210E+000   2.170443E+000
   9.720733E-003   7.987400E-001   3.531400E+000   3.584947E+000   2.672925E+000   2.196779E+000
   9.834655E-003   8.079393E-001   3.577420E+000   3.630415E+000   2.705885E+000   2.223323E+000
   9.949788E-003   8.172316E-001   3.623744E+000   3.676211E+000   2.739100E+000   2.250081E+000
   1.006614E-002   8.266177E-001   3.670381E+000   3.722340E+000   2.772575E+000   2.277058E+000
   1.018373E-002   8.360984E-001   3.717342E+000   3.768804E+000   2.806313E+000   2.304255E+000
   1.030256E-002   8.456747E-001   3.764635E+000   3.815611E+000   2.840319E+000   2.331678E+000
   1.042265E-002   8.553474E-001   3.812269E+000   3.862765E+000   2.874595E+000   2.359331E+000
   1.054401E-002   8.651175E-001   3.860254E+000   3.910276E+000   2.909148E+000   2.387217E+000
   1.066666E-002   8.749858E-001   3.908598E+000   3.958153E+000   2.943986E+000   2.415340E+000
   1.079059E-002   8.849532E-001   3.957310E+000   4.006404E+000   2.979114E+000   2.443704E+000
   1.091584E-002   8.950208E-001   4.006396E+000   4.055039E+000   3.014535E+000   2.472315E+000
   1.104241E-002   9.051895E-001   4.055863E+000   4.104066E+000   3.050252E+000   2.501174E+000
   1.117031E-002   9.154602E-001   4.105720E+000   4.153493E+000   3.086272E+000   2.530287E+000
   1.129955E-002   9.258340E-001   4.155972E+000   4.203328E+000   3.122600E+000   2.559658E+000
   1.143016E-002   9.363118E-001   4.206626E+000   4.253579E+000   3.159244E+000   2.589290E+000
   1.156214E-002   9.468946E-001   4.257688E+000   4.304253E+000   3.196207E+000   2.619187E+000
   1.169551E-002   9.575835E-001   4.309165E+000   4.355354E+000   3.233492E+000   2.649355E+000
   1.183028E-002   9.683796E-001   4.361064E+000   4.406887E+000   3.271106E+000   2.679796E+000
   1.196647E-002   9.792838E-001   4.413392E+000   4.458858E+000   3.309054E+000   2.710515E+000
   1.210409E-002   9.902973E-001   4.466156E+000   4.511274E+000   3.347344E+000   2.741516E+000
   1.224315E-002   1.001421E+000   4.519363E+000   4.564143E+000   3.385978E+000   2.772803E+000
   1.238367E-002   1.012656E+000   4.573021E+000   4.617474E+000   3.424960E+000   2.804381E+000
   1.252567E-002   1.024004E+000   4.627137E+000   4.671274E+000   3.464298E+000   2.836253E+000
   1.266915E-002   1.035466E+000   4.681720E+000   4.725552E+000   3.503996E+000   2.868425E+000
   1.281414E-002   1.047042E+000   4.736776E+000   4.780316E+000   3.544062E+000   2.900899E+000
   1.296066E-002   1.058735E+000   4.792315E+000   4.835575E+000   3.584498E+000   2.933680E+000
   1.310870E-002   1.070544E+000   4.848342E+000   4.891338E+000   3.625310E+000   2.966774E+000
   1.325830E-002   1.082473E+000   4.904865E+000   4.947611E+000   3.666504E+000   3.000182E+000
   1.340947E-002   1.094520E+000   4.961891E+000   5.004401E+000   3.708086E+000   3.033912E+000
   1.356222E-002   1.106689E+000   5.019428E+000   5.061711E+000   3.750061E+000   3.067966E+000
   1.371658E-002   1.118980E+000   5.077482E+000   5.119551E+000   3.792434E+000   3.102349E+000
   1.387255E-002   1.131394E+000   5.136062E+000   5.177927E+000   3.835210E+000   3.137065E+000
   1.403015E-002   1.143933E+000   5.195174E+000   5.236847E+000   3.878397E+000   3.172120E+000
   1.418941E-002   1.156598E+000   5.254826E+000   5.296321E+000   3.921999E+000   3.207516E+000
   1.435033E-002   1.169391E+000   5.315027E+000   5.356355E+000   3.966021E+000   3.243260E+000
   1.451294E-002   1.182312E+000   5.375784E+000   5.416959E+000   4.010469E+000   3.279355E+000
   1.467725E-002   1.195363E+000   5.437108E+000   5.478143E+000   4.055349E+000   3.315806E+000
   1.484329E-002   1.208546E+000   5.499005E+000   5.539915E+000   4.100667E+000   3.352617E+000
   1.501107E-002   1.221861E+000   5.561486E+000   5.602280E+000   4.146429E+000   3.389793E+000
   1.518060E-002   1.235311E+000   5.624559E+000   5.665247E+000   4.192639E+000   3.427340E+000
   1.535191E-002   1.248897E+000   5.688232E+000   5.728822E+000   4.239305E+000   3.465261E+000
   1.552502E-002   1.262619E+000   5.752514E+000   5.793013E+000   4.286432E+000   3.503561E+000
   1.569994E-002   1.276481E+000   5.817414E+000   5.857829E+000   4.334026E+000   3.542245E+000
   1.587669E-002   1.290482E+000   5.882939E+000   5.923277E+000   4.382092E+000   3.581318E+000
   1.605530E-002   1.304626E+000   5.949097E+000   5.989367E+000   4.430638E+000   3.620784E+000
   1.623578E-002   1.318912E+000   6.015897E+000   6.056109E+000   4.479668E+000   3.660649E+000
   1.641815E-002   1.333344E+000   6.083348E+000   6.123511E+000   4.529189E+000   3.700917E+000
   1.660244E-002   1.347922E+000   6.151457E+000   6.191581E+000   4.579207E+000   3.741594E+000
   1.678866E-002   1.362648E+000   6.220233E+000   6.260327E+000   4.629729E+000   3.782684E+000
   1.697683E-002   1.377523E+000   6.289686E+000   6.329758E+000   4.680760E+000   3.824192E+000
   1.716698E-002   1.392550E+000   6.359824E+000   6.399881E+000   4.732307E+000   3.866124E+000
   1.735912E-002   1.407730E+000   6.430655E+000   6.470705E+000   4.784377E+000   3.908484E+000
   1.755328E-002   1.423065E+000   6.502189E+000   6.542238E+000   4.836974E+000   3.951278E+000
   1.774947E-002   1.438556E+000   6.574435E+000   6.614490E+000   4.890107E+000   3.994511E+000
   1.794773E-002   1.454205E+000   6.647399E+000   6.687471E+000   4.943781E+000   4.038188E+000
   1.814807E-002   1.470014E+000   6.721092E+000   6.761191E+000   4.998003E+000   4.082314E+000
   1.835052E-002   1.485985E+000   6.795522E+000   6.835657E+000   5.052779E+000   4.126895E+000
   1.855509E-002   1.502119E+000   6.870698E+000   6.910878E+000   5.108116E+000   4.171936E+000
   1.876181E-002   1.518418E+000   6.946628E+000   6.986864E+000   5.164022E+000   4.217442E+000
   1.897070E-002   1.534885E+000   7.023322E+000   7.063623E+000   5.220502E+000   4.263419E+000
   1.918179E-002   1.551521E+000   7.100791E+000   7.141164E+000   5.277563E+000   4.309873E+000
   1.939510E-002   1.568328E+000   7.179043E+000   7.219497E+000   5.335213E+000   4.356808E+000
   1.961065E-002   1.585308E+000   7.258089E+000   7.298632E+000   5.393457E+000   4.404231E+000
   1.982847E-002   1.602463E+000   7.337938E+000   7.378580E+000   5.452304E+000   4.452147E+000
   2.004858E-002   1.619795E+000   7.418601E+000   7.459349E+000   5.511760E+000   4.500562E+000
   2.027101E-002   1.637305E+000   7.500088E+000   7.540949E+000   5.571832E+000   4.549482E+000
   2.049578E-002   1.654997E+000   7.582407E+000   7.623389E+000   5.632528E+000   4.598912E+000
   2.072291E-002   1.672871E+000   7.665569E+000   7.706678E+000   5.693854E+000   4.648858E+000
   2.095244E-002   1.690931E+000   7.749584E+000   7.790828E+000   5.755818E+000   4.699326E+000
   2.118438E-002   1.709178E+000   7.834462E+000   7.875848E+000   5.818427E+000   4.750323E+000
   2.141877E-002   1.727614E+000   7.920212E+000   7.961749E+000   5.881689E+000   4.801853E+000
   2.165562E-002   1.746241E+000   8.006846E+000   8.048541E+000   5.945610E+000   4.853924E+000
   2.189497E-002   1.765063E+000   8.094374E+000   8.136235E+000   6.010200E+000   4.906541E+000
   2.213684E-002   1.784080E+000   8.182807E+000   8.224839E+000   6.075464E+000   4.959710E+000
   2.238126E-002   1.803295E+000   8.272154E+000   8.314365E+000   6.141412E+000   5.013438E+000
   2.262826E-002   1.822710E+000   8.362426E+000   8.404822E+000   6.208050E+000   5.067731E+000
   2.287786E-002   1.842329E+000   8.453633E+000   8.496223E+000   6.275386E+000   5.122595E+000
   2.313010E-002   1.862152E+000   8.545786E+000   8.588577E+000   6.343429E+000   5.178037E+000
   2.338499E-002   1.882182E+000   8.638896E+000   8.681897E+000   6.412186E+000   5.234062E+000
   2.364257E-002   1.902423E+000   8.732972E+000   8.776192E+000   6.481665E+000   5.290678E+000
   2.390287E-002   1.922875E+000   8.828028E+000   8.871473E+000   6.551874E+000   5.347892E+000
   2.416592E-002   1.943542E+000   8.924073E+000   8.967751E+000   6.622821E+000   5.405709E+000
   2.443174E-002   1.964425E+000   9.021120E+000   9.065038E+000   6.694515E+000   5.464136E+000
   2.470037E-002   1.985529E+000   9.119179E+000   9.163344E+000   6.766964E+000   5.523180E+000
   2.497183E-002   2.006854E+000   9.218262E+000   9.262683E+000   6.840176E+000   5.582848E+000
   2.524615E-002   2.028403E+000   9.318381E+000   9.363064E+000   6.914160E+000   5.643147E+000
   2.552337E-002   2.050180E+000   9.419547E+000   9.464499E+000   6.988923E+000   5.704084E+000
   2.580352E-002   2.072186E+000   9.521772E+000   9.567000E+000   7.064476E+000   5.765664E+000
   2.608662E-002   2.094424E+000   9.625068E+000   9.670579E+000   7.140825E+000   5.827897E+000
   2.637272E-002   2.116897E+000   9.729446E+000   9.775247E+000   7.217981E+000   5.890788E+000
   2.666183E-002   2.139607E+000   9.834919E+000   9.881017E+000   7.295951E+000   5.954345E+000
   2.695399E-002   2.162557E+000   9.941498E+000   9.987900E+000   7.374744E+000   6.018574E+000
   2.724924E-002   2.185751E+000   1.004920E+001   1.009591E+001   7.454370E+000   6.083484E+000
   2.754760E-002   2.209189E+000   1.015802E+001   1.020506E+001   7.534838E+000   6.149081E+000
   2.784911E-002   2.232876E+000   1.026800E+001   1.031535E+001   7.616156E+000   6.215373E+000
   2.815380E-002   2.256814E+000   1.037912E+001   1.042681E+001   7.698333E+000   6.282368E+000
   2.846170E-002   2.281005E+000   1.049141E+001   1.053945E+001   7.781379E+000   6.350071E+000
   2.877286E-002   2.305453E+000   1.060489E+001   1.065327E+001   7.865303E+000   6.418492E+000
   2.908729E-002   2.330161E+000   1.071955E+001   1.076829E+001   7.950114E+000   6.487638E+000
   2.940504E-002   2.355130E+000   1.083543E+001   1.088452E+001   8.035821E+000   6.557516E+000
   2.972614E-002   2.380365E+000   1.095252E+001   1.100198E+001   8.122435E+000   6.628134E+000
   3.005062E-002   2.405867E+000   1.107084E+001   1.112068E+001   8.209964E+000   6.699499E+000
   3.037852E-002   2.431641E+000   1.119040E+001   1.124063E+001   8.298418E+000   6.771620E+000
   3.070987E-002   2.457688E+000   1.131123E+001   1.136184E+001   8.387806E+000   6.844504E+000
   3.104472E-002   2.484011E+000   1.143332E+001   1.148433E+001   8.478139E+000   6.918159E+000
   3.138308E-002   2.510614E+000   1.155670E+001   1.160812E+001   8.569425E+000   6.992593E+000
   3.172500E-002   2.537499E+000   1.168137E+001   1.173320E+001   8.661675E+000   7.067814E+000
   3.207052E-002   2.564670E+000   1.180735E+001   1.185961E+001   8.754898E+000   7.143830E+000
   3.241967E-002   2.592129E+000   1.193466E+001   1.198734E+001   8.849104E+000   7.220648E+000
   3.277248E-002   2.619879E+000   1.206330E+001   1.211642E+001   8.944303E+000   7.298277E+000
   3.312899E-002   2.647924E+000   1.219329E+001   1.224685E+001   9.040504E+000   7.376724E+000
   3.348924E-002   2.676266E+000   1.232465E+001   1.237865E+001   9.137718E+000   7.455999E+000
   3.385326E-002   2.704907E+000   1.245738E+001   1.251184E+001   9.235955E+000   7.536108E+000
   3.422110E-002   2.733852E+000   1.259150E+001   1.264643E+001   9.335224E+000   7.617060E+000
   3.459277E-002   2.763103E+000   1.272703E+001   1.278242E+001   9.435535E+000   7.698863E+000
   3.496833E-002   2.792663E+000   1.286397E+001   1.291984E+001   9.536898E+000   7.781525E+000
   3.534781E-002   2.822535E+000   1.300234E+001   1.305870E+001   9.639324E+000   7.865054E+000
   3.573124E-002   2.852722E+000   1.314216E+001   1.319901E+001   9.742821E+000   7.949458E+000
   3.611866E-002   2.883226E+000   1.328343E+001   1.334079E+001   9.847399E+000   8.034744E+000
   3.651010E-002   2.914051E+000   1.342617E+001   1.348404E+001   9.953069E+000   8.120922E+000
   3.690561E-002   2.945200E+000   1.357040E+001   1.362878E+001   1.005984E+001   8.207999E+000
   3.730521E-002   2.976675E+000   1.371612E+001   1.377502E+001   1.016772E+001   8.295982E+000
   3.770894E-002   3.008479E+000   1.386335E+001   1.392279E+001   1.027672E+001   8.384880E+000
   3.811684E-002   3.040615E+000   1.401211E+001   1.407208E+001   1.038686E+001   8.474700E+000
   3.852894E-002   3.073086E+000   1.416239E+001   1.422291E+001   1.049813E+001   8.565450E+000
   3.894527E-002   3.105894E+000   1.431423E+001   1.437530E+001   1.061055E+001   8.657137E+000
   3.936587E-002   3.139042E+000   1.446762E+001   1.452926E+001   1.072412E+001   8.749769E+000
   3.979076E-002   3.172533E+000   1.462259E+001   1.468479E+001   1.083887E+001   8.843352E+000
   4.021999E-002   3.206369E+000   1.477914E+001   1.484192E+001   1.095478E+001   8.937895E+000
   4.065358E-002   3.240552E+000   1.493728E+001   1.500065E+001   1.107189E+001   9.033404E+000
   4.109156E-002   3.275086E+000   1.509704E+001   1.516099E+001   1.119018E+001   9.129886E+000
   4.153397E-002   3.309971E+000   1.525840E+001   1.532296E+001   1.130967E+001   9.227346E+000
   4.198082E-002   3.345212E+000   1.542140E+001   1.548656E+001   1.143037E+001   9.325792E+000
   4.243215E-002   3.380809E+000   1.558603E+001   1.565181E+001   1.155229E+001   9.425230E+000
   4.288799E-002   3.416764E+000   1.575231E+001   1.581871E+001   1.167543E+001   9.525665E+000
   4.334835E-002   3.453080E+000   1.592025E+001   1.598728E+001   1.179979E+001   9.627102E+000
   4.381326E-002   3.489759E+000   1.608984E+001   1.615752E+001   1.192539E+001   9.729547E+000
   4.428274E-002   3.526801E+000   1.626112E+001   1.632944E+001   1.205223E+001   9.833005E+000
   4.475681E-002   3.564209E+000   1.643407E+001   1.650304E+001   1.218032E+001   9.937478E+000
   4.523549E-002   3.601983E+000   1.660870E+001   1.667834E+001   1.230965E+001   1.004297E+001
   4.571879E-002   3.640125E+000   1.678503E+001   1.685533E+001   1.244024E+001   1.014949E+001
   4.620672E-002   3.678636E+000   1.696305E+001   1.703403E+001   1.257209E+001   1.025703E+001
   4.669929E-002   3.717516E+000   1.714277E+001   1.721444E+001   1.270520E+001   1.036560E+001
   4.719651E-002   3.756766E+000   1.732419E+001   1.739655E+001   1.283957E+001   1.047520E+001
   4.769838E-002   3.796386E+000   1.750731E+001   1.758038E+001   1.297520E+001   1.058584E+001
   4.820490E-002   3.836376E+000   1.769213E+001   1.776591E+001   1.311209E+001   1.069750E+001
   4.871607E-002   3.876735E+000   1.787866E+001   1.795315E+001   1.325025E+001   1.081019E+001
   4.923188E-002   3.917464E+000   1.806688E+001   1.814210E+001   1.338966E+001   1.092390E+001
   4.975231E-002   3.958560E+000   1.825679E+001   1.833274E+001   1.353033E+001   1.103865E+001
   5.027736E-002   4.000023E+000   1.844839E+001   1.852509E+001   1.367225E+001   1.115441E+001
   5.080698E-002   4.041850E+000   1.864167E+001   1.871911E+001   1.381541E+001   1.127119E+001
   5.134116E-002   4.084040E+000   1.883662E+001   1.891482E+001   1.395981E+001   1.138898E+001
   5.187987E-002   4.126589E+000   1.903322E+001   1.911218E+001   1.410544E+001   1.150776E+001
   5.242305E-002   4.169494E+000   1.923146E+001   1.931119E+001   1.425228E+001   1.162755E+001
   5.297067E-002   4.212752E+000   1.943133E+001   1.951184E+001   1.440033E+001   1.174831E+001
   5.352267E-002   4.256358E+000   1.963280E+001   1.971409E+001   1.454957E+001   1.187004E+001
   5.407899E-002   4.300307E+000   1.983584E+001   1.991793E+001   1.469998E+001   1.199273E+001
   5.463954E-002   4.344594E+000   2.004044E+001   2.012333E+001   1.485154E+001   1.211636E+001
   5.520426E-002   4.389212E+000   2.024657E+001   2.033026E+001   1.500423E+001   1.224092E+001
   5.577306E-002   4.434153E+000   2.045418E+001   2.053868E+001   1.515802E+001   1.236637E+001
   5.634582E-002   4.479410E+000   2.066325E+001   2.074857E+001   1.531290E+001   1.249270E+001
   5.692244E-002   4.524974E+000   2.087373E+001   2.095988E+001   1.546882E+001   1.261989E+001
   5.750279E-002   4.570835E+000   2.108558E+001   2.117256E+001   1.562575E+001   1.274791E+001
   5.808674E-002   4.616982E+000   2.129874E+001   2.138656E+001   1.578366E+001   1.287672E+001
   5.867413E-002   4.663403E+000   2.151317E+001   2.160183E+001   1.594251E+001   1.300629E+001
   5.926481E-002   4.710085E+000   2.172879E+001   2.181830E+001   1.610224E+001   1.313660E+001
   5.985858E-002   4.757014E+000   2.194555E+001   2.203592E+001   1.626282E+001   1.326759E+001
   6.045526E-002   4.804174E+000   2.216338E+001   2.225460E+001   1.642419E+001   1.339922E+001
   6.105463E-002   4.851548E+000   2.238219E+001   2.247427E+001   1.658629E+001   1.353145E+001
   6.165645E-002   4.899119E+000   2.260190E+001   2.269485E+001   1.674905E+001   1.366422E+001
   6.226049E-002   4.946865E+000   2.282242E+001   2.291624E+001   1.691242E+001   1.379748E+001
   6.286646E-002   4.994765E+000   2.304364E+001   2.313834E+001   1.707631E+001   1.393118E+001
   6.347407E-002   5.042797E+000   2.326547E+001   2.336105E+001   1.724065E+001   1.406524E+001
   6.408302E-002   5.090936E+000   2.348779E+001   2.358425E+001   1.740535E+001   1.419959E+001
   6.469297E-002   5.139154E+000   2.371048E+001   2.380781E+001   1.757032E+001   1.433416E+001
   6.530354E-002   5.187424E+000   2.393339E+001   2.403161E+001   1.773547E+001   1.446888E+001
   6.591437E-002   5.235714E+000   2.415640E+001   2.425551E+001   1.790068E+001   1.460365E+001
   6.652503E-002   5.283992E+000   2.437935E+001   2.447934E+001   1.806585E+001   1.473839E+001
   6.713509E-002   5.332223E+000   2.460208E+001   2.470295E+001   1.823086E+001   1.487300E+001
   6.774408E-002   5.380370E+000   2.482442E+001   2.492618E+001   1.839558E+001   1.500737E+001
   6.835151E-002   5.428394E+000   2.504619E+001   2.514882E+001   1.855988E+001   1.514139E+001
   6.895685E-002   5.476253E+000   2.526719E+001   2.537071E+001   1.872361E+001   1.527496E+001
   6.955955E-002   5.523904E+000   2.548723E+001   2.559162E+001   1.888663E+001   1.540794E+001
   7.015902E-002   5.571299E+000   2.570609E+001   2.581135E+001   1.904877E+001   1.554021E+001
   7.075465E-002   5.618390E+000   2.592354E+001   2.602967E+001   1.920988E+001   1.567163E+001
   7.134579E-002   5.665126E+000   2.613935E+001   2.624634E+001   1.936976E+001   1.580206E+001
   7.193176E-002   5.711453E+000   2.635327E+001   2.646111E+001   1.952825E+001   1.593134E+001
   7.251186E-002   5.757315E+000   2.656504E+001   2.667372E+001   1.968514E+001   1.605933E+001
   7.308534E-002   5.802653E+000   2.677439E+001   2.688391E+001   1.984025E+001   1.618586E+001
   7.365144E-002   5.847406E+000   2.698105E+001   2.709139E+001   1.999335E+001   1.631075E+001
   7.420935E-002   5.891512E+000   2.718470E+001   2.729586E+001   2.014423E+001   1.643383E+001
   7.475826E-002   5.934903E+000   2.738507E+001   2.749702E+001   2.029268E+001   1.655493E+001
   7.529731E-002   5.977514E+000   2.758182E+001   2.769456E+001   2.043845E+001   1.667384E+001
   7.582563E-002   6.019274E+000   2.777465E+001   2.788816E+001   2.058131E+001   1.679038E+001
   7.634230E-002   6.060112E+000   2.796323E+001   2.807748E+001   2.072102E+001   1.690435E+001
   7.684642E-002   6.099955E+000   2.814720E+001   2.826219E+001   2.085732E+001   1.701554E+001
   7.733704E-002   6.138729E+000   2.832625E+001   2.844194E+001   2.098997E+001   1.712375E+001
   7.781322E-002   6.176358E+000   2.850000E+001   2.861639E+001   2.111870E+001   1.722876E+001
   7.827399E-002   6.212766E+000   2.866812E+001   2.878518E+001   2.124325E+001   1.733036E+001
   7.871838E-002   6.247876E+000   2.883025E+001   2.894796E+001   2.136337E+001   1.742835E+001
   7.914541E-002   6.281611E+000   2.898603E+001   2.910436E+001   2.147878E+001   1.752250E+001
   7.955412E-002   6.313893E+000   2.913510E+001   2.925402E+001   2.158922E+001   1.761259E+001
   7.994353E-002   6.344647E+000   2.927712E+001   2.939661E+001   2.169444E+001   1.769842E+001
   8.031270E-002   6.373796E+000   2.941173E+001   2.953175E+001   2.179416E+001   1.777977E+001
   8.066067E-002   6.401266E+000   2.953859E+001   2.965911E+001   2.188814E+001   1.785644E+001
   8.098653E-002   6.426983E+000   2.965736E+001   2.977835E+001   2.197613E+001   1.792821E+001
   8.128938E-002   6.450877E+000   2.976771E+001   2.988914E+001   2.205789E+001   1.799490E+001
   8.156836E-002   6.472879E+000   2.986933E+001   2.999116E+001   2.213317E+001   1.805631E+001
   8.182263E-002   6.492923E+000   2.996191E+001   3.008411E+001   2.220175E+001   1.811226E+001
   8.205142E-002   6.510947E+000   3.004517E+001   3.016769E+001   2.226343E+001   1.816257E+001
   8.225397E-002   6.526892E+000   3.011883E+001   3.024164E+001   2.231800E+001   1.820708E+001
   8.242959E-002   6.540704E+000   3.018264E+001   3.030570E+001   2.236527E+001   1.824564E+001
   8.257766E-002   6.552331E+000   3.023637E+001   3.035964E+001   2.240507E+001   1.827811E+001
   8.269758E-002   6.561728E+000   3.027981E+001   3.040324E+001   2.243724E+001   1.830435E+001
   8.278886E-002   6.568855E+000   3.031276E+001   3.043633E+001   2.246165E+001   1.832426E+001
   8.285103E-002   6.573675E+000   3.033508E+001   3.045872E+001   2.247817E+001   1.833773E+001
   8.288372E-002   6.576160E+000   3.034660E+001   3.047029E+001   2.248670E+001   1.834468E+001
   8.288662E-002   6.576283E+000   3.034724E+001   3.047091E+001   2.248715E+001   1.834505E+001
   8.285950E-002   6.574027E+000   3.033689E+001   3.046051E+001   2.247947E+001   1.833879E+001
   8.280219E-002   6.569380E+000   3.031550E+001   3.043903E+001   2.246361E+001   1.832584E+001
   8.271462E-002   6.562333E+000   3.028304E+001   3.040643E+001   2.243955E+001   1.830621E+001
   8.259676E-002   6.552888E+000   3.023950E+001   3.036271E+001   2.240728E+001   1.827988E+001
   8.244869E-002   6.541048E+000   3.018492E+001   3.030789E+001   2.236682E+001   1.824687E+001
   8.227054E-002   6.526824E+000   3.011933E+001   3.024203E+001   2.231821E+001   1.820722E+001
   8.206253E-002   6.510235E+000   3.004283E+001   3.016521E+001   2.226151E+001   1.816096E+001
   8.182494E-002   6.491301E+000   2.995550E+001   3.007752E+001   2.219679E+001   1.810816E+001
   8.155812E-002   6.470052E+000   2.985748E+001   2.997910E+001   2.212416E+001   1.804890E+001
   0.000000E+000   0.000000E+000   0.000000E+000   0.000000E+000   0.000000E+000   0.000000E+000
