  0.000000000000000E+000  0.000000000000000E+000  0.000000000000000E+000
  0.000000000000000E+000  0.000000000000000E+000  0.000000000000000E+000
  0.000000000000000E+000  0.000000000000000E+000  0.000000000000000E+000
  0.000000000000000E+000  0.000000000000000E+000  0.000000000000000E+000
  0.000000000000000E+000  0.000000000000000E+000  0.000000000000000E+000
  0.000000000000000E+000  0.000000000000000E+000  0.000000000000000E+000
  0.000000000000000E+000  0.000000000000000E+000  0.000000000000000E+000
  0.000000000000000E+000  0.000000000000000E+000  0.000000000000000E+000
  0.000000000000000E+000  0.000000000000000E+000  0.000000000000000E+000
  0.000000000000000E+000  0.000000000000000E+000  0.000000000000000E+000
  0.000000000000000E+000  0.000000000000000E+000  0.000000000000000E+000
  0.000000000000000E+000  0.000000000000000E+000  0.000000000000000E+000
  0.000000000000000E+000  0.000000000000000E+000  0.000000000000000E+000
  0.000000000000000E+000  0.000000000000000E+000  0.000000000000000E+000
  0.000000000000000E+000  0.000000000000000E+000  0.000000000000000E+000
  0.000000000000000E+000  0.000000000000000E+000  0.000000000000000E+000
  0.000000000000000E+000  0.000000000000000E+000  0.000000000000000E+000
  0.000000000000000E+000  0.000000000000000E+000  0.000000000000000E+000
  0.000000000000000E+000  0.000000000000000E+000  0.000000000000000E+000
  0.000000000000000E+000  0.000000000000000E+000  0.000000000000000E+000
  0.000000000000000E+000  0.000000000000000E+000  0.000000000000000E+000
  0.000000000000000E+000  0.000000000000000E+000  0.000000000000000E+000
  0.000000000000000E+000  0.000000000000000E+000  0.000000000000000E+000
  0.000000000000000E+000  0.000000000000000E+000  0.000000000000000E+000
  0.000000000000000E+000  0.000000000000000E+000  0.000000000000000E+000
  0.000000000000000E+000  0.000000000000000E+000  0.000000000000000E+000
  0.000000000000000E+000  0.000000000000000E+000  0.000000000000000E+000
  0.000000000000000E+000  0.000000000000000E+000  0.000000000000000E+000
  0.000000000000000E+000  0.000000000000000E+000  0.000000000000000E+000
  0.000000000000000E+000  0.000000000000000E+000  0.000000000000000E+000
  0.000000000000000E+000  0.000000000000000E+000  0.000000000000000E+000
  0.000000000000000E+000  0.000000000000000E+000  0.000000000000000E+000
  0.000000000000000E+000  0.000000000000000E+000  0.000000000000000E+000
  0.000000000000000E+000  0.000000000000000E+000  0.000000000000000E+000
  0.000000000000000E+000  0.000000000000000E+000  0.000000000000000E+000
  0.000000000000000E+000  0.000000000000000E+000  0.000000000000000E+000
  0.000000000000000E+000  0.000000000000000E+000  0.000000000000000E+000
  0.000000000000000E+000  0.000000000000000E+000  0.000000000000000E+000
  0.000000000000000E+000  0.000000000000000E+000  0.000000000000000E+000
  0.000000000000000E+000  0.000000000000000E+000  0.000000000000000E+000
  0.000000000000000E+000  0.000000000000000E+000  0.000000000000000E+000
  0.000000000000000E+000  0.000000000000000E+000  0.000000000000000E+000
  0.000000000000000E+000  0.000000000000000E+000  0.000000000000000E+000
  0.000000000000000E+000  0.000000000000000E+000  0.000000000000000E+000
  0.000000000000000E+000  0.000000000000000E+000  0.000000000000000E+000
  0.000000000000000E+000  0.000000000000000E+000  0.000000000000000E+000
  0.000000000000000E+000  0.000000000000000E+000  0.000000000000000E+000
  0.000000000000000E+000  0.000000000000000E+000  0.000000000000000E+000
  0.000000000000000E+000  0.000000000000000E+000  0.000000000000000E+000
  0.000000000000000E+000  0.000000000000000E+000  0.000000000000000E+000
  0.000000000000000E+000  0.000000000000000E+000  0.000000000000000E+000
  0.000000000000000E+000  0.000000000000000E+000  0.000000000000000E+000
  0.000000000000000E+000  0.000000000000000E+000  0.000000000000000E+000
  0.000000000000000E+000  0.000000000000000E+000  0.000000000000000E+000
  0.000000000000000E+000  0.000000000000000E+000  0.000000000000000E+000
  0.000000000000000E+000  0.000000000000000E+000  0.000000000000000E+000
  0.000000000000000E+000  0.000000000000000E+000  0.000000000000000E+000
  0.000000000000000E+000  0.000000000000000E+000  0.000000000000000E+000
  0.000000000000000E+000  0.000000000000000E+000  0.000000000000000E+000
  0.000000000000000E+000  0.000000000000000E+000  0.000000000000000E+000
  0.000000000000000E+000  0.000000000000000E+000  0.000000000000000E+000
  0.000000000000000E+000  0.000000000000000E+000  0.000000000000000E+000
  0.000000000000000E+000  0.000000000000000E+000  0.000000000000000E+000
  0.000000000000000E+000  0.000000000000000E+000  0.000000000000000E+000
  0.000000000000000E+000  0.000000000000000E+000  0.000000000000000E+000
  0.000000000000000E+000  0.000000000000000E+000  0.000000000000000E+000
  0.000000000000000E+000  0.000000000000000E+000  0.000000000000000E+000
  0.000000000000000E+000  0.000000000000000E+000  0.000000000000000E+000
  0.000000000000000E+000  0.000000000000000E+000  0.000000000000000E+000
  0.000000000000000E+000  0.000000000000000E+000  0.000000000000000E+000
  0.000000000000000E+000  0.000000000000000E+000  0.000000000000000E+000
  0.000000000000000E+000  0.000000000000000E+000  0.000000000000000E+000
  0.000000000000000E+000  0.000000000000000E+000  0.000000000000000E+000
  0.000000000000000E+000  0.000000000000000E+000  0.000000000000000E+000
  0.000000000000000E+000  0.000000000000000E+000  0.000000000000000E+000
  0.000000000000000E+000  0.000000000000000E+000  0.000000000000000E+000
  0.000000000000000E+000  0.000000000000000E+000  0.000000000000000E+000
  0.000000000000000E+000  0.000000000000000E+000  0.000000000000000E+000
  0.000000000000000E+000  0.000000000000000E+000  0.000000000000000E+000
  0.000000000000000E+000  0.000000000000000E+000  0.000000000000000E+000
  0.000000000000000E+000  0.000000000000000E+000  0.000000000000000E+000
  0.000000000000000E+000  0.000000000000000E+000  0.000000000000000E+000
  0.000000000000000E+000  0.000000000000000E+000  0.000000000000000E+000
  0.000000000000000E+000  0.000000000000000E+000  0.000000000000000E+000
  0.000000000000000E+000  0.000000000000000E+000  0.000000000000000E+000
  0.000000000000000E+000  0.000000000000000E+000  0.000000000000000E+000
  0.000000000000000E+000  0.000000000000000E+000  0.000000000000000E+000
  0.000000000000000E+000  0.000000000000000E+000  0.000000000000000E+000
  0.000000000000000E+000  0.000000000000000E+000  0.000000000000000E+000
  0.000000000000000E+000  0.000000000000000E+000  0.000000000000000E+000
  0.000000000000000E+000  0.000000000000000E+000  0.000000000000000E+000
  0.000000000000000E+000  0.000000000000000E+000  0.000000000000000E+000
  0.000000000000000E+000  0.000000000000000E+000  0.000000000000000E+000
  0.000000000000000E+000  0.000000000000000E+000  0.000000000000000E+000
  0.000000000000000E+000  0.000000000000000E+000  0.000000000000000E+000
  0.000000000000000E+000  0.000000000000000E+000  0.000000000000000E+000
  0.000000000000000E+000  0.000000000000000E+000  0.000000000000000E+000
  0.000000000000000E+000  0.000000000000000E+000  0.000000000000000E+000
  0.000000000000000E+000  0.000000000000000E+000  0.000000000000000E+000
  0.000000000000000E+000  0.000000000000000E+000  0.000000000000000E+000
  0.000000000000000E+000  0.000000000000000E+000  0.000000000000000E+000
  0.000000000000000E+000  0.000000000000000E+000  0.000000000000000E+000
  0.000000000000000E+000  0.000000000000000E+000  0.000000000000000E+000
  0.000000000000000E+000  0.000000000000000E+000  0.000000000000000E+000
  0.000000000000000E+000  0.000000000000000E+000  0.000000000000000E+000
  0.000000000000000E+000  0.000000000000000E+000  0.000000000000000E+000
  0.000000000000000E+000  0.000000000000000E+000  0.000000000000000E+000
  0.000000000000000E+000  0.000000000000000E+000  0.000000000000000E+000
  0.000000000000000E+000  0.000000000000000E+000  0.000000000000000E+000
  0.000000000000000E+000  0.000000000000000E+000  0.000000000000000E+000
  0.000000000000000E+000  0.000000000000000E+000  0.000000000000000E+000
  0.000000000000000E+000  0.000000000000000E+000  0.000000000000000E+000
  0.000000000000000E+000  0.000000000000000E+000  0.000000000000000E+000
  0.000000000000000E+000  0.000000000000000E+000  0.000000000000000E+000
  0.000000000000000E+000  0.000000000000000E+000  0.000000000000000E+000
  0.000000000000000E+000  0.000000000000000E+000  0.000000000000000E+000
  0.000000000000000E+000  0.000000000000000E+000  0.000000000000000E+000
  0.000000000000000E+000  0.000000000000000E+000  0.000000000000000E+000
  0.000000000000000E+000  0.000000000000000E+000  0.000000000000000E+000
  0.000000000000000E+000  0.000000000000000E+000  0.000000000000000E+000
  0.000000000000000E+000  0.000000000000000E+000  0.000000000000000E+000
  0.000000000000000E+000  0.000000000000000E+000  0.000000000000000E+000
  0.000000000000000E+000  0.000000000000000E+000  0.000000000000000E+000
  0.000000000000000E+000  0.000000000000000E+000  0.000000000000000E+000
  0.000000000000000E+000  0.000000000000000E+000  0.000000000000000E+000
  0.000000000000000E+000  0.000000000000000E+000  0.000000000000000E+000
  0.000000000000000E+000  0.000000000000000E+000  0.000000000000000E+000
  0.000000000000000E+000  0.000000000000000E+000  4.940656458412465E-324
  0.000000000000000E+000  0.000000000000000E+000 -1.482196937523740E-323
  0.000000000000000E+000  0.000000000000000E+000  6.422853395936205E-323
  0.000000000000000E+000 -4.940656458412465E-324 -2.371515100037983E-322
  0.000000000000000E+000  9.881312916824931E-324  8.893181625142438E-322
  0.000000000000000E+000 -2.470328229206233E-323 -3.315180483594764E-321
  0.000000000000000E+000  8.399115979301191E-323  1.237634442832323E-320
  0.000000000000000E+000 -3.063207004215729E-322 -4.618525657323973E-320
  0.000000000000000E+000  1.146232298351692E-321  1.723745631775525E-319
  0.000000000000000E+000 -4.283549149443608E-321 -6.433080554805119E-319
  0.000000000000000E+000  1.597808298650591E-320  2.400852718088037E-318
  0.000000000000000E+000 -5.961890148366322E-320 -8.960107757528093E-318
  0.000000000000000E+000  2.224975229481470E-319  3.343956843071142E-317
  0.000000000000000E+000 -8.303662496524662E-319 -1.247981610246611E-316
  0.000000000000000E+000  3.098957594348801E-318  4.657530806085895E-316
  0.000000000000000E+000 -1.156545918708628E-317 -1.738214156469041E-315
  0.000000000000000E+000  4.316287915399632E-317  6.487103545267573E-315
  0.000000000000000E+000 -1.610860574288990E-316 -2.421020001966059E-314
  0.000000000000000E+000  6.011813505615997E-316  9.035369653337480E-314
  0.000000000000000E+000 -2.243639359639469E-315 -3.372045861088980E-313
  0.000000000000000E+000  8.373376083055620E-315  1.258464647902217E-312
  0.000000000000000E+000 -3.124986496764235E-314 -4.696654005495030E-312
  0.000000000000000E+000  1.166260837924545E-313  1.752815137408778E-311
  0.000000000000000E+000 -4.352544701922942E-313 -6.541595149085610E-311
  0.000000000000000E+000  1.624391796966841E-312  2.441356545893613E-310
  0.000000000000000E+000 -6.062312717694832E-312 -9.111266668665200E-310
  0.000000000000000E+000  2.262485907381249E-311  3.400371012876719E-309
  0.000000000000000E+000 -8.443712357754523E-311 -1.269035738464036E-308
  0.000000000000000E+000  3.151236352363783E-310  4.736105852568472E-308
  0.000000000000000E+000 -1.176057417367889E-309 -1.767538767181112E-307
  0.000000000000000E+000  4.389106034235479E-309  6.596544483467129E-307
  0.000000000000000E+000 -1.638036671957404E-308 -2.461863916668740E-306
  0.000000000000000E+000  6.113236084406068E-308  9.187801218328249E-306
  0.000000000000000E+000 -2.281490766566687E-307 -3.428934095664426E-305
  0.000000000000000E+000  8.514639457826139E-307  1.279695626082488E-304
  0.000000000000000E+000 -3.177706706473561E-306 -4.775889094763850E-304
  0.000000000000000E+000  1.185936288011248E-305  1.782386075297164E-303
  0.000000000000000E+000 -4.425974481397635E-305 -6.651955391712272E-303
  0.000000000000000E+000  1.651796163757929E-304  2.482543549155192E-302
  0.000000000000000E+000 -6.164587206891952E-304 -9.264978657449543E-302
  0.000000000000000E+000  2.300655266380988E-303  3.457737108064298E-301
  0.000000000000000E+000 -8.586162344834146E-303 -1.290445056651316E-300
  0.000000000000000E+000  3.204399411295789E-302  4.816006515798490E-300
  0.000000000000000E+000 -1.195898141069974E-301 -1.797358100654265E-299
  0.000000000000000E+000  4.463152623150318E-301  6.707831751037209E-299
  0.000000000000000E+000 -1.665671235153130E-300 -2.503396890349457E-298
  0.000000000000000E+000  6.216369678297045E-300  9.342804386294777E-298
  0.000000000000000E+000 -2.319980747803670E-299 -3.486782065482716E-297
  0.000000000000000E+000  8.658286023384972E-299  1.301284782330139E-296
  0.000000000000000E+000 -3.231316334573623E-298 -4.856460922772282E-296
  0.000000000000000E+000  1.205943673595599E-297  1.812455890875899E-295
  0.000000000000000E+000 -4.500643060924715E-297 -6.764177471226852E-295
  0.000000000000000E+000  1.679662857010446E-296  2.524425399402971E-294
  0.000000000000000E+000 -6.268587121949313E-296 -9.421283850489198E-294
  0.000000000000000E+000  2.339468563078680E-295  3.516071000255382E-293
  0.000000000000000E+000 -8.731015540119789E-295 -1.312215561597261E-292
  0.000000000000000E+000  3.258459359739814E-294  4.897255146363856E-292
  0.000000000000000E+000 -1.216073588494902E-293 -1.827680502385555E-291
  0.000000000000000E+000  4.538448418004977E-293  6.820996494906809E-291
  0.000000000000000E+000 -1.693772008352623E-292 -2.545630547723986E-290
  0.000000000000000E+000  6.321243191609992E-292  9.500422541405265E-290
  0.000000000000000E+000 -2.359120075808734E-291 -3.545605961789708E-289
  0.000000000000000E+000  8.804355984073939E-291  1.323238159301830E-288
  0.000000000000000E+000 -3.285830386048468E-290 -4.938392041028704E-288
  0.000000000000000E+000  1.226288594578735E-289  1.843033000481167E-287
  0.000000000000000E+000 -4.576571339710093E-289 -6.878292797821798E-287
  0.000000000000000E+000  1.707999676426165E-288  2.567013819080602E-286
  0.000000000000000E+000 -6.374341571733647E-288 -9.580225996540230E-286
  0.000000000000000E+000  2.378936661050674E-287  3.575389016708288E-285
  0.000000000000000E+000 -8.878312487029961E-287 -1.334353346717818E-284
  0.000000000000000E+000  3.313431328706917E-286  4.979874485200442E-284
  0.000000000000000E+000 -1.236589406612467E-285 -1.858514459408395E-283
  0.000000000000000E+000  4.615014493579178E-285  6.936070389113535E-283
  0.000000000000000E+000 -1.722346856770301E-284 -2.588576709704760E-282
  0.000000000000000E+000  6.427885977723747E-284  9.660699799906996E-282
  0.000000000000000E+000 -2.398919705412469E-283 -3.605422248992322E-281
  0.000000000000000E+000  8.952890223877500E-283  1.345561901597859E-280
  0.000000000000000E+000 -3.341264119009754E-282 -5.021705381492204E-280
  0.000000000000000E+000  1.246976745365037E-281  1.874125962437230E-279
  0.000000000000000E+000 -4.653780569559840E-281 -6.994333311598698E-279
  0.000000000000000E+000  1.736814553287184E-280  2.610320728396130E-278
  0.000000000000000E+000 -6.481880156193215E-280 -9.741849582423953E-278
  0.000000000000000E+000  2.419070607148568E-279  3.635707760129968E-277
  0.000000000000000E+000 -9.028094412974951E-279 -1.356864608227748E-276
  0.000000000000000E+000  3.369330704475122E-278  5.063887656897995E-276
  0.000000000000000E+000 -1.257451337660210E-277 -1.889868601936558E-275
  0.000000000000000E+000  4.692872280193664E-277  7.053085642055930E-275
  0.000000000000000E+000 -1.751403778311445E-276 -2.632247396628716E-274
  0.000000000000000E+000  6.536327885226411E-276  9.823681022309272E-274
  0.000000000000000E+000 -2.439390776259419E-275 -3.666247669260837E-273
  0.000000000000000E+000  9.103930316514390E-275  1.368262257481340E-272
  0.000000000000000E+000 -3.397633048980057E-274 -5.106424262998912E-272
  0.000000000000000E+000  1.268013916426878E-273  1.905743479451431E-271
  0.000000000000000E+000 -4.732292360809511E-273 -7.112331491505831E-271
  0.000000000000000E+000  1.766115552681116E-272  2.654358248657190E-270
  0.000000000000000E+000 -6.591232974643044E-272 -9.906199845478884E-270
  0.000000000000000E+000  2.459881634589281E-271  3.697044113325571E-269
  0.000000000000000E+000 -9.180403240892823E-271 -1.379755646875440E-268
  0.000000000000000E+000  3.426173132898201E-270  5.149318176169202E-268
  0.000000000000000E+000 -1.278665220750352E-269 -1.921751705780137E-267
  0.000000000000000E+000  4.772043569711247E-269  7.172075005504139E-267
  0.000000000000000E+000 -1.780950905809591E-268 -2.676654831623451E-266
  0.000000000000000E+000  6.646599266267239E-268  9.989411825943390E-266
  0.000000000000000E+000 -2.480544615925936E-267 -3.728099247215011E-265
  0.000000000000000E+000  9.257518537077025E-267  1.391345580626570E-264
  0.000000000000000E+000 -3.454952953238216E-266 -5.192572397784781E-264
  0.000000000000000E+000  1.289405995924516E-265  1.937894401051255E-263
  0.000000000000000E+000 -4.812128688373900E-265 -7.232320364427061E-263
  0.000000000000000E+000  1.795910875757236E-264  2.699138705665506E-262
  0.000000000000000E+000 -6.702430634191556E-264 -1.007332278621932E-261
  0.000000000000000E+000  2.501381166100898E-263  3.759415243921176E-261
  0.000000000000000E+000 -9.335281600984438E-263 -1.403032869706277E-260
  0.000000000000000E+000  3.483974523783438E-262  5.236189954433366E-260
  0.000000000000000E+000 -1.300236993503623E-261 -1.954172694802579E-259
  0.000000000000000E+000  4.852550521636151E-261  7.293071783766981E-259
  0.000000000000000E+000 -1.810996509304098E-260 -2.721811444026535E-258
  0.000000000000000E+000  6.758730985052774E-260  1.015793859772944E-257
  0.000000000000000E+000 -2.522392743090520E-259 -3.790994294689394E-257
  0.000000000000000E+000  9.413697873857480E-259  1.414818331898362E-256
  0.000000000000000E+000 -3.513239875233940E-258 -5.280173898124510E-256
  0.000000000000000E+000  1.311158971355001E-257  1.970587726059967E-255
  0.000000000000000E+000 -4.893311897896610E-257 -7.354333514427419E-255
  0.000000000000000E+000  1.826208862023013E-256  2.744674633165167E-254
  0.000000000000000E+000 -6.815504258302880E-256 -1.024326518121720E-253
  0.000000000000000E+000  2.543580817118851E-255  3.822838609170361E-253
  0.000000000000000E+000 -9.492772842645118E-255 -1.426702791855973E-252
  0.000000000000000E+000  3.542751055346161E-254  5.324527306506855E-252
  0.000000000000000E+000 -1.322172693711918E-253 -1.987140643417287E-251
  0.000000000000000E+000  4.934415669313766E-253  7.416109843017400E-251
  0.000000000000000E+000 -1.841548998354051E-252 -2.767729872865628E-250
  0.000000000000000E+000  6.872754426485321E-252  1.032930850716003E-249
  0.000000000000000E+000 -2.564946870758722E-251 -3.854950415577451E-249
  0.000000000000000E+000  9.572512040386358E-251  1.438687081159380E-248
  0.000000000000000E+000 -3.572510129078671E-250 -5.369253283079775E-248
  0.000000000000000E+000  1.333278931227510E-249  2.003832605116115E-247
  0.000000000000000E+000 -4.975864712002529E-249 -7.478405092155950E-247
  0.000000000000000E+000  1.857017991678261E-248  2.790978776350769E-246
  0.000000000000000E+000 -6.930485495512790E-248 -1.041607459618748E-245
  0.000000000000000E+000  2.586492399037290E-247  3.887331960839916E-245
  0.000000000000000E+000 -9.652921046597195E-247 -1.450772038374195E-244
  0.000000000000000E+000  3.602519178735405E-246  5.414354957412404E-244
  0.000000000000000E+000 -1.344478461028190E-245 -2.020664779127542E-243
  0.000000000000000E+000  5.017661926239221E-245  7.541223620768927E-243
  0.000000000000000E+000 -1.872616924392869E-244 -2.814422970394817E-242
  0.000000000000000E+000  6.988701504947058E-244  1.050356951950313E-241
  0.000000000000000E+000 -2.608218909539722E-243 -3.919985510761489E-241
  0.000000000000000E+000  9.734005487664181E-243  1.462958509109564E-240
  0.000000000000000E+000 -3.632780304111702E-242 -5.459835485362108E-240
  0.000000000000000E+000  1.355772066768039E-241  2.037638343233887E-239
  0.000000000000000E+000 -5.059810236660624E-241 -7.604569824399882E-239
  0.000000000000000E+000  1.888346887987716E-240  2.838064095436158E-238
  0.000000000000000E+000 -7.047406528283793E-240 -1.059179939930616E-237
  0.000000000000000E+000  2.630127922514935E-239  3.952913350178566E-237
  0.000000000000000E+000 -9.815771037231354E-239 -1.475247346078365E-236
  0.000000000000000E+000  3.663295622641050E-238  5.505698049295602E-236
  0.000000000000000E+000 -1.367160538684106E-237 -2.054754485110405E-235
  0.000000000000000E+000  5.102312592471956E-237  7.668448135512607E-235
  0.000000000000000E+000 -1.904208983120508E-236 -2.861903805693798E-234
  0.000000000000000E+000  7.106604673234837E-236  1.068077040922393E-233
  0.000000000000000E+000 -2.652220970981884E-235 -3.986117783120193E-233
  0.000000000000000E+000  9.898223416604049E-235  1.487639409155838E-232
  0.000000000000000E+000 -3.694067269543168E-234 -5.551945858311729E-232
  0.000000000000000E+000  1.378644673651325E-233  2.072014402408960E-231
  0.000000000000000E+000 -5.145171967650983E-233 -7.732863023804667E-231
  0.000000000000000E+000  1.920204319695262E-232  2.885943769280971E-230
  0.000000000000000E+000 -7.166300082015948E-232 -1.077048877474342E-229
  0.000000000000000E+000  2.674499600836662E-231  4.019601132969557E-229
  0.000000000000000E+000 -9.981368395145766E-231 -1.500135565440281E-228
  0.000000000000000E+000  3.725097397974642E-230  5.598582148464171E-228
  0.000000000000000E+000 -1.390225275238399E-229 -2.089419302841640E-227
  0.000000000000000E+000  5.188391361156129E-229  7.797818996520144E-227
  0.000000000000000E+000 -1.936334016938474E-228 -2.910185668324102E-226
  0.000000000000000E+000  7.226496931639317E-228  1.086096077364284E-225
  0.000000000000000E+000 -2.696965370961495E-227 -4.053365742625306E-225
  0.000000000000000E+000  1.006521179068277E-226  1.512736689313586E-224
  0.000000000000000E+000 -3.756388179176955E-226 -5.645610182991813E-224
  0.000000000000000E+000  1.401903153763955E-225  2.106970404265367E-223
  0.000000000000000E+000 -5.231973797138121E-225 -7.863320598762285E-223
  0.000000000000000E+000  1.952599203478715E-224  2.934631199078587E-222
  0.000000000000000E+000 -7.287199434201566E-224 -1.095219273643734E-221
  0.000000000000000E+000  2.719619853332756E-223  4.087413974667077E-221
  0.000000000000000E+000 -1.014975946991086E-222 -1.525443662502457E-220
  0.000000000000000E+000  3.787941802630933E-222  5.693033252543325E-220
  0.000000000000000E+000 -1.413679126353316E-221 -2.124668934767008E-219
  0.000000000000000E+000  5.275922325149982E-221  7.929372413813984E-219
  0.000000000000000E+000 -1.969001017424730E-220 -2.959282072048787E-218
  0.000000000000000E+000  7.348411837183924E-220  1.104419104681375E-217
  0.000000000000000E+000 -2.742464633131096E-219 -4.121748211520620E-217
  0.000000000000000E+000  1.023501734880563E-218  1.538257374140165E-216
  0.000000000000000E+000 -3.819760476209141E-218 -5.740854675408599E-216
  0.000000000000000E+000  1.425554016995651E-217  2.142516132749347E-215
  0.000000000000000E+000 -5.320240020361689E-217 -7.995979063456526E-215
  0.000000000000000E+000  1.985540606445111E-216  2.984140012107676E-214
  0.000000000000000E+000 -7.410138423744007E-216 -1.113696214208545E-213
  0.000000000000000E+000  2.765501308853192E-215  4.156370855623262E-213
  0.000000000000000E+000 -1.032099139303800E-214 -1.551178720828506E-212
  0.000000000000000E+000  3.851846426330017E-214  5.789077797751491E-212
  0.000000000000000E+000 -1.437528656601627E-213 -2.160513247017746E-211
  0.000000000000000E+000  5.364929983773505E-213  8.063145208295834E-211
  0.000000000000000E+000 -2.002219127849168E-212 -3.009206758616667E-210
  0.000000000000000E+000  7.472383513019322E-212  1.123051251363708E-209
  0.000000000000000E+000 -2.788731492422910E-211 -4.191284329593016E-209
  0.000000000000000E+000  1.040768761838971E-210  1.564208606700836E-208
  0.000000000000000E+000 -3.884201898113593E-210 -5.837705993844040E-208
  0.000000000000000E+000  1.449603883061488E-209  2.178661536867610E-207
  0.000000000000000E+000 -5.409995342434595E-209 -8.130875548086037E-207
  0.000000000000000E+000  2.019037748667761E-208  3.034484065547545E-206
  0.000000000000000E+000 -7.535151460427583E-208 -1.132484870738158E-205
  0.000000000000000E+000  2.812156809304257E-207  4.226491076397876E-205
  0.000000000000000E+000 -1.049511209117427E-206 -1.577347943485335E-204
  0.000000000000000E+000  3.916829155539142E-206  5.886742666301761E-204
  0.000000000000000E+000 -1.461780541303914E-205 -2.196962272172171E-203
  0.000000000000000E+000  5.455439249661937E-205  8.199174822058215E-203
  0.000000000000000E+000 -2.035997645734383E-204 -3.059973701606069E-202
  0.000000000000000E+000  7.598446657971340E-204  1.141997732421845E-201
  0.000000000000000E+000 -2.835778898614996E-203 -4.261993559526927E-201
  0.000000000000000E+000  1.058327092866285E-202  1.590597650568586E-200
  0.000000000000000E+000 -3.949730481603782E-202 -5.936191246321439E-200
  0.000000000000000E+000  1.474059483354884E-201  2.215416733471717E-199
  0.000000000000000E+000 -5.501264885259161E-201 -8.268047809254725E-199
  0.000000000000000E+000  2.053100005768174E-200  3.085677450354718E-198
  0.000000000000000E+000 -7.662273534546509E-200 -1.151590502049381E-197
  0.000000000000000E+000  2.859599413241888E-199  4.297794263161899E-197
  0.000000000000000E+000 -1.067217029951252E-198 -1.603958655059879E-196
  0.000000000000000E+000  3.982908178480963E-198  5.986055193923111E-196
  0.000000000000000E+000 -1.486441568397207E-197 -2.234026212063336E-195
  0.000000000000000E+000  5.547475455740927E-197  8.337499328860737E-195
  0.000000000000000E+000 -2.070346025456651E-196 -3.111597110337961E-194
  0.000000000000000E+000  7.726636556252235E-196  1.161263850846619E-193
  0.000000000000000E+000 -2.883620019955331E-195 -4.333895692352523E-193
  0.000000000000000E+000  1.076181642419611E-194  1.617431891856347E-192
  0.000000000000000E+000 -4.016364567682764E-194 -6.036337998190354E-192
  0.000000000000000E+000  1.498927662831198E-193  2.252792010090426E-191
  0.000000000000000E+000 -5.594074194556517E-193 -8.407534240542669E-191
  0.000000000000000E+000  2.087736911539412E-192  3.137734495208137E-190
  0.000000000000000E+000 -7.791540226702276E-192 -1.171018455677786E-189
  0.000000000000000E+000  2.907842399526865E-191  4.370300373190487E-189
  0.000000000000000E+000 -1.085221557543762E-190 -1.631018303708358E-188
  0.000000000000000E+000  4.050101990222363E-190  6.087043177514383E-188
  0.000000000000000E+000 -1.511518640334514E-189 -2.271715440634999E-187
  0.000000000000000E+000  5.641064362316023E-189  8.478157444788254E-187
  0.000000000000000E+000 -2.105273880892958E-188 -3.164091433851801E-186
  0.000000000000000E+000  7.856989087339946E-188  1.180854999092880E-185
  0.000000000000000E+000 -2.932268246846788E-187 -4.407010852986183E-185
  0.000000000000000E+000  1.094337407865277E-186  1.644718841285244E-184
  0.000000000000000E+000 -4.084122806776573E-186 -6.138174279842138E-184
  0.000000000000000E+000  1.524215381924102E-185  2.290797827808331E-183
  0.000000000000000E+000 -5.688449247018544E-185 -8.549373883249416E-183
  0.000000000000000E+000  2.122958160615084E-184  3.190669770518819E-182
  0.000000000000000E+000 -7.922987717758482E-184 -1.190774169375033E-181
  0.000000000000000E+000  2.956899271041778E-183  4.444029700448411E-181
  0.000000000000000E+000 -1.103529831239166E-182 -1.658534463241802E-180
  0.000000000000000E+000  4.118429397852487E-182  6.189734882922365E-180
  0.000000000000000E+000 -1.537018776017023E-181 -2.310040506844849E-179
  0.000000000000000E+000  5.736232164283048E-181  8.621188539086849E-179
  0.000000000000000E+000 -2.140790988111440E-180 -3.217471364950370E-178
  0.000000000000000E+000  7.989540736017742E-180  1.200776660589236E-177
  0.000000000000000E+000 -2.981737195595954E-179 -4.481359505861908E-177
  0.000000000000000E+000  1.112799470878164E-178  1.672466136285900E-176
  0.000000000000000E+000 -4.153024163953209E-178 -6.241728594557184E-176
  0.000000000000000E+000  1.549929718493467E-177  2.329444824194284E-175
  0.000000000000000E+000 -5.784416457578340E-177 -8.693606437321727E-175
  0.000000000000000E+000  2.158773611182067E-176  3.244498092509146E-174
  0.000000000000000E+000 -8.056652798970435E-176 -1.210863172630441E-173
  0.000000000000000E+000  3.006783758469858E-175  4.519002881271012E-173
  0.000000000000000E+000 -1.122146975398279E-174 -1.686514835245300E-172
  0.000000000000000E+000  4.187909525745982E-174  6.294159052854325E-172
  0.000000000000000E+000 -1.562949112758620E-173 -2.349012137617116E-171
  0.000000000000000E+000  5.833005498459885E-173  8.766632645183032E-171
  0.000000000000000E+000 -2.176907288108013E-172 -3.271751844311618E-170
  0.000000000000000E+000  8.124328602586355E-172  1.221034411272773E-169
  0.000000000000000E+000 -3.032040712223741E-171 -4.556962460659930E-169
  0.000000000000000E+000  1.131572998863592E-170  1.700681543136756E-168
  0.000000000000000E+000 -4.223087924232145E-170 -6.347029926480802E-168
  0.000000000000000E+000  1.576077869806499E-169  2.368743816278645E-167
  0.000000000000000E+000 -5.882002686802572E-169 -8.840272272466817E-167
  0.000000000000000E+000  2.195193287740458E-168  3.299234527358744E-166
  0.000000000000000E+000 -8.192572882281279E-168 -1.231291088218874E-165
  0.000000000000000E+000  3.057509824138576E-167  4.595240900139456E-165
  0.000000000000000E+000 -1.141078200832618E-166 -1.714967251233895E-164
  0.000000000000000E+000  4.258561820916460E-166  6.400344914921863E-164
  0.000000000000000E+000 -1.589316908283379E-165 -2.388641240845270E-163
  0.000000000000000E+000  5.931411451041872E-165  8.914530471888894E-163
  0.000000000000000E+000 -2.213632889588330E-164 -3.326948064671150E-162
  0.000000000000000E+000  8.261390413249431E-164  1.241633921149526E-161
  0.000000000000000E+000 -3.083192876340939E-163 -4.633840878130990E-161
  0.000000000000000E+000  1.150663246403840E-162  1.729372959137505E-160
  0.000000000000000E+000 -4.294333697981420E-162 -6.454107748736691E-160
  0.000000000000000E+000  1.602667154552127E-161  2.408705803581012E-159
  0.000000000000000E+000 -5.981235248410579E-161 -8.989412439450059E-159
  0.000000000000000E+000  2.232227383909019E-160  3.354894395421922E-158
  0.000000000000000E+000 -8.330786010794718E-160 -1.252063633774313E-157
  0.000000000000000E+000  3.109091665927097E-159  4.672765095554893E-157
  0.000000000000000E+000 -1.160328806262891E-158 -1.743899674844526E-156
  0.000000000000000E+000  4.330406058458701E-158  6.508322189822846E-156
  0.000000000000000E+000 -1.616129542757249E-157 -2.428938908444599E-155
  0.000000000000000E+000  6.031477565183127E-157  9.064923414796110E-155
  0.000000000000000E+000 -2.250978071797444E-156 -3.383075475074105E-154
  0.000000000000000E+000  8.400764530671767E-156  1.262580955881636E-153
  0.000000000000000E+000 -3.135208005088851E-155 -4.712016276019300E-153
  0.000000000000000E+000  1.170075556728864E-154  1.758548414819494E-152
  0.000000000000000E+000 -4.366781426406571E-154 -6.562992031676045E-152
  0.000000000000000E+000  1.629705014889683E-153  2.449341971188556E-151
  0.000000000000000E+000 -6.082141916918294E-153 -9.141068681586292E-151
  0.000000000000000E+000  2.269886265278350E-152  3.411493275515661E-150
  0.000000000000000E+000 -8.471330869421262E-152 -1.273186623390447E-149
  0.000000000000000E+000  3.161543721240785E-151  4.751597166010051E-149
  0.000000000000000E+000 -1.179904179802059E-150 -1.773320204065039E-148
  0.000000000000000E+000  4.403462347084314E-150  6.618121099658915E-148
  0.000000000000000E+000 -1.643394520853520E-149 -2.469916419457062E-147
  0.000000000000000E+000  6.133231848705428E-149  9.217853567862686E-147
  0.000000000000000E+000 -2.288953287396901E-148 -3.440149785199245E-146
  0.000000000000000E+000  8.542489964717062E-148  1.283881378401071E-145
  0.000000000000000E+000 -3.188100657147019E-147 -4.791510535084532E-145
  0.000000000000000E+000  1.189815363211680E-146  1.788216076193641E-144
  0.000000000000000E+000 -4.440451387132020E-146 -6.673713251266112E-144
  0.000000000000000E+000  1.657199018531580E-145  2.490663692887170E-143
  0.000000000000000E+000 -6.184750935413338E-145 -9.295283446421736E-143
  0.000000000000000E+000  2.308180472312095E-144  3.469047009280101E-142
  0.000000000000000E+000 -8.614246795707354E-144 -1.294665969247777E-141
  0.000000000000000E+000  3.214880671051732E-143  4.831759176063097E-141
  0.000000000000000E+000 -1.199809800463576E-142 -1.803237073500526E-140
  0.000000000000000E+000  4.477751134749292E-142  6.729772376395552E-140
  0.000000000000000E+000 -1.671119473853360E-141 -2.511585243208168E-139
  0.000000000000000E+000  6.236702781938285E-141  9.373363735193453E-139
  0.000000000000000E+000 -2.327569165390061E-140 -3.498186969756439E-138
  0.000000000000000E+000  8.686606383366415E-140  1.305541150550641E-137
  0.000000000000000E+000 -3.241885636807444E-139 -4.872345905227095E-137
  0.000000000000000E+000  1.209888190889357E-138  1.818384247035709E-136
  0.000000000000000E+000 -4.515364199876522E-138 -6.786302397620368E-136
  0.000000000000000E+000  1.685156860861733E-137  2.532682534344486E-135
  0.000000000000000E+000 -6.289091023459282E-137 -9.452099897615905E-135
  0.000000000000000E+000  2.347120723297454E-136  3.527571705612040E-134
  0.000000000000000E+000 -8.759573790844204E-136 -1.316507683268610E-133
  0.000000000000000E+000  3.269117444007937E-135  4.913273562513235E-133
  0.000000000000000E+000 -1.220051239694689E-134 -1.833658656678499E-132
  0.000000000000000E+000  4.553293214378123E-134  6.843307270462426E-132
  0.000000000000000E+000 -1.699312161781781E-133 -2.553957042517120E-131
  0.000000000000000E+000  6.341919325689083E-133  9.531497443022580E-131
  0.000000000000000E+000 -2.366836514097540E-132 -3.557203272957193E-130
  0.000000000000000E+000  8.833154123820937E-132  1.327566334752699E-129
  0.000000000000000E+000 -3.296577998118739E-131 -4.954545011714899E-129
  0.000000000000000E+000  1.230299658009286E-130  1.849061371210690E-128
  0.000000000000000E+000 -4.591540832225106E-130 -6.900790983671516E-128
  0.000000000000000E+000  1.713586367089175E-129  2.575410256347445E-127
  0.000000000000000E+000 -6.395191385134190E-129 -9.611561927022627E-127
  0.000000000000000E+000  2.386717917344672E-128  3.587083745174435E-126
  0.000000000000000E+000 -8.907352530865589E-128 -1.338717878799500E-125
  0.000000000000000E+000  3.324269220611770E-127  4.996163140680555E-125
  0.000000000000000E+000 -1.240634162936007E-126 -1.864593468392339E-124
  0.000000000000000E+000  4.630109729683017E-126  6.958757559501051E-124
  0.000000000000000E+000 -1.727980475579545E-125 -2.597043676961279E-123
  0.000000000000000E+000  6.448910929350107E-125  9.692298951894667E-123
  0.000000000000000E+000 -2.406766324182088E-124 -3.617215213061738E-122
  0.000000000000000E+000  8.982174203793022E-124  1.349963095705797E-121
  0.000000000000000E+000 -3.352193049099119E-123 -5.038130861516834E-121
  0.000000000000000E+000  1.251055477601718E-122  1.880256035036154E-120
  0.000000000000000E+000 -4.669002605496792E-122 -7.017211053993184E-120
  0.000000000000000E+000  1.742495494438608E-121  2.618858818093564E-119
  0.000000000000000E+000 -6.503081717204519E-121 -9.773714166975290E-119
  0.000000000000000E+000  2.426983137438033E-120  3.647599784980629E-118
  0.000000000000000E+000 -9.057624378031683E-120 -1.361302772322499E-117
  0.000000000000000E+000  3.380351437468748E-119  5.080451110792114E-117
  0.000000000000000E+000 -1.261564331207227E-118 -1.896050167084528E-116
  0.000000000000000E+000  4.708222181082036E-118  7.076155557258899E-116
  0.000000000000000E+000 -1.757132439312028E-117 -2.640857206195201E-115
  0.000000000000000E+000  6.557707539140144E-117  9.855813269054562E-115
  0.000000000000000E+000 -2.447369771724855E-116 -3.678239587002305E-114
  0.000000000000000E+000  9.133708332985074E-116  1.372737702110425E-113
  0.000000000000000E+000 -3.408746356021668E-115 -5.123126849741287E-113
  0.000000000000000E+000  1.272161459078771E-114  1.911976969685541E-112
  0.000000000000000E+000 -4.747771200713086E-114 -7.135595193767780E-112
  0.000000000000000E+000  1.771892334377358E-113  2.663040380538558E-111
  0.000000000000000E+000 -6.612792217437883E-113 -9.938602002777809E-111
  0.000000000000000E+000  2.467927653537506E-112  3.709136763057135E-110
  0.000000000000000E+000 -9.210431392406236E-112 -1.384268685195076E-109
  0.000000000000000E+000  3.437379791608620E-111  5.166161064474774E-109
  0.000000000000000E+000 -1.282847602719431E-110 -1.928037557270333E-108
  0.000000000000000E+000  4.787652431716864E-110  7.195534122633853E-108
  0.000000000000000E+000 -1.786776212414738E-109 -2.685409893326604E-107
  0.000000000000000E+000  6.668339606487506E-109  1.002208616104267E-106
  0.000000000000000E+000 -2.488658221353440E-108 -3.740293475084542E-106
  0.000000000000000E+000  9.287798924765338E-108  1.395896528423340E-105
  0.000000000000000E+000 -3.466253747770792E-107 -5.209556766184906E-105
  0.000000000000000E+000  1.293623509860617E-106  1.944233053631698E-104
  0.000000000000000E+000 -4.827868664665560E-106 -7.255976537908041E-104
  0.000000000000000E+000  1.801785114880163E-105  2.707967309800046E-103
  0.000000000000000E+000 -6.724353593053854E-105 -1.010627158540974E-102
  0.000000000000000E+000  2.509562925733615E-104  3.771711903183757E-102
  0.000000000000000E+000 -9.365816343629075E-104 -1.407622045419406E-101
  0.000000000000000E+000  3.495370244878143E-103  5.253316991359435E-101
  0.000000000000000E+000 -1.304489934515013E-102 -1.960564592001763E-100
  0.000000000000000E+000  4.868422713572064E-102  7.316926668871371E-100
  0.000000000000000E+000 -1.816920091977389E-101 -2.730714208348274E-099
  0.000000000000000E+000  6.780838096552352E-101  1.019116416650596E-098
  0.000000000000000E+000 -2.530643229423111E-100 -3.803394245767692E-098
  0.000000000000000E+000  9.444489108037541E-100  1.419446056641966E-097
  0.000000000000000E+000 -3.524731320272706E-099 -5.297444801991096E-097
  0.000000000000000E+000  1.315447637028660E-098  1.977033315132312E-096
  0.000000000000000E+000 -4.909317416087545E-098 -7.378388780329876E-096
  0.000000000000000E+000  1.832182202732152E-097  2.753652180618719E-095
  0.000000000000000E+000 -6.837797069319607E-097 -1.027676984444226E-094
  0.000000000000000E+000  2.551900607454720E-096  3.835342719714893E-094
  0.000000000000000E+000 -9.523822722886578E-096 -1.431369389441586E-093
  0.000000000000000E+000  3.554339028409285E-095  5.341943285794663E-093
  0.000000000000000E+000 -1.326497384134848E-094 -1.993640375373707E-092
  0.000000000000000E+000  4.950555633698286E-094  7.440367172915626E-092
  0.000000000000000E+000 -1.847572515065896E-093 -2.776782831628780E-091
  0.000000000000000E+000  6.895234496893758E-093  1.036309460922356E-090
  0.000000000000000E+000 -2.573336547250821E-092 -3.867559560526684E-090
  0.000000000000000E+000  9.603822739314251E-092  1.443392878118386E-089
  0.000000000000000E+000 -3.584195441000619E-091 -5.386815556420876E-089
  0.000000000000000E+000  1.337639949007057E-090  2.010386934756584E-088
  0.000000000000000E+000 -4.992140251928344E-090 -7.502866183383979E-088
  0.000000000000000E+000  1.863092105870565E-089  2.800107779878033E-087
  0.000000000000000E+000 -6.953154398289674E-089 -1.045014450117336E-086
  0.000000000000000E+000  2.594952548728814E-088  3.900047022481541E-086
  0.000000000000000E+000 -9.684494755085937E-088 -1.455517363980935E-085
  0.000000000000000E+000  3.614302647161624E-087  5.432064753675390E-085
  0.000000000000000E+000 -1.348876111313790E-086 -2.027274165072062E-084
  0.000000000000000E+000  5.034074180538816E-086  7.565890184920982E-084
  0.000000000000000E+000 -1.878742061084215E-085 -2.823628657461085E-083
  0.000000000000000E+000  7.011560826282730E-085  1.053792561135262E-082
  0.000000000000000E+000 -2.616750124404763E-084 -3.932807378794799E-082
  0.000000000000000E+000  9.765844414990780E-084  1.467743695404393E-081
  0.000000000000000E+000 -3.644662753555705E-083 -5.477694043738290E-081
  0.000000000000000E+000  1.360206657272423E-082  2.044303247954803E-080
  0.000000000000000E+000 -5.076360353734122E-082 -7.629443587445384E-080
  0.000000000000000E+000  1.894523475766338E-081  2.847347110182775E-079
  0.000000000000000E+000 -7.070457867692192E-081 -1.062644408198618E-078
  0.000000000000000E+000  2.638730799500244E-080  3.965842921776194E-078
  0.000000000000000E+000 -9.847877411231400E-080 -1.480072727890669E-077
  0.000000000000000E+000  3.675277884542669E-079  5.523706619384858E-077
  0.000000000000000E+000 -1.371632379704704E-078 -2.061475374964950E-076
  0.000000000000000E+000  5.119001730364733E-078  7.693530837921040E-076
  0.000000000000000E+000 -1.910437454175424E-077 -2.871264797671921E-075
  0.000000000000000E+000  7.129849643664959E-077  1.071570610689596E-074
  0.000000000000000E+000 -2.660896112048537E-076 -3.999155962991050E-074
  0.000000000000000E+000  9.930599483827655E-076  1.492505324127460E-073
  0.000000000000000E+000 -3.706150182326074E-075 -5.570105700210935E-073
  0.000000000000000E+000  1.383154078092203E-074  2.078791747671553E-072
  0.000000000000000E+000 -5.162001294136204E-074 -7.758156420665120E-072
  0.000000000000000E+000  1.926485109845192E-073  2.895383393498996E-071
  0.000000000000000E+000 -7.189740309967405E-073 -1.080571793192909E-070
  0.000000000000000E+000  2.683247613002348E-072  4.032748833421879E-070
  0.000000000000000E+000 -1.001401642101301E-071 -1.505042354049407E-069
  0.000000000000000E+000  3.737281807104968E-071  5.616894532855440E-069
  0.000000000000000E+000 -1.394772558631808E-070 -2.096253577737311E-068
  0.000000000000000E+000  5.205362053816919E-070  7.823324857663418E-068
  0.000000000000000E+000 -1.942667565663587E-069 -2.919704585291636E-067
  0.000000000000000E+000  7.250134057272395E-069  1.089648585540059E-066
  0.000000000000000E+000 -2.705786866342696E-068 -4.066623883630928E-066
  0.000000000000000E+000  1.009813405964355E-067  1.517684694898365E-065
  0.000000000000000E+000 -3.768674937223014E-067 -5.664076391230571E-065
  0.000000000000000E+000  1.406488634292820E-066  2.113862087002316E-064
  0.000000000000000E+000 -5.249087043448795E-066 -7.889040708886490E-064
  0.000000000000000E+000  1.958985953950305E-065  2.944230074854260E-063
  0.000000000000000E+000 -7.311035111456343E-065 -1.098801622852839E-062
  0.000000000000000E+000  2.728515449187409E-064  4.100783483926077E-062
  0.000000000000000E+000 -1.018295828560436E-063 -1.530433231285092E-061
  0.000000000000000E+000  3.800331769323005E-063  5.711654576747760E-061
  0.000000000000000E+000 -1.418303124873107E-062 -2.131618507570671E-060
  0.000000000000000E+000  5.293179322560319E-062  7.955308572607623E-060
  0.000000000000000E+000 -1.975441416536817E-061 -2.968961578285982E-059
  0.000000000000000E+000  7.372447733890969E-061  1.108031545588356E-058
  0.000000000000000E+000 -2.751434951902804E-060 -4.135230024524678E-058
  0.000000000000000E+000  1.026849503422176E-059  1.543288855251091E-057
  0.000000000000000E+000 -3.832254518498559E-059 -5.759632418551690E-057
  0.000000000000000E+000  1.430216857057206E-058  2.149524081895567E-056
  0.000000000000000E+000 -5.337641976378777E-058 -8.022133085727386E-056
  0.000000000000000E+000  1.992035104845862E-057  2.993900826101290E-055
  0.000000000000000E+000 -7.434376221745569E-057 -1.117338999583242E-054
  0.000000000000000E+000  2.774546978213543E-056  4.169965915722990E-054
  0.000000000000000E+000 -1.035475029067998E-055 -1.556252466330816E-053
  0.000000000000000E+000  3.864445418450501E-055  5.808013273751173E-053
  0.000000000000000E+000 -1.442230664473452E-054 -2.167580062867310E-052
  0.000000000000000E+000  5.382478116048758E-054  8.089518924094122E-052
  0.000000000000000E+000 -2.008768179972086E-053 -3.019049563351026E-051
  0.000000000000000E+000  7.496824908283734E-053  1.126724636099429E-050
  0.000000000000000E+000 -2.797853145316286E-052 -4.204993588062612E-050
  0.000000000000000E+000  1.044173009043639E-051  1.569324971615158E-049
  0.000000000000000E+000 -3.896906721643069E-051 -5.856800527654161E-049
  0.000000000000000E+000  1.454345387752864E-050  2.185787713900149E-048
  0.000000000000000E+000 -5.427690878846952E-050 -8.157470802835470E-048
  0.000000000000000E+000  2.025641812763567E-049  3.044409549744064E-047
  0.000000000000000E+000 -7.559798163169304E-049 -1.136189111869312E-046
  0.000000000000000E+000  2.821355083991466E-048  4.240315492502689E-046
  0.000000000000000E+000 -1.052944051964894E-047 -1.582507285814144E-045
  0.000000000000000E+000  3.929640699460286E-047  5.905997594006520E-045
  0.000000000000000E+000 -1.466561874587677E-046 -2.204148309021115E-044
  0.000000000000000E+000  5.473283428404681E-046  8.225993476683806E-044
  0.000000000000000E+000 -2.042657183903031E-045 -3.069982559771521E-043
  0.000000000000000E+000  7.623300392771930E-045  1.145733089141729E-042
  0.000000000000000E+000 -2.845054438718470E-044 -4.275934100589764E-042
  0.000000000000000E+000  1.061788771559630E-043  1.595800331321790E-041
  0.000000000000000E+000 -3.962649642366815E-043 -5.955607915227970E-041
  0.000000000000000E+000  1.478880979790711E-042  2.222663132959089E-040
  0.000000000000000E+000 -5.519258954926358E-042 -8.295091740313261E-040
  1.384154365686012E-313  2.059815483991472E-041  3.095770382829395E-039
  5.484465796244714E-303 -7.687336040472977E-041 -1.155357235728667E-038
  1.123501745225290E-292  2.868952867790146E-040  4.311851904631573E-038
  1.209514160883751E-282 -1.070707786711329E-039 -1.609205038279763E-037
  6.953329498329971E-273  3.995935860066156E-039  6.005634962656108E-037
  2.168244984180402E-263 -1.491303565355383E-038 -2.241333481234386E-036
  3.723850318122683E-254  5.565620675414917E-038  8.364770428671934E-036
  3.575427470449417E-245 -2.077117913630354E-037 -3.121774823345447E-035
  1.947382989395335E-236  7.751909586980200E-037  1.165062225051418E-034
  6.103142841071127E-228 -2.893052043428942E-036 -4.348071417871282E-034
  1.116051040894386E-219  1.079701721501813E-035  1.622722344643313E-033
  1.207130020841951E-211 -4.029501681664359E-035 -6.056082236786123E-033
  7.825986805823588E-204  1.503830500515508E-034  2.260160660250199E-032
  3.080932744772310E-196 -5.612371833895799E-034 -8.435034417321881E-032
  7.459274161706737E-189  2.094565683506769E-033  3.147997700903733E-031
  1.124523036479385E-181 -7.817025550637215E-033 -1.174848736188316E-030
  1.068462954231030E-174  2.917353651904314E-032  4.384595174662735E-030
  6.474558289996343E-168 -1.088771205255353E-031 -1.636353196246262E-029
  2.531288009140028E-161  4.063349455830835E-031  6.106953267518995E-029
  6.457410049762472E-155 -1.516462661806853E-030 -2.279145987382890E-028
  1.086803797736993E-148  5.659515701644127E-030  8.505888622779965E-028
  1.219828756819450E-142 -2.112160014477041E-029 -3.174440850373583E-027
  9.227227334719401E-137  7.882688487743753E-029  1.184717453921634E-026
  4.752596623641493E-131 -2.941859393649691E-028 -4.421425730649335E-026
  1.683589230267647E-125  1.097916872582478E-027  1.650098546867511E-025
  4.142307907962094E-120 -4.097481550964944E-027 -6.158251614405112E-025
  7.146690695444221E-115  1.529200933127674E-026  2.298290791075376E-024
  8.727324253189414E-110 -5.707055577414408E-026 -8.577338002860685E-024
  7.612579003648037E-105  2.129902137652997E-025  3.201106122036736E-023
  4.785464534662694E-100 -7.948902992870258E-025 -1.194669068786130E-022
  2.186919892217151E-095  2.966570983382910E-024  4.458565662940689E-022
  7.327284108353451E-091 -1.107139363424422E-023 -1.663959358297722E-021
  1.814893746199373E-086  4.131900355359545E-023  6.209980866896597E-021
  3.350176370339194E-082 -1.542046205801376E-022 -2.317596410928867E-020
  4.645348339916639E-078  5.754994787669342E-022  8.649387557026116E-020
  4.875802803533120E-074 -2.147793294487676E-021 -3.227995381717444E-019
  3.903133328283664E-070  8.015673699183772E-021  1.204704277116716E-018
  2.400506978274821E-066 -2.991490150224633E-020 -4.496017570295283E-018
  1.142405424560636E-062  1.116439323098055E-019  1.677936600406381E-017
  4.236377618892379E-059 -4.166608277369612E-019 -6.262144644596220E-017
  1.232483886794563E-055  1.554999378638094E-018  2.337064197797767E-016
  2.831797347928783E-052 -5.803336686815417E-018 -8.722042326731445E-016
  5.171875278145215E-049  2.165834736862280E-017  3.255110510912918E-015
  7.555776021250383E-046 -8.083005278767863E-017 -1.214823781097809E-014
  8.884352809813439E-043  3.016618637820919E-016  4.533784073299945E-014
  8.458415725779609E-040 -1.125817402340648E-015 -1.692031251210258E-013
  6.558405838053795E-037  4.201607745580650E-015  6.314746597510809E-013
  4.164925324165770E-034 -1.568061357998196E-014 -2.356695513883298E-012
  2.178121921341302E-031  5.852084657434509E-014  8.795307395782428E-012
  9.429277537397098E-029 -2.184027727173939E-013 -3.282453406924417E-011
  3.395339453041184E-026  8.150902442996208E-013  1.225028288815800E-010
  1.021188823661992E-023 -3.041958203152050E-012 -4.571867813424914E-010
  2.572746982563753E-021  1.135274290316791E-011  1.706244325314911E-009
  5.431565520621718E-019 -4.236894271464619E-011 -6.367784443462258E-009
  9.559521716300234E-017  1.581354701082092E-010  2.376596086868807E-008
  1.378183572175480E-014 -5.883791914656168E-010 -8.854255906532718E-008
  1.582650908491457E-012  2.401363619200741E-009  3.479686343008068E-007
  1.379717168861438E-010  8.939261381833445E-009  2.193380754266580E-007
  8.600184864062816E-009  1.081018941181662E-006  9.280720008628530E-005
  3.643763502866117E-007  4.307554433158659E-005  3.551143331224228E-003
  1.011606128669836E-005  1.142184294131181E-003  9.182076230567232E-002
  1.810391272757088E-004  1.890446166878756E-002   1.44944823585408     
  2.094746458395410E-003  0.194571409468859        13.7935307434006     
  1.597658216878488E-002   1.25872707977906        78.5454249698520     
  8.285466949276711E-002   5.28207487456319        270.568660691427     
  0.303572837181923        15.0459429524710        576.662066156226     
  0.819299873965118        30.3884296469286        754.636764397121     
   1.69902408416108        45.0295603253391        515.803975642072     
   2.81956291585547        49.8436785256793       -98.0731307084586     
   3.88800975889182        40.5098461023331       -711.842526202008     
   4.60774066875751        20.8626775700176       -992.982318143919     
   4.83341467007293      -0.908490796169555       -896.146319403168     
   4.60191298201310       -17.9872347642879       -585.811092382602     
   4.06148434905171       -27.6155202730223       -249.654858690525     
   3.38115078435150       -30.4427189059403        4.33307293945814     
   2.69358391980863       -28.6568650847686        150.629101772670     
   2.07825648428874       -24.5120103196112        209.028391276414     
   1.56903488637789       -19.6642099594096        211.625123295241     
   1.16973631888810       -15.0823686137852        185.950585694248     
  0.868342937992090       -11.2070176008408        150.321517665710     
  0.646829008661017       -8.15016006859122        114.928238706712     
  0.486805296867677       -5.85253987075404        84.4409472246252     
  0.372203142318507       -4.18444940102510        60.3026615418432     
  0.290177970410894       -3.00229313775434        42.2754460469483     
  0.231065536807804       -2.17657444167925        29.3738476003397     
  0.187906622244770       -1.60284898048565        20.4094796240376     
  0.155841999354665       -1.20297905375353        14.2880486471933     
  0.131542189008761      -0.921519874801961        10.1347377790833     
  0.112744090051425      -0.720481549370059        7.30976733106802     
  9.790777137349230E-002 -0.574344349431349        5.37085525985956     
  8.597698669330534E-002 -0.466095196808739        4.02214426915120     
  7.621798758505662E-002 -0.384374961207632        3.06888707765121     
  6.811305379473062E-002 -0.321539740998074        2.38345300570476     
  6.129061513787960E-002 -0.272383857092166        1.88190319515099     
  5.547929210309391E-002 -0.233310695244264        1.50855466934397     
  5.047743310362630E-002 -0.201796117131427        1.22602948396396     
  4.613269400149721E-002 -0.176039877463305        1.00889190997245     
  4.232816493778610E-002 -0.154737277148887       0.839578123022591     
  3.897280763455534E-002 -0.136927906264206       0.705777274954182     
  3.599476466855241E-002 -0.121894166141509       0.598730986501203     
  3.333660770913974E-002 -0.109092255965236       0.512116843184576     
  3.095191301670482E-002 -9.810457884016828E-002  0.441306288177012     
  2.880275827491995E-002 -8.860645825535558E-002  0.382864987238446     
  2.685786791823349E-002 -8.034254025866223E-002  0.334212014937541     
  2.509122115608014E-002 -7.310983771032072E-002  0.293384321699705     
  2.348099450017026E-002 -6.674538911776685E-002  0.258871850140070     
  2.200874919445898E-002 -6.111716471560279E-002  0.229500648654378     
  2.065880012458541E-002 -5.611728623905416E-002  0.204348993929548     
  1.941772075838278E-002 -5.165691519521833E-002  0.182686489479915     
  1.827395116188928E-002 -4.766235835815015E-002  0.163929346119200     
  1.721748492141354E-002 -4.407207115176508E-002  0.147607189932531     
  1.623961705286830E-002 -4.083433038002728E-002  0.133338173677041     
  1.533273947626507E-002 -3.790541095023158E-002  0.120810132873630     
  1.449017390290916E-002 -3.524814569633875E-002  0.109766187342799     
  1.370603438478421E-002 -3.283077902515208E-002  9.999364406262963E-002
  1.297511355752020E-002 -3.062604782457948E-002  9.131537431618970E-002
  1.229278794261911E-002 -2.861043955761610E-002  8.358306177835519E-002
  1.165493868261102E-002 -2.676358954207962E-002  7.667187699762067E-002
  1.105788485071704E-002 -2.506778834402409E-002  7.047624812591952E-002
  1.049832706629641E-002 -2.350757687020888E-002  6.490648036335700E-002
  9.973299603598941E-003 -2.206941175186311E-002  5.988603719430838E-002
  9.480129536879262E-003 -2.074138740579849E-002  5.534934114243012E-002
  9.016401743860784E-003 -1.951300405566471E-002  5.123998496042868E-002
  8.579928809780811E-003 -1.837497322427855E-002  4.750926899887740E-002
  8.168725049199915E-003 -1.731905393270900E-002  4.411499934955674E-002
  7.780984002557080E-003 -1.633791418530283E-002  4.102049558967628E-002
  7.415058876764245E-003 -1.542501337389799E-002  3.819376783696245E-002
  7.069445489835753E-003 -1.457450206513733E-002  3.560683132761042E-002
  6.742767353175404E-003 -1.378113629336826E-002  3.323513315908067E-002
  6.433762585185228E-003 -1.304020400706110E-002  3.105707096166805E-002
  6.141272399050843E-003 -1.234746173722835E-002  2.905358724319594E-002
  5.864230948034009E-003 -1.169907989506812E-002  2.720782626885021E-002
  5.601656345047629E-003 -1.109159538011810E-002  2.550484283350420E-002
  5.352642701030672E-003 -1.052187040268562E-002  2.393135426399017E-002
  5.116353049745603E-003 -9.987056605922867E-003  2.247552855581831E-002
  4.892013045930199E-003 -9.484563721742792E-003  2.112680282583262E-002
  4.678905339932701E-003 -9.012032117043932E-003  1.987572728959800E-002
  4.476364545590330E-003 -8.567308687737340E-003  1.871383078832541E-002
  4.283772729621454E-003 -8.148425641782579E-003  1.763350457678511E-002
  4.100555360550298E-003 -7.753581781974301E-003  1.662790162693688E-002
  3.926177663465558E-003 -7.381125957326636E-003  1.569084915062408E-002
  3.760141333971704E-003 -7.029542400391354E-003  1.481677243061605E-002
  3.601981570722801E-003 -6.697437708699217E-003  1.400062832559520E-002
  3.451264391094142E-003 -6.383529262908381E-003  1.323784709919520E-002
  3.307584198985892E-003 -6.086634903104466E-003  1.252428141857782E-002
  3.170561577576426E-003 -5.805663709424199E-003  1.185616153144922E-002
  3.039841283141004E-003 -5.539607753960943E-003  1.123005580892112E-002
  2.915090418909912E-003 -5.287534708671965E-003  1.064283592566746E-002
  2.795996770415453E-003 -5.048581209182890E-003  1.009164608899544E-002
  2.682267285932216E-003 -4.821946887514277E-003  9.573875766054864E-003
  2.573626687487479E-003 -4.606888997570826E-003  9.087135521408562E-003
  2.469816199565084E-003 -4.402717566937792E-003  8.629235510697435E-003
  2.370592384049746E-003 -4.208791017414571E-003  8.198166313726163E-003
  2.275726071212002E-003 -4.024512202573643E-003  7.792081915207241E-003
  2.185001377656149E-003 -3.849324817582953E-003  7.409284421975684E-003
  2.098214803103246E-003 -3.682710142413809E-003  7.048210417230289E-003
  2.015174398742364E-003 -3.524184082983721E-003  6.707418753872579E-003
  1.935699000645638E-003 -3.373294479609015E-003  6.385579566143668E-003
  1.859617522402353E-003 -3.229618655646698E-003  6.081464416297495E-003
  1.786768301723213E-003 -3.092761181986339E-003  5.793937418161287E-003
  1.716998496290442E-003 -2.962351836036557E-003  5.521947236891975E-003
  1.650163524595323E-003 -2.838043736075701E-003  5.264519872511138E-003
  1.586126547921283E-003 -2.719511633953580E-003  5.020752135918538E-003
  1.524757990000589E-003 -2.606450350993122E-003  4.789805747145666E-003
  1.465935091203291E-003 -2.498573343507360E-003  4.570901990099498E-003
  1.409541494413300E-003 -2.395611385836773E-003  4.363316860346160E-003
  1.355466860010104E-003 -2.297311360019444E-003  4.166376664579575E-003
  1.303606507613343E-003 -2.203435142338280E-003  3.979454014932854E-003
  1.253861082459295E-003 -2.113758578013858E-003  3.801964186086210E-003
  1.206136244470531E-003 -2.028070536150493E-003  3.633361794435142E-003
  1.160342378251787E-003 -1.946172037845203E-003  3.473137770416699E-003
  1.116394322400975E-003 -1.867875451063235E-003  3.320816592718411E-003
  1.074211116663832E-003 -1.793003746518617E-003  3.175953760539150E-003
  1.033715765587334E-003 -1.721389809330754E-003  3.038133481522078E-003
  9.948350174417428E-004 -1.652875801739408E-003  2.906966553391644E-003
  9.574991572842605E-004 -1.587312572608623E-003  2.782088422334378E-003
  9.216418131314585E-004 -1.524559109834540E-003  2.663157401765971E-003
  8.871997742927278E-004 -1.464482032146425E-003  2.549853035332306E-003
  8.541128209941276E-004 -1.406955117103321E-003  2.441874593142967E-003
  8.223235644925826E-004 -1.351858862364040E-003  2.338939688336706E-003
  7.917772969444578E-004 -1.299080077599612E-003  2.240783001616276E-003
  7.624218503502741E-004 -1.248511504629891E-003  2.147155107638233E-003
  7.342074639510916E-004 -1.200051463575888E-003  2.057821391188886E-003
  7.070866595002211E-004 -1.153603523026920E-003  1.972561047193743E-003
  6.810141238783071E-004 -1.109076192380526E-003  1.891166156729546E-003
  6.559465985604543E-004 -1.066382634670721E-003  1.813440833202358E-003
  6.318427754810298E-004 -1.025440398357350E-003  1.739200430871233E-003
  6.086631988755884E-004 -9.861711666580405E-004  1.668270814119628E-003
  5.863701727108919E-004 -9.485005231268915E-004  1.600487678421714E-003
  5.649276733421750E-004 -9.123577323040321E-004  1.535695921645948E-003
  5.443012670631914E-004 -8.776755343339731E-004  1.473749060648791E-003
  5.244580322387643E-004 -8.443899525600721E-004  1.414508688721794E-003
  5.053664857314391E-004 -8.124401131665861E-004  1.357843972746098E-003
  4.869965133546432E-004 -7.817680760193952E-004  1.303631184308792E-003
  4.693193041032063E-004 -7.523186759269947E-004  1.251753264398546E-003
  4.523072879295850E-004 -7.240393735980036E-004  1.202099417321610E-003
  4.359340768500617E-004 -6.968801156269598E-004  1.154564733386685E-003
  4.201744091800290E-004 -6.707932028949850E-004  1.109049836041037E-003
  4.050040967109553E-004 -6.457331668203736E-004  1.065460553582235E-003
  3.903999746543382E-004 -6.216566529276776E-004  1.023707612405263E-003
  3.763398541895726E-004 -5.985223112545129E-004  9.837063504327362E-004
  3.628024774634128E-004 -5.762906931389630E-004  9.453764500256774E-004
  3.497674748988777E-004 -5.549241539771564E-004  9.086416870316744E-004
  3.372153246803669E-004 -5.343867615616118E-004  8.734296974790622E-004
  3.251273142907300E-004 -5.146442096392258E-004  8.396717579653118E-004
  3.134855039837279E-004 -4.956637363572774E-004  8.073025811252976E-004
  3.022726920829341E-004 -4.774140472873583E-004  7.762601229259435E-004
  2.914723820048184E-004 -4.598652427428045E-004  7.464854028181646E-004
  2.810687509102617E-004 -4.429887491154114E-004  7.179223348209889E-004
  2.710466198947365E-004 -4.267572539866837E-004  6.905175689146744E-004
  2.613914256328393E-004 -4.111446447817801E-004  6.642203422404380E-004
  2.520891933980492E-004 -3.961259507500634E-004  6.389823392446243E-004
  2.431265113834017E-004 -3.816772880668361E-004  6.147575607019076E-004
  2.344905062533462E-004 -3.677758078736875E-004  5.915021997047735E-004
  2.261688198610018E-004 -3.543996470809051E-004  5.691745260021286E-004
  2.181495870691875E-004 -3.415278817654988E-004  5.477347764349953E-004
  2.104214146170939E-004 -3.291404830137364E-004  5.271450523856626E-004
  2.029733609779656E-004 -3.172182750655412E-004  5.073692225903658E-004
  1.957949171562350E-004 -3.057428956298906E-004  4.883728319460964E-004
  1.888759883755927E-004 -2.946967582390742E-004  4.701230157861952E-004
  1.822068766123590E-004 -2.840630165302387E-004  4.525884183708921E-004
  1.757782639309361E-004 -2.738255303454912E-004  4.357391165966863E-004
  1.695811965807117E-004 -2.639688335436104E-004  4.195465477673026E-004
  1.636070698160378E-004 -2.544781034295559E-004  4.039834414425032E-004
  1.578476134030523E-004 -2.453391317131163E-004  3.890237549040514E-004
  1.522948777790762E-004 -2.365382969086802E-004  3.746426126393226E-004
  1.469412208323399E-004 -2.280625380981464E-004  3.608162485759285E-004
  1.417792952714150E-004 -2.198993299843613E-004  3.475219518654147E-004
  1.368020365554893E-004 -2.120366591606670E-004  3.347380155746393E-004
  1.320026513581909E-004 -2.044630015358918E-004  3.224436877353625E-004
  1.273746065390266E-004 -1.971673008489857E-004  3.106191257428447E-004
  1.229116185980830E-004 -1.901389482143400E-004  2.992453525232843E-004
  1.186076435907608E-004 -1.833677626488947E-004  2.883042151745552E-004
  1.144568674805774E-004 -1.768439725226888E-004  2.777783461960765E-004
  1.104536969093462E-004 -1.705581978869785E-004  2.676511261114348E-004
  1.065927503649479E-004 -1.645014336365048E-004  2.579066484640343E-004
  1.028688497280554E-004 -1.586650334581094E-004  2.485296865888807E-004
  9.927701218012908E-005 -1.530406945283340E-004  2.395056618498139E-004
  9.581244245584101E-005 -1.476204429218938E-004  2.308206137184410E-004
  9.247052542400673E-005 -1.423966196917865E-004  2.224611714156159E-004
  8.924681898192643E-005 -1.373618675901110E-004  2.144145266749719E-004
  8.613704724871150E-005 -1.325091183965288E-004  2.066684082522855E-004
  8.313709404400303E-005 -1.278315808218520E-004  1.992110575116398E-004
  8.024299663911593E-005 -1.233227289611137E-004  1.920312051594104E-004
  7.745093976826634E-005 -1.189762912670775E-004  1.851180493505335E-004
  7.475724988821230E-005 -1.147862400184874E-004  1.784612346531281E-004
  7.215838967515217E-005 -1.107467812595705E-004  1.720508321917592E-004
  6.965095274830947E-005 -1.068523451874128E-004  1.658773206415869E-004
  6.723165861012533E-005 -1.030975769648968E-004  1.599315683073102E-004
  6.489734779349852E-005 -9.947732793942804E-005  1.542048158330966E-004
  6.264497720692258E-005 -9.598664724808994E-005  1.486886599613019E-004
  6.047161566886512E-005 -9.262077378923582E-005  1.433750379776886E-004
  5.837443962311712E-005 -8.937512854487599E-005  1.382562128265348E-004
  5.635072902722470E-005 -8.624530723651739E-005  1.333247590614150E-004
  5.439786340651779E-005 -8.322707329779731E-005  1.285735494055327E-004
  5.251331806658811E-005 -8.031635115067833E-005  1.239957418505629E-004
  5.069466045738866E-005 -7.750921977001319E-005  1.195847675357746E-004
  4.893954668247442E-005 -7.480190652304033E-005  1.153343190122096E-004
  4.724571814718045E-005 -7.219078127151840E-005  1.112383391889679E-004
  4.561099833983997E-005 -6.967235072379416E-005  1.072910106996836E-004
  4.403328974039939E-005 -6.724325302643241E-005  1.034867457487691E-004
  4.251057085104650E-005 -6.490025258276833E-005  9.982017657450505E-005
  4.104089334374856E-005 -6.264023508945327E-005  9.628614607052942E-005
  3.962237931976208E-005 -6.046020278095119E-005  9.287969911972671E-005
  3.825321867646827E-005 -5.835726987152301E-005  8.959607412407485E-005
  3.693166657705542E-005 -5.632865818729016E-005  8.643069498122814E-005
  3.565604101877927E-005 -5.437169297878072E-005  8.337916344695919E-005
  3.442472049573918E-005 -5.248379890610166E-005  8.043725179387453E-005
  3.323614175226751E-005 -5.066249618967646E-005  7.760089578597102E-005
  3.208879762320760E-005 -4.890539691869374E-005  7.486618801931946E-005
  3.098123495753325E-005 -4.721020150986396E-005  7.222937153881655E-005
  2.991205262191340E-005 -4.557469531085948E-005  6.968683366697376E-005
  2.887989958095708E-005 -4.399674534164615E-005  6.723510020990379E-005
  2.788347305104550E-005 -4.247429716730820E-005  6.487082984160252E-005
  2.692151672477239E-005 -4.100537189722664E-005  6.259080875550232E-005
  2.599281906315053E-005 -3.958806330488792E-005  6.039194554568646E-005
  2.509621165286573E-005 -3.822053506280150E-005  5.827126633744911E-005
  2.423056762598115E-005 -3.690101808807106E-005  5.622591005498763E-005
  2.339480013959349E-005 -3.562780799364819E-005  5.425312398362155E-005
  2.258786091306651E-005 -3.439926264036721E-005  5.235025946239744E-005
  2.180873882056130E-005 -3.321379978599518E-005  5.051476777337903E-005
  2.105645853667909E-005 -3.206989482672903E-005  4.874419623050295E-005
  2.033007923313223E-005 -3.096607862740325E-005  4.703618439314970E-005
  1.962869332443997E-005 -2.990093543639154E-005  4.538846050343047E-005
  1.895142526074485E-005 -2.887310088177794E-005  4.379883799712563E-005
  1.829743036590774E-005 -2.788126004525937E-005  4.226521224769123E-005
  1.766589371913866E-005 -2.692414561037445E-005  4.078555737287561E-005
  1.705602907847986E-005 -2.600053608182016E-005  3.935792325967705E-005
  1.646707784454332E-005 -2.510925407303890E-005  3.798043261534301E-005
  1.589830806295600E-005 -2.424916465906421E-005  3.665127825388979E-005
  1.534901346405293E-005 -2.341917379130920E-005  3.536872043454789E-005
  1.481851253841073E-005 -2.261822677247880E-005  3.413108430631653E-005
  1.430614764686962E-005 -2.184530678831293E-005  3.293675753206326E-005
  1.381128416376865E-005 -2.109943349376906E-005  3.178418794062048E-005
  1.333330965215681E-005 -2.037966165162887E-005  3.067188132568826E-005
  1.287163306980813E-005 -1.968507982062761E-005  2.959839934984409E-005
  1.242568400492171E-005 -1.901480909121077E-005  2.856235750772133E-005
  1.199491194043086E-005 -1.836800186689056E-005  2.756242320608668E-005
  1.157878554589914E-005 -1.774384068874745E-005  2.659731393998051E-005
  1.117679199603104E-005 -1.714153710125893E-005  2.566579553048227E-005
  1.078843631486517E-005 -1.656033055762879E-005  2.476668045949363E-005
  1.041324074476258E-005 -1.599948736256508E-005  2.389882628536991E-005
  1.005074413934869E-005 -1.545829965076064E-005  2.306113412934992E-005
  9.700501379604714E-006 -1.493608439937939E-005  2.225254723836058E-005
  9.362082812344961E-006 -1.443218247282805E-005  2.147204962075315E-005
  9.035073710354176E-006 -1.394595769822965E-005  2.071866474647860E-005
  8.719073753495545E-006 -1.347679597006084E-005  1.999145431636914E-005
  8.413696530134053E-006 -1.302410438242022E-005  1.928951709519520E-005
  8.118569058254748E-006 -1.258731038762771E-005  1.861198779384281E-005
  7.833331325683457E-006 -1.216586097980206E-005  1.795803601973272E-005
  7.557635848850313E-006 -1.175922190208765E-005  1.732686527426989E-005
  7.291147249563504E-006 -1.136687687652733E-005  1.671771199041562E-005
  7.033541849282348E-006 -1.098832685548963E-005  1.612984462473835E-005
  6.784507280405898E-006 -1.062308929367192E-005  1.556256277997055E-005
  6.543742114110725E-006 -1.027069743996705E-005  1.501519635885872E-005
  6.310955504288201E-006 -9.930699648503680E-006  1.448710474657352E-005
  6.085866847145701E-006 -9.602658708334842E-006  1.397767601013128E-005
  5.868205456045649E-006 -9.286151191552701E-006  1.348632610014075E-005
  5.657710251158701E-006 -8.980766819634695E-006  1.301249806703799E-005
  5.454129463511698E-006 -8.686107848145287E-006  1.255566125211656E-005
  5.257220353001561E-006 -8.401788470230698E-006  1.211531046579556E-005
  5.066748939936659E-006 -8.127434239428485E-006  1.169096513334152E-005
  4.882489749650420E-006 -7.862681512786319E-006  1.128216838691423E-005
  4.704225569704225E-006 -7.607176915523689E-006  1.088848610416134E-005
  4.531747219167140E-006 -7.360576828751755E-006  1.050950586883665E-005
  4.364853329418505E-006 -7.122546902257688E-006  1.014483583528395E-005
  4.203350135870239E-006 -6.892761594564814E-006  9.794103497178980E-006
  4.047051279951331E-006 -6.670903742900206E-006  9.456954323641303E-006
  3.895777620630340E-006 -6.456664166124790E-006  9.133050262928699E-006
  3.749357054679467E-006 -6.249741303810816E-006  8.822068102131413E-006
  3.607624344806707E-006 -6.049840895105970E-006  8.523697655125669E-006
  3.470420954694366E-006 -5.856675701201828E-006  8.237639790982958E-006
  3.337594889895021E-006 -5.669965275269045E-006  7.963604286760094E-006
  3.209000543444948E-006 -5.489435783852525E-006  7.701307509449727E-006
  3.084498544963789E-006 -5.314819883576686E-006  7.450469934634515E-006
  2.963955611923981E-006 -5.145856656741371E-006  7.210813517782236E-006
  2.847244401695498E-006 -4.982291608918623E-006  6.982058943009270E-006
  2.734243362906944E-006 -4.823876731038816E-006  6.763922778445043E-006
  2.624836584616256E-006 -4.670370627519477E-006  6.556114590198865E-006
  2.518913641762161E-006 -4.521538710861219E-006  6.358334060926828E-006
  2.416369435372056E-006 -4.377153461719792E-006  6.170268189748264E-006
  2.317104026044730E-006 -4.236994751837320E-006  5.991588637920289E-006
  2.221022459306237E-006 -4.100850225365098E-006  5.821949316406974E-006
  2.128034581564947E-006 -3.968515731998250E-006  5.660984302482572E-006
  2.038054845567922E-006 -3.839795803203897E-006  5.508306183833236E-006
  1.951002104487305E-006 -3.714504160556936E-006  5.363504928394343E-006
  1.866799394044890E-006 -3.592464242980843E-006  5.226147374095238E-006
  1.785373702411400E-006 -3.473509737605923E-006  5.095777425221380E-006
  1.706655727990898E-006 -3.357485097154534E-006  4.971917025125241E-006
  1.630579625612117E-006 -3.244246025330844E-006  4.854067959843620E-006
  1.557082742087053E-006 -3.133659910745460E-006  4.741714520198865E-006
  1.486105342550892E-006 -3.025606189639158E-006  4.634327017951669E-006
  1.417590329447979E-006 -2.919976618130761E-006  4.531366120422033E-006
  1.351482956461701E-006 -2.816675435768253E-006  4.432287947708050E-006
  1.287730540081223E-006 -2.715619404744383E-006  4.336549764306431E-006
  1.226282171835771E-006 -2.616737710185578E-006  4.243616342458116E-006
  1.167088434493667E-006 -2.519971716849837E-006  4.152966058473081E-006
  1.110101125687350E-006 -2.425274559443309E-006  4.064099233659769E-006
  1.055272992531653E-006 -2.332610627249677E-006  3.976538964086868E-006
  1.002557480628780E-006 -2.241954731884607E-006  3.889857786700851E-006
  9.519085011889580E-007 -2.153291721207763E-006  3.803612299218257E-006
  9.032802178885153E-007 -2.066613929034823E-006  3.717596332265616E-006
  8.566268615647288E-007 -1.981925570207032E-006  3.630985114420514E-006
  8.119025547948910E-007 -1.899222800914121E-006  3.545302682716717E-006
  7.690612233343275E-007 -1.818556490430594E-006  3.454277434278498E-006
  7.280563144717793E-007 -1.739814899712265E-006  3.378290827103177E-006
  6.888413715298819E-007 -1.663443892356928E-006  3.248577085845397E-006
  6.513675501674541E-007 -1.588070027115594E-006  3.291766774209668E-006
  6.155926836149044E-007 -1.518182839328427E-006  2.772486904128469E-006
  5.814473773906566E-007 -1.439872395213450E-006  4.022669888026935E-006
  5.489615974656346E-007 -1.394900237261284E-006 -1.203441124531993E-007
  5.177923986220419E-007 -1.265734961397123E-006  1.132827827140394E-005
  4.889867474577356E-007 -1.348369816648303E-006 -1.849867302876634E-005
  4.584028913147672E-007 -1.070808603368182E-006  4.258322503168770E-005
  4.412627358253518E-007 -5.800603592762015E-007  0.000000000000000E+000
