  -18.4206807439524     
  -18.3838128947113     
  -18.3469450454702     
  -18.3100771962291     
  -18.2732093469880     
  -18.2363414977469     
  -18.1994736485058     
  -18.1626057992647     
  -18.1257379500236     
  -18.0888701007826     
  -18.0520022515415     
  -18.0151344023004     
  -17.9782665530593     
  -17.9413987038182     
  -17.9045308545771     
  -17.8676630053360     
  -17.8307951560949     
  -17.7939273068538     
  -17.7570594576127     
  -17.7201916083717     
  -17.6833237591306     
  -17.6464559098895     
  -17.6095880606484     
  -17.5727202114073     
  -17.5358523621662     
  -17.4989845129251     
  -17.4621166636840     
  -17.4252488144429     
  -17.3883809652019     
  -17.3515131159608     
  -17.3146452667197     
  -17.2777774174786     
  -17.2409095682375     
  -17.2040417189964     
  -17.1671738697553     
  -17.1303060205142     
  -17.0934381712731     
  -17.0565703220320     
  -17.0197024727910     
  -16.9828346235499     
  -16.9459667743088     
  -16.9090989250677     
  -16.8722310758266     
  -16.8353632265855     
  -16.7984953773444     
  -16.7616275281033     
  -16.7247596788622     
  -16.6878918296211     
  -16.6510239803800     
  -16.6141561311390     
  -16.5772882818979     
  -16.5404204326568     
  -16.5035525834157     
  -16.4666847341746     
  -16.4298168849335     
  -16.3929490356924     
  -16.3560811864513     
  -16.3192133372102     
  -16.2823454879692     
  -16.2454776387281     
  -16.2086097894870     
  -16.1717419402459     
  -16.1348740910048     
  -16.0980062417637     
  -16.0611383925226     
  -16.0242705432815     
  -15.9874026940404     
  -15.9505348447993     
  -15.9136669955583     
  -15.8767991463172     
  -15.8399312970761     
  -15.8030634478350     
  -15.7661955985939     
  -15.7293277493528     
  -15.6924599001117     
  -15.6555920508706     
  -15.6187242016295     
  -15.5818563523884     
  -15.5449885031474     
  -15.5081206539063     
  -15.4712528046652     
  -15.4343849554241     
  -15.3975171061830     
  -15.3606492569419     
  -15.3237814077008     
  -15.2869135584597     
  -15.2500457092186     
  -15.2131778599775     
  -15.1763100107365     
  -15.1394421614954     
  -15.1025743122543     
  -15.0657064630132     
  -15.0288386137721     
  -14.9919707645310     
  -14.9551029152899     
  -14.9182350660488     
  -14.8813672168077     
  -14.8444993675666     
  -14.8076315183256     
  -14.7707636690845     
  -14.7338958198434     
  -14.6970279706023     
  -14.6601601213612     
  -14.6232922721201     
  -14.5864244228790     
  -14.5495565736379     
  -14.5126887243968     
  -14.4758208751557     
  -14.4389530259147     
  -14.4020851766736     
  -14.3652173274325     
  -14.3283494781914     
  -14.2914816289503     
  -14.2546137797092     
  -14.2177459304681     
  -14.1808780812270     
  -14.1440102319859     
  -14.1071423827448     
  -14.0702745335038     
  -14.0334066842627     
  -13.9965388350216     
  -13.9596709857805     
  -13.9228031365394     
  -13.8859352872983     
  -13.8490674380572     
  -13.8121995888161     
  -13.7753317395750     
  -13.7384638903339     
  -13.7015960410929     
  -13.6647281918518     
  -13.6278603426107     
  -13.5909924933696     
  -13.5541246441285     
  -13.5172567948874     
  -13.4803889456463     
  -13.4435210964052     
  -13.4066532471641     
  -13.3697853979230     
  -13.3329175486820     
  -13.2960496994409     
  -13.2591818501998     
  -13.2223140009587     
  -13.1854461517176     
  -13.1485783024765     
  -13.1117104532354     
  -13.0748426039943     
  -13.0379747547532     
  -13.0011069055121     
  -12.9642390562711     
  -12.9273712070300     
  -12.8905033577889     
  -12.8536355085478     
  -12.8167676593067     
  -12.7798998100656     
  -12.7430319608245     
  -12.7061641115834     
  -12.6692962623423     
  -12.6324284131012     
  -12.5955605638602     
  -12.5586927146191     
  -12.5218248653780     
  -12.4849570161369     
  -12.4480891668958     
  -12.4112213176547     
  -12.3743534684136     
  -12.3374856191725     
  -12.3006177699314     
  -12.2637499206903     
  -12.2268820714493     
  -12.1900142222082     
  -12.1531463729671     
  -12.1162785237260     
  -12.0794106744849     
  -12.0425428252438     
  -12.0056749760027     
  -11.9688071267616     
  -11.9319392775205     
  -11.8950714282795     
  -11.8582035790384     
  -11.8213357297973     
  -11.7844678805562     
  -11.7476000313151     
  -11.7107321820740     
  -11.6738643328329     
  -11.6369964835918     
  -11.6001286343507     
  -11.5632607851096     
  -11.5263929358686     
  -11.4895250866275     
  -11.4526572373864     
  -11.4157893881453     
  -11.3789215389042     
  -11.3420536896631     
  -11.3051858404220     
  -11.2683179911809     
  -11.2314501419398     
  -11.1945822926987     
  -11.1577144434577     
  -11.1208465942166     
  -11.0839787449755     
  -11.0471108957344     
  -11.0102430464933     
  -10.9733751972522     
  -10.9365073480111     
  -10.8996394987700     
  -10.8627716495289     
  -10.8259038002878     
  -10.7890359510468     
  -10.7521681018057     
  -10.7153002525646     
  -10.6784324033235     
  -10.6415645540824     
  -10.6046967048413     
  -10.5678288556002     
  -10.5309610063591     
  -10.4940931571180     
  -10.4572253078769     
  -10.4203574586359     
  -10.3834896093948     
  -10.3466217601537     
  -10.3097539109126     
  -10.2728860616715     
  -10.2360182124304     
  -10.1991503631893     
  -10.1622825139482     
  -10.1254146647071     
  -10.0885468154660     
  -10.0516789662250     
  -10.0148111169839     
  -9.97794326774278     
  -9.94107541850168     
  -9.90420756926060     
  -9.86733972001950     
  -9.83047187077841     
  -9.79360402153733     
  -9.75673617229624     
  -9.71986832305515     
  -9.68300047381405     
  -9.64613262457297     
  -9.60926477533188     
  -9.57239692609079     
  -9.53552907684969     
  -9.49866122760861     
  -9.46179337836752     
  -9.42492552912643     
  -9.38805767988534     
  -9.35118983064425     
  -9.31432198140316     
  -9.27745413216207     
  -9.24058628292098     
  -9.20371843367989     
  -9.16685058443880     
  -9.12998273519771     
  -9.09311488595662     
  -9.05624703671553     
  -9.01937918747444     
  -8.98251133823335     
  -8.94564348899226     
  -8.90877563975117     
  -8.87190779051008     
  -8.83503994126899     
  -8.79817209202790     
  -8.76130424278681     
  -8.72443639354572     
  -8.68756854430463     
  -8.65070069506354     
  -8.61383284582245     
  -8.57696499658136     
  -8.54009714734027     
  -8.50322929809918     
  -8.46636144885809     
  -8.42949359961700     
  -8.39262575037591     
  -8.35575790113482     
  -8.31889005189373     
  -8.28202220265264     
  -8.24515435341155     
  -8.20828650417046     
  -8.17141865492937     
  -8.13455080568828     
  -8.09768295644719     
  -8.06081510720610     
  -8.02394725796501     
  -7.98707940872392     
  -7.95021155948283     
  -7.91334371024174     
  -7.87647586100065     
  -7.83960801175956     
  -7.80274016251847     
  -7.76587231327738     
  -7.72900446403629     
  -7.69213661479520     
  -7.65526876555411     
  -7.61840091631302     
  -7.58153306707193     
  -7.54466521783084     
  -7.50779736858975     
  -7.47092951934866     
  -7.43406167010757     
  -7.39719382086648     
  -7.36032597162539     
  -7.39231758885311     
  -7.38744135683973     
  -7.38256512482635     
  -7.37768889281298     
  -7.37281266079960     
  -7.36793642878623     
  -7.36306019677285     
  -7.35818396475948     
  -7.35330773274610     
  -7.34843150073273     
  -7.34355526871935     
  -7.33867903670598     
  -7.33380280469260     
  -7.32892657267923     
  -7.32405034066585     
  -7.31917410865248     
  -7.31429787663910     
  -7.30942164462573     
  -7.30454541261235     
  -7.29966918059898     
  -7.29479294858560     
  -7.28991671657223     
  -7.28504048455885     
  -7.28016425254547     
  -7.27528802053210     
  -7.27041178851872     
  -7.26553555650535     
  -7.26065932449197     
  -7.25578309247860     
  -7.25090686046522     
  -7.24603062845185     
  -7.24115439643847     
  -7.23627816442510     
  -7.23140193241172     
  -7.22652570039835     
  -7.22164946838497     
  -7.21677323637160     
  -7.21189700435822     
  -7.20702077234485     
  -7.20214454033147     
  -7.19726830831810     
  -7.19239207630472     
  -7.18751584429135     
  -7.18263961227797     
  -7.17776338026459     
  -7.17288714825122     
  -7.16801091623784     
  -7.16313468422447     
  -7.15825845221109     
  -7.15338222019772     
  -7.14850598818434     
  -7.14362975617097     
  -7.13875352415759     
  -7.13387729214422     
  -7.12900106013084     
  -7.12412482811747     
  -7.11924859610409     
  -7.11437236409072     
  -7.10949613207734     
  -7.10461990006397     
  -7.09974366805059     
  -7.09486743603722     
  -7.08999120402384     
  -7.08511497201047     
  -7.08023873999709     
  -7.07536250798371     
  -7.07048627597034     
  -7.06561004395696     
  -7.06073381194359     
  -7.05585757993021     
  -7.05098134791684     
  -7.04610511590346     
  -7.04122888389009     
  -7.03635265187671     
  -7.03147641986334     
  -7.02660018784996     
  -7.02172395583659     
  -7.01684772382321     
  -7.01197149180984     
  -7.00709525979646     
  -7.00221902778309     
  -6.99734279576971     
  -6.99246656375634     
  -6.98759033174296     
  -6.98271409972959     
  -6.97783786771621     
  -6.97296163570284     
  -6.96808540368946     
  -6.96320917167608     
  -6.95833293966271     
  -6.95345670764933     
  -6.94858047563596     
  -6.94370424362258     
  -6.93882801160921     
  -6.93395177959583     
  -6.92907554758246     
  -6.92419931556908     
  -6.91932308355571     
  -6.91444685154233     
  -6.90957061952896     
  -6.90469438751558     
  -6.89981815550221     
  -6.89494192348883     
  -6.89006569147546     
  -6.88518945946208     
  -6.88031322744871     
  -6.87543699543533     
  -6.87056076342196     
  -6.86568453140858     
  -6.86080829939521     
  -6.85593206738183     
  -6.85105583536845     
  -6.84617960335508     
  -6.84130337134170     
  -6.83642713932833     
  -6.83155090731495     
  -6.82667467530158     
  -6.82179844328820     
  -6.81692221127483     
  -6.81204597926145     
  -6.80716974724808     
  -6.80229351523470     
  -6.79741728322133     
  -6.79254105120795     
  -6.78766481919458     
  -6.78278858718120     
  -6.77791235516783     
  -6.77303612315445     
  -6.76815989114108     
  -6.76328365912770     
  -6.75840742711433     
  -6.75353119510095     
  -6.74865496308758     
  -6.74377873107420     
  -6.73890249906082     
  -6.73402626704745     
  -6.72915003503407     
  -6.72427380302070     
  -6.71939757100732     
  -6.71452133899395     
  -6.70964510698057     
  -6.70476887496720     
  -6.69989264295382     
  -6.69501641094045     
  -6.69014017892707     
  -6.68526394691370     
  -6.68038771490032     
  -6.67551148288695     
  -6.67063525087357     
  -6.66575901886020     
  -6.66088278684682     
  -6.65600655483345     
  -6.65113032282007     
  -6.64625409080670     
  -6.64137785879332     
  -6.63650162677994     
  -6.63162539476657     
  -6.62674916275319     
  -6.62187293073982     
  -6.61699669872644     
  -6.61212046671307     
  -6.60724423469969     
  -6.60236800268632     
  -6.59749177067294     
  -6.59261553865957     
  -6.58773930664619     
  -6.58286307463282     
  -6.57798684261944     
  -6.57311061060607     
  -6.56823437859269     
  -6.56335814657932     
  -6.55848191456594     
  -6.55360568255257     
  -6.54872945053919     
  -6.54385321852582     
  -6.53897698651244     
  -6.53410075449906     
  -6.52922452248569     
  -6.52434829047231     
  -6.51947205845894     
  -6.51459582644556     
  -6.50971959443219     
  -6.50484336241881     
  -6.49996713040544     
  -6.49509089839206     
  -6.49021466637869     
  -6.48533843436531     
  -6.48046220235194     
  -6.47558597033856     
  -6.47070973832519     
  -6.46583350631181     
  -6.46095727429844     
  -6.45608104228506     
  -6.45120481027169     
  -6.44632857825831     
  -6.44145234624494     
  -6.43657611423156     
  -6.43169988221818     
  -6.42682365020481     
  -6.42194741819143     
  -6.40054092679746     
  -6.37913443540349     
  -6.35772794400952     
  -6.33632145261555     
  -6.31491496122158     
  -6.29350846982761     
  -6.27210197843363     
  -6.25069548703966     
  -6.22928899564569     
  -6.20788250425172     
  -6.18647601285775     
  -6.16506952146378     
  -6.14366303006981     
  -6.12225653867583     
  -6.10085004728186     
  -6.07944355588789     
  -6.05803706449392     
  -6.03663057309995     
  -6.01522408170598     
  -5.99381759031201     
  -5.97241109891803     
  -5.95100460752406     
  -5.92959811613009     
  -5.90819162473612     
  -5.88678513334215     
  -5.86537864194818     
  -5.84397215055421     
  -5.82256565916023     
  -5.80115916776626     
  -5.77975267637229     
  -5.75834618497832     
  -5.73693969358435     
  -5.71553320219038     
  -5.69412671079641     
  -5.67272021940243     
  -5.65131372800846     
  -5.62990723661449     
  -5.60850074522052     
  -5.58709425382655     
  -5.56568776243258     
  -5.54428127103861     
  -5.52287477964463     
  -5.50146828825066     
  -5.48006179685669     
  -5.45865530546272     
  -5.43724881406875     
  -5.41584232267478     
  -5.39443583128081     
  -5.37302933988683     
  -5.35162284849286     
  -5.33021635709889     
  -5.30880986570492     
  -5.28740337431095     
  -5.26599688291698     
  -5.24459039152300     
  -5.22318390012903     
  -5.20177740873506     
  -5.18037091734109     
  -5.15896442594712     
  -5.13755793455315     
  -5.11615144315918     
  -5.09474495176520     
  -5.07333846037123     
  -5.05193196897726     
  -5.03052547758329     
  -5.00911898618932     
  -4.98771249479535     
  -4.96630600340138     
  -4.94489951200740     
  -4.92349302061343     
  -4.90208652921946     
  -4.88068003782549     
  -4.85927354643152     
  -4.83786705503755     
  -4.81646056364358     
  -4.79505407224960     
  -4.77364758085563     
  -4.75224108946166     
  -4.73083459806769     
  -4.70942810667372     
  -4.68802161527975     
  -4.66661512388578     
  -4.64520863249180     
  -4.62380214109783     
  -4.60239564970386     
  -4.58098915830989     
  -4.55958266691592     
  -4.53817617552195     
  -4.51676968412798     
  -4.49536319273400     
  -4.47395670134003     
  -4.45255020994606     
  -4.43114371855209     
  -4.40973722715812     
  -4.38833073576415     
  -4.36692424437018     
  -4.34551775297620     
  -4.32411126158223     
  -4.30270477018826     
  -4.28129827879429     
  -4.25989178740032     
  -4.23848529600635     
  -4.21707880461238     
  -4.19567231321840     
  -4.17426582182443     
  -4.15285933043046     
  -4.13145283903649     
  -4.11004634764252     
  -4.08863985624855     
  -4.06723336485457     
  -4.04582687346060     
  -4.02442038206663     
  -4.00301389067266     
  -3.98160739927869     
  -3.96020090788472     
  -3.93879441649075     
  -3.91738792509678     
  -3.89598143370280     
  -3.87457494230883     
  -3.85316845091486     
  -3.83176195952089     
  -3.81035546812692     
  -3.78894897673295     
  -3.76754248533897     
  -3.74613599394500     
  -3.72472950255103     
  -3.70332301115706     
  -3.68191651976309     
  -3.66051002836912     
  -3.63910353697515     
  -3.61769704558117     
  -3.59629055418720     
  -3.57488406279323     
  -3.55347757139926     
  -3.53207108000529     
  -3.51066458861132     
  -3.48925809721735     
  -3.46785160582337     
  -3.44644511442940     
  -3.42503862303543     
  -3.40363213164146     
  -3.38222564024749     
  -3.36081914885352     
  -3.33941265745955     
  -3.31800616606557     
  -3.29659967467160     
  -3.27519318327763     
  -3.25378669188366     
  -3.23238020048969     
  -3.21097370909572     
  -3.18956721770175     
  -3.16816072630777     
  -3.14675423491380     
  -3.12534774351983     
  -3.10394125212586     
  -3.08253476073189     
  -3.06112826933792     
  -3.03972177794395     
  -3.01831528654997     
  -2.99690879515600     
  -2.97550230376203     
  -2.95409581236806     
  -2.93268932097409     
  -2.91128282958012     
  -2.88987633818615     
  -2.86846984679217     
  -2.84706335539820     
  -2.82565686400423     
  -2.80425037261026     
  -2.78284388121629     
  -2.76143738982232     
  -2.74003089842835     
  -2.71862440703437     
  -2.69721791564040     
  -2.67581142424643     
  -2.65440493285246     
  -2.63299844145849     
  -2.61159195006452     
  -2.59018545867055     
  -2.56877896727657     
  -2.54737247588260     
  -2.52596598448863     
  -2.50455949309466     
  -2.48315300170069     
  -2.46174651030672     
  -2.44034001891275     
  -2.41893352751877     
  -2.39752703612480     
  -2.37612054473083     
  -2.35471405333686     
  -2.33330756194289     
  -2.31190107054892     
  -2.29049457915495     
  -2.26908808776097     
  -2.24768159636700     
  -2.22627510497303     
  -2.20486861357906     
  -2.18346212218509     
  -2.16205563079112     
  -2.14064913939715     
  -2.11924264800317     
  -2.09783615660920     
  -2.07642966521523     
  -2.05502317382126     
  -2.03361668242729     
  -2.01221019103332     
  -1.99080369963934     
  -1.96939720824537     
  -1.94799071685140     
  -1.92658422545743     
  -1.90517773406346     
  -1.88377124266949     
  -1.86236475127552     
  -1.84095825988154     
  -1.81955176848757     
  -1.79814527709360     
  -1.77673878569963     
  -1.75533229430566     
  -1.73392580291169     
  -1.71251931151772     
  -1.69111282012374     
  -1.66970632872977     
  -1.64829983733580     
  -1.62689334594183     
  -1.60548685454786     
  -1.58408036315389     
  -1.56267387175992     
  -1.54126738036594     
  -1.51986088897197     
  -1.49845439757800     
  -1.47704790618403     
  -1.45564141479006     
  -1.43423492339609     
  -1.41282843200212     
  -1.39142194060814     
  -1.37001544921417     
  -1.34860895782020     
  -1.32720246642623     
  -1.30579597503226     
  -1.28438948363829     
  -1.26298299224432     
  -1.24157650085034     
  -1.22017000945637     
  -1.19876351806240     
  -1.17735702666843     
  -1.15595053527446     
  -1.13454404388049     
  -1.11313755248652     
  -1.09173106109254     
  -1.07032456969857     
  -1.04891807830460     
  -1.02751158691063     
  -1.00610509551666     
 -0.984698604122687     
 -0.963292112728715     
 -0.941885621334744     
 -0.920479129940772     
 -0.899072638546801     
 -0.877666147152829     
 -0.856259655758858     
 -0.834853164364887     
 -0.813446672970915     
 -0.792040181576944     
 -0.770633690182972     
 -0.749227198789001     
 -0.727820707395029     
 -0.706414216001058     
 -0.685007724607086     
 -0.663601233213114     
 -0.642194741819144     
 -0.620788250425172     
 -0.599381759031201     
 -0.577975267637229     
 -0.556568776243258     
 -0.535162284849286     
 -0.513755793455315     
 -0.492349302061343     
 -0.470942810667371     
 -0.449536319273401     
 -0.428129827879429     
 -0.406723336485458     
 -0.385316845091486     
 -0.363910353697515     
 -0.342503862303543     
 -0.321097370909571     
 -0.299690879515600     
 -0.278284388121629     
 -0.256877896727658     
 -0.235471405333686     
 -0.214064913939715     
 -0.192658422545743     
 -0.171251931151772     
 -0.149845439757800     
 -0.128438948363828     
 -0.107032456969857     
 -8.562596557588620E-002
 -6.421947418191465E-002
 -4.281298278794310E-002
 -2.140649139397155E-002
  0.000000000000000E+000
