   2441861167.26056       -2425620340.14747       0.000000000000000E+000
   2386222489.15083       -2390581513.47290        3040390381.61005     
   2331851555.38551       -2330690853.83780        2156444181.20469     
   2278719480.04746       -2279037774.56084        2325598749.99423     
   2226798035.24546       -2226720029.08969        2214118621.12017     
   2176059636.39906       -2176087810.86302        2179342116.75667     
   2126477327.56559       -2126477038.32654        2125485697.40191     
   2078024766.88348       -2078032094.38714        2078180794.03075     
   2030676212.58900       -2030681493.80061        2030527294.96632     
   1984406509.56223       -1984412330.64825        1984342264.45641     
   1939191075.96289       -1939196740.46770        1939106621.56370     
   1895005889.92445       -1895011584.97000        1894929347.53133     
   1851827476.94880       -1851833152.27010        1851751233.21560     
   1809632897.40531       -1809638566.47163        1809558947.32258     
   1768399734.35167       -1768405393.64209        1768327471.03829     
   1728106081.62094       -1728111731.78272        1728035666.20109     
   1688730532.18857       -1688736173.88475        1688661719.68562     
   1650252166.78238       -1650257797.68147        1650185382.55956     
   1612650542.83007       -1612656168.01685        1612584636.16808     
   1575905683.30680       -1575911306.70064        1575841847.31648     
   1539998066.74176       -1540003672.87159        1539936701.26952     
   1504908616.51046       -1504914213.80141        1504847156.47084     
   1470618690.04500       -1470624284.97128        1470559833.31044     
   1437110070.18075       -1437115651.56370        1437052560.77867     
   1404364954.60263       -1404370531.69152        1404308208.19689     
   1372365946.45331       -1372371518.11634        1372311397.20872     
   1341096045.63626       -1341101606.47194        1341042548.12858     
   1310538639.18658       -1310544191.54605        1310486605.24269     
   1280677492.71316       -1280683035.82663        1280626718.16631     
   1251496741.71837       -1251502275.52781        1251447308.30297     
   1222980883.18852       -1222986408.64248        1222932561.96709     
   1195114767.33674       -1195120281.62262        1195068056.34205     
   1167883589.61724       -1167889099.44123        1167837104.64212     
   1141272882.58453       -1141278383.52627        1141228934.21361     
   1115268508.93736       -1115273995.94151        1115224760.04707     
   1089856653.00645       -1089862133.08077        1089814356.65028     
   1065023814.12676       -1065029283.97207        1064982557.05100     
   1040756799.21738       -1040762261.21744        1040716451.04544     
   1017042715.79257       -1017048165.94506        1017003912.83517     
   993868965.195376       -993874411.972215        993829935.547562     
   971223235.502578       -971228678.014721        971186540.270855     
   949093495.879504       -949098928.748017        949056892.617344     
   927467989.243546       -927473409.776765        927433450.172838     
   906335226.745231       -906340630.267187        906300885.578982     
   885683980.853347       -885689382.570392        885649953.664253     
   865503279.869488       -865508676.737715        865471009.307774     
   845782402.511461       -845787787.824078        845750702.729384     
   826510871.526203       -826516249.514334        826479941.863514     
   807678448.403486       -807683815.353002        807648741.103537     
   789275128.102924       -789280475.192743        789246581.118169     
   771291133.423826       -771296472.926392        771261937.654822     
   753716909.523325       -753722246.295762        753689514.295186     
   736543119.874903       -736548443.147053        736516376.271978     
   719760640.457151       -719765959.470206        719733926.414796     
   703360554.962026       -703365868.638822        703335369.951378     
   687334150.620274       -687339453.387573        687309334.968449     
   671672912.959375       -671678207.274040        671648899.845358     
   656368521.554806       -656373806.505256        656345137.337896     
   641412845.554144       -641418121.450021        641390126.878023     
   626797939.371845       -626803206.112270        626775854.638705     
   612516038.464179       -612521296.080008        612494578.027638     
   598559555.205095       -598564803.686248        598538703.112620     
   584921074.854848       -584926314.203716        584900817.494403     
   571593351.620803       -571598581.836013        571573675.096379     
   558569304.807894       -558574525.889224        558550195.715651     
   545842015.056845       -545847227.003765        545823460.246843     
   533404720.668075       -533409923.480209        533386707.302356     
   521250814.009379       -521256007.686190        521233329.556869     
   509373838.005454       -509379022.546555        509356870.179654     
   497767482.707412       -497772658.112424        497751019.554963     
   486425581.940463       -486430748.208865        486409611.739853     
   475342110.027981       -475347267.159455        475326621.335675     
   464511178.590204       -464516326.584323        464496160.239611     
   453927033.415892       -453932172.272253        453912474.466565     
   443584051.405246       -443589181.123492        443569941.193145     
   433476737.582507       -433481858.162243        433463065.666083     
   423599722.176594       -423604833.617517        423586478.361958     
   413947757.768296       -413952860.070015        413934932.099038     
   404515716.502435       -404520809.664618        404503299.231537     
   395298587.363567       -395303671.385877        395286568.989033     
   386291473.513758       -386296548.395838        386279844.728168     
   377489589.691002       -377494655.432562        377478341.413790     
   368888259.666944       -368893316.267655        368877383.018393     
   360482913.762507       -360487961.222073        360472400.065444     
   352269086.420137       -352274124.738232        352258927.199982     
   344242413.831364       -344247443.007720        344232600.794468     
   336398631.618410       -336403651.652734        336389156.679141     
   328733572.568645       -328738583.460665        328724427.802537     
   321243164.420635       -321248166.170106        321234342.106596     
   313923427.700660       -313928420.307231        313914920.282131     
   306770473.608516       -306775457.071987        306762273.690080     
   299780501.951487       -299785476.271618        299772602.333904     
   292949799.125400       -292954764.301891        292942192.747477     
   286274736.141680       -286279692.174320        286267416.116321     
   279751766.699355       -279756713.587920        279744726.291861     
   273377425.300995       -273382363.045236        273370657.935768     
   267148325.411581       -267153254.011275        267141824.652676     
   261061157.659321       -261066077.114241        261054917.230164     
   255112688.077457       -255117598.387387        255106701.830788     
   249299756.386150       -249304657.550861        249294018.330071     
   243619274.313491       -243624166.332790        243613778.573429     
   238068223.954782       -238073106.828502        238062964.810110     
   232643656.169203       -232648529.897087        232638628.019000     
   227342689.012993       -227347553.594866        227337886.380527     
   222162506.208360       -222167361.644073        222157923.749347     
   217100355.647252       -217105201.936577        217095988.140867     
   212153547.929233       -212158385.071972        212149390.262449     
   207319454.932672       -207324282.928723        207315502.114360     
   202595508.418483       -202600327.267635        202591755.583588     
   197979198.665689       -197984008.367735        197975641.037907     
   193468073.138065       -193472873.692897        193464706.063656     
   189059735.181166       -189064526.588605        189056554.113691     
   184751842.749046       -184756625.008948        184748843.234873     
   180542107.159984       -180546880.272195        180539284.861816     
   176428291.880568       -176433055.844934        176425642.544171     
   172408211.337475       -172412966.153845        172405730.821144     
   168479729.756336       -168484475.424564        168477413.996588     
   164640760.027043       -164645496.547001        164638605.068657     
   160889262.594929       -160893989.966462        160887264.560389     
   157223244.377196       -157227962.600209        157221399.482479     
   153640757.704041       -153645466.778370        153639062.257375     
   150139899.283909       -150144599.209434        150138349.661741     
   146718809.192318       -146723499.968945        146717401.871377     
   143375669.883731       -143380351.511300        143374401.410888     
   140108705.225938       -140113377.704336        140107572.227172     
   136916179.556435       -136920842.885564        136915178.737116     
   133796396.760317       -133801050.940050        133795524.902130     
   130747699.369172       -130752344.399403        130746953.321437     
   127768467.680506       -127773103.561149        127767844.370238     
   124857118.897239       -124861745.628162        124856615.321007     
   122012106.286799       -122016723.867911        122011719.503093     
   119231918.359387       -119236526.790605        119231645.502518     
   116515078.064958       -116519677.346159        116514916.330128     
   113860142.008497       -113864732.139586        113860088.653234     
   111265699.683184       -111270280.664085        111265752.030129     
   108730372.721023       -108734944.551649        108730528.153400     
   106252814.160551       -106257376.840801        106253070.122094     
   103831707.731229       -103836261.261013        103832061.721025     
   101465767.154144       -101470311.533378        101466216.731227     
   99153735.4586359       -99158270.6872520        99154278.2339309     
   96894384.3145007       -96898910.3924146        96895017.9602020     
   94686513.3794122       -94691030.3065405        94687235.6120257     
   92528949.6612072       -92533457.4374822        92529758.2569453     
   90420546.8947047       -90425045.5200417        90421439.6754761     
   88360184.9327229       -88364674.4070557        88361159.7720466     
   86346769.1509730       -86351249.4742278        86347823.9710521     
   84379229.8665127       -84383701.0386229        84380362.6353916     
   82456521.7694488       -82460983.7903506        82457730.5033401     
   80577623.3675916       -80582076.2372035        80578906.1278145     
   78741536.4437605       -78745980.1620277        78742891.3320566     
   76947285.5254551       -76951720.0923234        76948710.6928529     
   75193917.3666124       -75198342.7820081        75195411.0019099     
   73480500.4411690       -73484916.7050350        73482060.7757227     
   71806124.4481656       -71810531.5604507        71807749.7532463     
   70169899.8281260       -70174297.7887678        70171588.4162420     
   68570957.2904564       -68575346.0994010        68572707.5090257     
   67008447.3516124       -67012827.0088168        67010257.5890520     
   65481539.8837891       -65485910.3891930        65483408.5642992     
   63989423.6738961       -63993785.0274393        63991349.2570216     
   62531305.9925788       -62535658.1942225        62533286.9716775     
   61106412.1730607       -61110755.2227608        61108447.0794391     
   59713985.1995831       -59718319.0972845        59716072.5948413     
   58353285.3052206       -58357610.0508824        58355423.7847593     
   57023589.5788608       -57027905.1724406        57025777.7704114     
   55724191.5811410       -55728498.0225907        55726428.1436825     
   54454400.9691328       -54458698.2584102        54456684.5913027     
   53213543.1295809       -53217831.2666488        53215872.5308113     
   52000958.8204973       -52005237.8053139        52003332.7493145     
   50816003.8209228       -50820273.6534476        50818421.0539545     
   49658048.5886672       -49662309.2688693        49660507.9301261     
   48526477.9258506       -48530729.4536864        48528978.2093664     
   47420690.6520630       -47424933.0275013        47423230.7335359     
   46340099.2849720       -46344332.5079791        46342678.0519602     
   45284129.7282088       -45288353.7987469        45286746.0881396     
   44252220.9663634       -44256435.8844036        44254873.8559449     
   43243824.7669325       -43248030.5324414        43246513.1438551     
   42258405.3890565       -42262602.0020111        42261128.2367043     
   41295439.2988934       -41299626.7592618        41298195.6235656     
   40354414.8914787       -40358593.1992300        40357203.7214745     
   39434832.2189217       -39439001.3740315        39437652.6048805     
   38536202.7247962       -38540362.7272318        38539053.7400331     
   37658048.9845822       -37662199.8343186        37660929.7211201     
   36799904.4520220       -36804046.1490405        36802814.0250936     
   35961313.2112556       -35965445.7555301        35964250.7549215     
   35141829.7346039       -35145953.1261092        35144794.4032619     
   34341018.6458718       -34345132.8845861        34344009.6123554     
   33558454.4890417       -33562559.5749490        33561470.9456557     
   32793721.5022407       -32797817.4353139        32796762.6605637     
   32046413.3968564       -32050500.1770755        32049478.4839409     
   31316133.1416852       -31320210.7690382        31319221.4046279     
   30602492.7520000       -30606561.2264639        30605603.4542698     
   29905113.0834231       -29909172.4049791        29908245.5047177     
   29223623.6304964       -29227673.7991296        29226777.0675302     
   28557662.3298410       -28561703.3455410        28560836.0946817     
   27906875.3678017       -27910907.2305484        27910068.7900644     
   27270916.9924748       -27274939.7022540        27274129.4138883     
   26649449.3300181       -26653462.8868167        26652680.1108409     
   26042142.2051479       -26046146.6089533        26045390.7167262     
   25448672.9657238       -25452668.2165256        25451938.5971150     
   24868726.3113325       -24872712.4091177        24872008.4624992     
   24301994.1257762       -24305971.0705336        24305292.2130132     
   23748175.3133779       -23752143.1050955        23751488.7638135     
   23206975.6390166       -23210934.2776902        23210303.8946158     
   22678107.5718082       -22682057.0574264        22681450.0866943     
   22161290.1323465       -22165230.4649041        22164646.3725133     
   21656248.7434265       -21660179.9229137        21659618.1885329     
   21162715.0841677       -21166637.1105766        21166097.2236670     
   20680426.9474626       -20684339.8207928        20683821.2840213     
   20209128.1006716       -20213031.8209128        20212534.1481991     
   19748568.1494939       -19752462.7166427        19751985.4316255     
   19298502.4049382       -19302387.8189950        19301930.4577868     
   18858691.7533264       -18862568.0142854        18862130.1227956     
   18428902.5292581       -18432769.6371156        18432350.7716615     
   18008906.3914694       -18012764.3462244        18012364.0731483     
   17598480.2015216       -17602329.0031741        17601946.8988797     
   17197405.9052528       -17201245.5538017        17200881.2043774     
   16805470.4169315       -16809300.9123779        16808953.9130036     
   16422465.5060489       -16426286.8483911        16425956.8042732     
   16048187.6866915       -16051999.8759320        16051686.3998187     
   15682438.1094339       -15686241.1455772        15685943.8607221     
   15325022.4556953       -15328816.3387423        15328534.8757658     
   14975750.8345025       -14979535.5644582        14979269.5629502     
   14634437.6816057       -14638213.2584743        14637962.3661048     
   14300901.6608928       -14304668.0846773        14304431.9573020     
   13974965.5680499       -13978722.8387577        13978501.1394525     
   13656456.2364170       -13660204.3540562        13659996.7544949     
   13345204.4449891       -13348943.4095644        13348749.5883404     
   13041044.8285130       -13044774.6400327        13044594.2830130     
   12743815.7896328       -12747536.4481041        12747369.2487705     
   12453359.4130373       -12457070.9184698        12456916.5765460     
   12169521.3815638       -12173223.7339683        12173081.9568152     
   11892150.8942125       -11895844.0935997        11895714.5946295     
   11621100.5860303       -11624784.6324094        11624667.1322337     
   11356226.4498192       -11359901.3432037        11359795.5676784     
   11097387.7596288       -11101053.5000314        11100959.1827985     
   10844446.9959921       -10848103.5834252        10848020.4625980     
   10597269.7728647       -10600917.2073445        10600845.0282775     
   10355724.7662292       -10359363.0477686        10359301.5609207     
   10119683.6443254       -10123312.7729409        10123261.7345979     
   9889020.99947157       -9892640.97517967        9892600.14730801     
   9663614.28143749       -9667225.10425449        9667194.25416054     
   9443343.73233739       -9446945.40228172        9446924.30244386     
   9228092.32300508       -9231684.84009576        9231673.26844014     
   9017745.69081943       -9021329.05507620        9021326.79430988     
   8812192.07894624       -8815766.29038862        8815773.12853302     
   8611322.27696462       -8614887.33561354        8614903.06501069     
   8415029.56284620       -8418585.46872479        8418609.88689200     
   8223209.64625638       -8226756.39938690        8226789.30826750     
   8035760.61314739       -8039298.21355280        8039339.41966143     
   7852582.87161398       -7856111.31932013        7856160.63332535     
   7673579.09898245       -7677098.39401397        7677155.63150901     
   7498654.19010590       -7502164.33248864        7502229.31244193     
   7327715.20683686       -7331216.19659928        7331288.74281536     
   7160671.32865176       -7164163.16582249        7164243.10560804     
   6997433.80440014       -7000916.48900731        7001003.65418367     
   6837915.90515337       -6841389.43722684        6841483.66266319     
   6682032.87812780       -6685497.25769915        6685598.38281984     
   6529701.90165751       -6533157.12875855        6533264.99597188     
   6380842.04119335       -6384288.11585802        6384402.57167922     
   6235374.20630441       -6238811.12856505        6238932.02280459     
   6093221.10865920       -6096648.87855092        6096776.06426904     
   5954307.22096424       -5957725.83852496        5957859.17229369     
   5818558.73683822       -5821968.20210398        5822107.54400341     
   5685903.53160072       -5689303.84460992        5689449.05729762     
   5556271.12395387       -5559662.28474595        5559813.23473739     
   5429592.63853761       -5432974.64715302        5433131.20326990     
   5305800.76933773       -5309173.62581859        5309335.66055366     
   5184829.74392794       -5188193.44831662        5188360.83650004     
   5066615.28852661       -5069969.84086791        5070142.46056468     
   4951094.59384965       -4954439.99418905        4954617.72600544     
   4838206.28174152       -4841542.53012544        4841725.25760073     
   4727890.37256658       -4731217.46904251        4731405.07814260     
   4620088.25334326       -4623406.19795997        4623598.57745853     
   4514742.64660455       -4518051.43941275        4518248.48034651     
   4411797.57996785       -4415097.22102020        4415298.81717503     
   4311198.35639821       -4314488.84574722        4314694.89324321     
   4212891.52514920       -4216172.86284991        4216383.26002592     
   4116824.85336575       -4120097.03947406        4120311.68727409     
   4022947.29833430       -4026210.33290755        4026429.13419063     
   3931208.98036484       -3934462.86346262        3934685.72357166     
   3841561.15629124       -3844805.88797362        3845032.71428577     
   3753956.19357513       -3757191.77390460        3757422.47586196     
   3668347.54499993       -3671573.97404022        3671808.46329085     
   3584689.72394147       -3587907.00175786        3588145.19179028     
   3502938.28020203       -3506146.40686150        3506388.21329286     
   3423049.77639512       -3426248.75196614        3426494.09219239     
   3344981.76486820       -3348171.58942149        3348420.38279732     
   3268692.76515131       -3271873.43875917        3272125.60645344     
   3194142.24191956       -3197313.76465613        3197569.22963145     
   3121290.58345762       -3124452.95539921        3124711.64234433     
   3050099.08061512       -3053252.30183881        3053514.13730281     
   2980529.90624136       -2983673.97682662        2983938.88874763     
   2912546.09508865       -2915681.01511844        2915948.93326061     
   2846111.52417365       -2849237.29373084        2849508.14957933     
   2781190.89358611       -2784307.51275653        2784581.23896871     
   2717749.70773486       -2720857.17660674        2721133.70781037     
   2655754.25702119       -2658852.57568401        2659131.84765356     
   2595171.59992978       -2598260.76847620        2598542.71862254     
   2535969.54552765       -2539049.56405221        2539334.13114456     
   2478116.63636191       -2481187.50496126        2481474.62921169     
   2421582.13174728       -2424643.85052060        2424933.47341172     
   2366335.99143419       -2369388.56048333        2369680.62490636     
   2312348.85964923       -2315392.27907783        2315686.72922308     
   2259592.04949915       -2262626.31941387        2262923.10063123     
   2208037.52773016       -2211062.64824020        2211361.70727705     
   2157657.89983463       -2160673.87105178        2160975.15570308     
   2108426.39549698       -2111433.21753571        2111736.67694317     
   2060316.85437137       -2063314.52734860        2063620.11166692     
   2013303.71218329       -2016292.23621919        2016599.89681044     
   1967361.98714790       -1970341.36236528        1970651.05167608     
   1922467.26669783       -1925437.49322263        1925749.16475839     
   1878595.69451340       -1881556.77247432        1881870.38085110     
   1835723.95784834       -1838675.88737725        1838991.38815028     
   1793829.27514426       -1796772.05637618        1797089.40620858     
   1752889.38392746       -1755823.01700060        1756142.17343412     
   1712882.52898136       -1715807.01403738        1716127.93566101     
   1673787.45078848       -1676702.78797221        1677025.43426004     
   1635583.37423583       -1638489.56369561        1638813.89506404     
   1598249.99757760       -1601147.03946532        1601473.01720379     
   1561767.48164932       -1564655.37612036        1564982.96242757     
   1526116.43932780       -1528995.18654133        1529324.34442113     
   1491277.92523126       -1494147.52535038        1494478.21867906     
   1457233.42565409       -1460093.87884526        1460426.07233930     
   1423964.84873098       -1426816.15516491        1427149.81424320     
   1391454.51482517       -1394296.67467678        1394631.76564128     
   1359685.14713569       -1362518.16058368        1362854.65043949     
   1328639.86251862       -1331463.72974614        1331801.58624877     
   1298302.16251749       -1301116.88371198        1301456.07535679     
   1268655.92459806       -1271461.49995120        1271801.99594364     
   1239685.39358283       -1242481.82329094        1242823.59350231     
   1211375.17328067       -1214162.45754471        1214505.47256048     
   1183710.21830724       -1186488.35733282        1186832.58836871     
   1156675.82609174       -1159444.82008942        1159790.23902288     
   1130257.62906575       -1133017.47825099        1133364.05759152     
   1104441.58703018       -1107192.29162330        1107540.00450419     
   1079213.97969601       -1081955.53992272        1082304.36004027     
   1054561.39939502       -1057293.81548643        1057643.71717194     
   1030470.74395668       -1033194.01614909        1033544.97429137     
   1006929.20974722       -1009643.33828255        1009995.32832351     
   983924.284867473       -986629.269993270        986982.267939603     
   961443.742505513       -964139.584475148        964493.566848250     
   939475.634440914       -942162.333513771        942517.277373485     
   918008.284696934       -920685.841138452        921041.724048448     
   897030.283337356       -899698.697419103        900055.497454731     
   876530.480404677       -879189.752404579        879547.448108366     
   856497.979996411       -859148.110198920        859506.680607304     
   836922.134476359       -839563.123172580        839922.547771129     
   817792.538817787       -820424.386305639        820784.645048684     
   799099.025075496       -801721.731659899        802082.804926898     
   780831.656983828       -783445.222976784        783807.091605907     
   762980.724677799       -765585.150398557        765947.795623784     
   745536.739534463       -748132.025309783        748495.428796969     
   728490.429131859       -731076.575296117        731440.719099985     
   711832.732322788       -714409.739218143        714774.605802090     
   695554.794420862       -698122.662397488        698488.234588986     
   679647.962496219       -682206.691912436        682572.952938538     
   664103.780778438       -666653.372000917        667020.305428550     
   648913.986164196       -651454.439568164        651822.029347126     
   634070.503827293       -636601.819796703        636970.050201774     
   619565.442928679       -622087.621856551        622456.477515213     
   605391.092424264       -607904.134712640        608273.600593821     
   591539.916968223       -594043.823028563        594413.884400655     
   578004.552909649       -580499.323162993        580869.965640250     
   564777.804380439       -567263.439257654        567634.648731318     
   551852.639472290       -554329.139414288        554700.902110009     
   539222.186500838       -541689.551958745        542061.854368008     
   526879.730354890       -529337.961790289        529710.790719631     
   514818.708928854       -517267.806814199        517641.149306559     
   503032.709636454       -505472.674455170        505846.517883014     
   491515.466003887       -493946.298250528        494320.630204057     
   480260.854340591       -482682.554521321        483057.362879853     
   469262.890485886       -471675.459118625        472050.731995850     
   458515.726629732       -460919.164244461        461294.890016965     
   448013.648205941       -450407.955344923        450784.122618716     
   437751.070856161       -440136.248074272        440512.845697634     
   427722.537463045       -430098.585328081        430475.602369329     
   417922.715251024       -420289.634343967        420667.060105582     
   408346.392953131       -410704.183868432        411082.007861159     
   398988.478042385       -401337.141388348        401715.353337412     
   389843.994026259       -392183.530425290        392562.120265473     
   380908.077802789       -383238.487891754        383617.445752895     
   372175.977076931       -374497.261507491        374876.577720883     
   363643.047835781       -365955.207274728        366334.872357156     
   355304.751881330       -357607.787010916        357987.791671225     
   347156.654419429       -349450.565937754        349830.901056642     
   339194.421703692       -341479.210325065        341859.866968065     
   331413.818733084       -333689.485188356        334070.454586591     
   323810.707001971       -326077.252038959        326458.525591907     
   316381.042301435       -318638.466685314        319020.035952047     
   309120.872570680       -311369.177084367        311751.033785291     
   302026.335797407       -304265.521241955        304647.657247868     
   295093.657966020       -297323.725161050        297706.132492583     
   288319.151052581       -290540.100836719        290922.771657472     
   281699.211065460       -283911.044296757        284293.970913486     
   275230.316130620       -277433.033687018        277816.208538218     
   268909.024620532       -271102.627400298        271486.043063707     
   262731.973325727       -264916.462247923        265300.111422110     
   256695.875668001       -258871.251672981        259255.127187006     
   250797.519954342       -252963.784004238        253347.878802311     
   245033.767670634       -247190.920749827        247575.227900943     
   239401.551814242       -241549.594929891        241934.107607528     
   233897.875264593       -236036.809447157        236421.520943050     
   228519.809190877       -230649.635494662        231034.539197128     
   223264.491496031       -225385.210999740        225770.300409359     
   218129.125296179       -220240.739103419        220626.007815002     
   213110.977434717       -215213.486674629        215598.928378803     
   208207.377030257       -210300.782858055        210686.391342051     
   203415.714057650       -205500.017655261        205885.786787971     
   198733.437961344       -200808.640538003        201194.564283605     
   194158.056300342       -196224.159093174        196610.231493059     
   189687.133424026       -191744.137698734        192130.352875577     
   185318.289178156       -187366.196229686        187752.548380566     
   181049.197640356       -183088.008793513        183474.492195761     
   176877.585884407       -178907.302494555        179293.911488164     
   172801.232772697       -174821.856226477        175208.585225524     
   168817.967776190       -170829.499492204        171216.342971378     
   164925.669821272       -166928.111250837        167315.063749160     
   161122.266162884       -163115.618790745        163502.674906429     
   157405.731283317       -159389.996628435        159777.151013781     
   153774.085816111       -155749.265432448        156136.512794574     
   150225.395494464       -152191.490971751        152578.826069564     
   146757.770123604       -148714.783088150        149102.200728211     
   143369.362576577       -145317.294692119        145704.789724511     
   140058.367812914       -141997.220781485        142384.788099551     
   136823.021919658       -138752.797482414        139140.432022322     
   133661.601174241       -135582.301112363        135969.997843417     
   130572.421128716       -132484.047264331        132871.801193850     
   127553.835714847       -129456.389911921        129844.196078993     
   124604.236369597       -126497.720534915        126885.574006121     
   121722.051180542       -123606.467264675        123994.363135691     
   118905.744050747       -120781.094049001        121169.027441824     
   116153.813882682       -118020.099836141        118408.065890321     
   113464.793780723       -115322.017777291        115710.011655833     
   110837.250271830       -112685.414447255        113073.431329168     
   108269.782543977       -110108.889082950        110496.924161495     
   105761.021701937       -107591.072839167        107979.121322563     
   103309.630040024       -105130.628061388        105518.685162874     
   100914.300331402       -102726.247575099        103114.308519845     
   98573.7551335887       -100376.653991274        100764.714008555     
   96286.7461097847       -98080.5990278037        98468.6533476452     
   94052.0533656626       -95836.8628462697        96224.9067012440     
   91868.4848012689       -93644.2534038644        94032.2820235072     
   89734.8754776921       -91501.6058201108        91889.6144295363     
   87650.0869981609       -89407.7817579670        89795.7655762850     
   85613.0069032427       -87361.6688190736        87749.6230544191     
   83622.5480798235       -85362.1799527368        85750.0998047470     
   81677.6481835530       -83408.2528784227        83796.1335291541     
   79777.2690744483       -81498.8495213961        81886.6861393463     
   77920.3962653581       -79632.9554611725        80020.7431960585     
   76106.0383829918       -77809.5793926237        78197.3133719787     
   74333.2266412294       -76027.7525993116        76415.4279277663     
   72601.0143264315       -74286.5284388014        74674.1401965518     
   70908.4762944750       -72584.9818397515        72972.5250774334     
   69254.7084792494       -70922.2088104545        71309.6785485487     
   67638.8274123510       -69297.3259585299        69684.7171862120     
   66059.9697537196       -67709.4700216210        68096.7776908607     
   64517.2918329702       -66157.7974087546        66545.0164361083     
   63009.9692011740       -64641.4837521585        65028.6090119534     
   61537.1961928511       -63159.7234692855        63546.7497961950     
   60098.1854979442       -61711.7293348146        62098.6515171229     
   58692.1677435413       -60296.7320624475        60683.5448408539     
   57318.3910851311       -58913.9798961539        59300.6779642246     
   55976.1208071693       -57562.7382108024        57949.3162074110     
   54664.6389327449       -56242.2891218675        56628.7416337126     
   53383.2438421411       -54951.9311040093        55338.2526600094     
   52131.2499000851       -53690.9786183912        54077.1636879309     
   50907.9870914901       -52458.7617484464        52844.8047396650     
   49712.8006654977       -51254.6258439557        51640.5211009617     
   48545.0507876279       -50077.9311732520        50463.6729728815     
   47404.1121998556       -48928.0525833312        49313.6351340824     
   46289.3738884307       -47804.3791677258        48189.7966049035     
   45200.2387592658       -46706.3139419297        47091.5603280480     
   44136.1233207198       -45633.2735262126        46018.3428466933     
   43096.4573736083       -44584.6878356997        44969.5739959618     
   42080.6837082755       -43559.9997774856        43944.6966010786     
   41088.2578085685       -42558.6649546311        42943.1661819550     
   40118.6475625548       -41580.1513769500        41964.4506594598     
   39171.3329798296       -40623.9391783688        41008.0300787362     
   38245.8059152648       -39689.5203407000        40073.3963294746     
   37341.5697990500       -38776.3984237497        39160.0528758468     
   36458.1393728840       -37884.0883015583        38267.5144945333     
   35595.0404321762       -37012.1159046417        37395.3070159699     
   34751.8095741205       -36160.0179681241        36542.9670717983     
   33927.9939515087       -35327.3417856044        35710.0418500573     
   33123.1510321520       -34513.6449686171        34896.0888544007     
   32336.8483637825       -33718.4952115968        34100.6756673741     
   31568.6633443115       -32941.4700621912        33323.3797230652     
   30818.1829973197       -32182.1566967951        32563.7880813964     
   30085.0037526633       -31440.1517012149        31821.4972085952     
   29368.7312320766       -30715.0608563267        31096.1127635486     
   28668.9800396590       -30006.4989286201        30387.2493873323     
   27985.3735571346       -29314.0894655086        29694.5305002424     
   27317.5437437758       -28637.4645953089        29017.5880995211     
   26665.1309408834       -27976.2648317753        28356.0625664038     
   26027.7836807221       -27330.1388830972        27709.6024718488     
   25405.1584998066       -26698.7434652441        27077.8643935021     
   24796.9197564411       -26081.7431195493        26460.5127309276     
   24202.7394524163       -25478.8100344743        25857.2195277138     
   23622.2970587655       -24889.6238714261        25267.6642975127     
   23055.2793454913       -24313.8715945247        24691.5338554261     
   22501.3802151702       -23751.2473042872        24128.5221466271     
   21960.3005403466       -23201.4520750654        23578.3300920783     
   21431.7480046323       -22664.1937962027        23040.6654201348     
   20915.4369474229       -22139.1870168225        22515.2425197349     
   20411.0882121525       -21626.1527941269        22001.7822827247     
   19918.4289980050       -21124.8185451686        21500.0119600339     
   19437.1927150017       -20634.9179020008        21009.6650124851     
   18967.1188423899       -20156.1905701243        20530.4809738492     
   18507.9527902577       -19688.3821901542        20062.2053083769     
   18059.4457642987       -19231.2442026490        19604.5892789059     
   17621.3546336593       -18784.5337160037        19157.3898128966     
   17193.4418017936       -18348.0133773763        18720.3693731266     
   16775.4750802606       -17921.4512465278        18293.2958342284     
   16367.2275653963       -17504.6206725570        17875.9423549556     
   15968.4775177933       -17097.3001734348        17468.0872629864     
   15579.0082445260       -16699.2733182770        17069.5139325128     
   15198.6079840584       -16310.3286123137        16680.0106726431     
   14827.0697937723       -15930.2593844647        16299.3706128889     
   14464.1914400577       -15558.8636774830        15927.3915948201     
   14109.7752909058       -15195.9441405973        15563.8760636035     
   13763.6282109490       -14841.3079246040        15208.6309638433     
   13425.5614588903       -14494.7665793384        14861.4676373940     
   13095.3905872697       -14156.1359534920        14522.2017218733     
   12772.9353445125       -13825.2360967084        14190.6530544867     
   12458.0195792092       -13501.8911638975        13866.6455757359     
   12150.4711465752       -13185.9293217439        13550.0072352152     
   11850.1218170408       -12877.1826573372        13240.5699018194     
   11556.8071869232       -12575.4870888755        12938.1692735838     
   11270.3665911331       -12280.6822784122        12642.6447904751     
   10990.6430178692       -11992.6115465828        12353.8395499502     
   10717.4830252566       -11711.1217892727        12071.6002227966     
   10450.7366598823       -11436.0633961854        11795.7769725399     
   10190.2573771883       -11167.2901712536        11526.2233760124     
   9935.90196367639       -10904.6592548736        11262.7963446369     
   9687.53046088565       -10648.0310479011        11005.3560503017     
   9445.00609110196       -10397.2691373722        10753.7658497376     
   9208.19518475959       -10152.2402239251        10507.8922126297     
   8976.96710949665       -9912.81405086143        10267.6046511651     
   8751.19420082717       -9678.86333482487        10032.7756502297     
   8530.75169439249       -9450.26369805507        9803.28060045166     
   8315.51765975631       -9226.89360218188        9578.99773152071     
   8105.37293570855       -9008.63428352003        9359.80804869717     
   7900.20106704329       -8795.36968983913        9145.59526824869     
   7699.88824277764       -8586.98641856968        8936.24575743871     
   7504.32323577872       -8383.37365640365        8731.64847350838     
   7313.39734376669       -8184.42312027818        8531.69490468592     
   7127.00433166276       -7990.02899969311        8336.27901344317     
   6945.04037525151       -7800.08790033666        8145.29717971887     
   6767.40400612767       -7614.49878899059        7958.64814667394     
   6593.99605789855       -7433.16293968699        7776.23296634124     
   6424.71961361308       -7255.98388108683        7597.95494793912     
   6259.47995439017       -7082.86734504588        7423.71960655234     
   6098.18450921899       -6913.72121635116        7253.43461286615     
   5940.74280590446       -6748.45548359678        7087.00974456107     
   5787.06642313242       -6586.98219116745        6924.35683882492     
   5637.06894362868       -6429.21539231435        6765.38974503029     
   5490.66590838742       -6275.07110329015        6610.02428016379     
   5347.77477194483       -6124.46725852210        6458.17818332395     
   5208.31485867404       -5977.32366680126        6309.77107304740     
   5072.20732007850       -5833.56196845842        6164.72440435935     
   4939.37509306124       -5693.10559351162        6022.96142743001     
   4809.74285914771       -5555.87972075724        5884.40714702402     
   4683.23700464099       -5421.81123778480        5748.98828291941     
   4559.78558168806       -5290.82870189647        5616.63323096772     
   4439.31827023661       -5162.86230190855        5487.27202551147     
   4321.76634086249       -5037.84382080888        5360.83630269523     
   4207.06261844796       -4915.70659926390        5237.25926343077     
   4095.14144669150       -4796.38549994722        5116.47563914019     
   3985.93865343073       -4679.81687266511        4998.42165687227     
   3879.39151675988       -4565.93852027490        4883.03500537839     
   3775.43873192395       -4454.68966536828        4770.25480266067     
   3674.02037897219       -4346.01091770328        4660.02156347096     
   3575.07789115365       -4239.84424236912        4552.27716820498     
   3478.55402403835       -4136.13292866861        4446.96483175844     
   3384.39282534743       -4034.82155969839        4344.02907410825     
   3292.53960547666       -3935.85598261234        4243.41569045475     
   3202.94090869755       -3839.18327955560        4145.07172289000     
   3115.54448502088       -3744.75173924859        4048.94543232770     
   3030.29926270775       -3652.51082921003        3954.98627112127     
   2947.15532141376       -3562.41116860284        3863.14485640506     
   2866.06386595191       -3474.40450169079        3773.37294375373     
   2786.97720066040       -3388.44367188965        3685.62340192959     
   2709.84870436191       -3304.48259639936        3599.85018773344     
   2634.63280590083       -3222.47624140684        3516.00832162610     
   2561.28496024578       -3142.38059784474        3434.05386387055     
   2489.76162514442       -3064.15265769270        3353.94389131958     
   2420.02023831844       -2987.75039081112        3275.63647441191     
   2352.01919518645       -2913.13272229421        3199.09065512588     
   2285.71782710301       -2840.25951033129        3124.26642492083     
   2221.07638010217       -2769.09152456449        3051.12470371564     
   2158.05599413419       -2699.59042493201        2979.62731879142     
   2096.61868278451       -2631.71874098810        2909.73698451003     
   2036.72731346382       -2565.43985168564        2841.41728245907     
   1978.34558805907       -2500.71796561368        2774.63264183028     
   1921.43802403468       -2437.51810168049        2709.34832038030     
   1865.96993597401       -2375.80607023097        2645.53038578791     
   1811.90741755116       -2315.54845458902        2583.14569740826     
   1759.21732392336       -2256.71259301679        2522.16188835638     
   1707.86725453442       -2199.26656108143        2462.54734806121     
   1657.82553632008       -2143.17915442016        2404.27120514665     
   1609.06120730606       -2088.41987189588        2347.30331066174     
   1561.54400058987       -2034.95889913468        2291.61422171833     
   1515.24432869786       -1982.76709243694        2237.17518543016     
   1470.13326830878       -1931.81596305529        2183.95812314009     
   1426.18254533560       -1882.07766183049        2131.93561514215     
   1383.36452035736       -1833.52496417886        2081.08088544776     
   1341.65217439313       -1786.13125542277        2031.36778725367     
   1301.01909501016       -1739.87051645867        1982.77078818919     
   1261.43946275850       -1694.71730975480        1935.26495645458     
   1222.88803792476       -1650.64676567184        1888.82594666362     
   1185.34014759730       -1607.63456910096        1843.42998646585     
   1148.77167303601       -1565.65694641069        1799.05386311498     
   1113.15903733931       -1524.69065269974        1755.67491036274     
   1078.47919340155       -1484.71295934649        1713.27099582063     
   1044.70961215399       -1445.70164185076        1671.82050822916     
   1011.82827108275       -1407.63496796228        1631.30234532362     
   979.813643017075       -1370.49168608940        1591.69590163868     
   948.644685181633       -1334.25101398306        1552.98105682784     
   918.300828506500       -1298.89262769022        1515.13816395767     
   888.761967188686       -1264.39665077211        1478.14803823748     
   860.008448499212       -1230.74364378072        1441.99194587731     
   832.021062829766       -1197.91459399047        1406.65159309507     
   804.781033973160       -1165.89090537821        1372.10911555277     
   778.270009631940       -1134.65438884787        1338.34706769641     
   752.470052149489       -1104.18725269425        1305.34841266379     
   727.363629458279       -1074.47209330103        1273.09651205537     
   702.933606239811       -1045.49188606978        1241.57511611660     
   679.163235291045       -1017.22997657360        1210.76835406328     
   656.036149092184       -989.670071931967        1180.66072456291     
   633.536351570738       -962.796232401977        1151.23708647975     
   611.648210056956       -936.592863181552        1122.48264972909     
   590.356447425788       -911.044706420760        1094.38296637224     
   569.646134420614       -886.136833436152        1066.92392190175     
   549.502682154121       -861.854637124680        1040.09172663763     
   529.911834781787       -838.183824572534        1013.87290742043     
   510.859662343494       -815.110409854909        988.254299347357     
   492.332553768962       -792.620707022745        963.223037815175     
   474.317210042697       -770.701323272086        938.766550629224     
   456.800637524312       -749.339152292068        914.872550394193     
   439.770141420168       -728.521367788016        891.529026930832     
   423.213319402298       -708.235417175099        868.724240057289     
   407.118055370768       -688.469015438839        846.446712330569     
   391.472513355664       -669.210139158687        824.685222155659     
   376.265131554980       -650.447020690757        803.428796865406     
   361.484616504793       -632.168142505583        782.666706188913     
   347.119937378199       -614.362231677901        762.388455592314     
   333.160320409538       -597.018254522328        742.583780277341     
   319.595243440586       -580.125411379168        723.242638156825     
   306.414430585376       -563.673131519588        704.355206520446     
   293.607847010594       -547.651068255243        685.911867628538     
   281.165693828055       -532.049093964401        667.903230365021     
   269.078403097589       -516.857295918485        650.320039128677     
   257.336632932528       -502.065970224091        633.153428467318     
   245.931262722590       -487.665621594684        616.394162590143     
   234.853388407442       -473.646948445369        600.034669401944     
   224.094318069716       -460.000854565515        584.064700254601     
   213.645567039134       -446.718439388360        568.477527379126     
   203.498853868181       -433.790975433403        553.264859497002     
   193.646096000216       -421.209934859782        538.417664748254     
   184.079405278145       -408.966966595209        523.929636424055     
   174.791084135589       -397.053893185056        509.792016074586     
   165.773621334947       -385.462716411657        495.998009393562     
   157.019688120446       -374.185602929090        482.540104430135     
   148.522134337519       -363.214886472261        469.411315191098     
   140.273984688590       -352.543060016085        456.604810089893     
   132.268435120896       -342.162769987766        444.114105344997     
   124.498849393988       -332.066806686769        431.933200648878     
   116.958755922918       -322.248089123799        420.056927772648     
   109.641845082250       -312.699639381174        408.481511211059     
   102.541967343204       -303.414531914070        397.206181969949     
   95.6531330033896       -294.385806257829        386.234739108593     
   88.9695150156545       -285.606256233992        375.584704654813     
   82.4854582236450       -277.068123159160        365.286498560173     
   76.1955012893363       -268.762047956376        355.448570282988     
   70.0944272210649       -260.676194952294        346.177369679533     
   64.1773679610372       -252.790045715645        338.119867489479     
   58.4400518096510       -245.074472267582        331.376160958515     
   52.8792713484312       -237.450359368912        330.183649269168     
   47.4941767003162       -229.817918184786        332.098823256316     
   42.2881655981000       -221.795705643360        364.004904095074     
   37.2763788463950       -212.927966822442        405.466861274274     
   32.4834351767829       -202.657080529418        485.758869140770     
   27.9516752338933       -190.129008150456        601.327496932065     
   23.7373856973860       -175.195686766977        694.467225919801     
   19.8900423706891       -158.374708267208        765.123350984328     
   16.4457096854298       -140.375856513131        796.673688094266     
   13.4213873524111       -122.069429258523        791.812303845665     
   10.8149599064078       -104.233872787539        755.815270807342     
   8.60809118916617       -87.4843522412721        697.574753876832     
   6.77059582492058       -72.2352857656445        625.617813946514     
   5.26489258184557       -58.7187370038286        547.240661871697     
   4.04983915366138       -47.0181660151512        468.041722545155     
   3.08371973411597       -37.1058170898640        392.072989957064     
   2.32641817869927       -28.8756897862791        322.071924929900     
   1.74089316102976       -22.1711203670798        259.697224028731     
   1.29407718790734       -16.8073254697209        205.730187862855     
  0.957308165882247       -12.5894776106160        160.261064670326     
  0.706393333295042       -9.32655227979077        122.869614444407     
  0.521401262943201       -6.84110845243748        92.7974105077333     
  0.386272534429729       -4.97531484841366        69.1013020385525     
  0.288329713828909       -3.59377194830318        50.7779902759575     
  0.217752380751559       -2.58385299609857        36.8547349008128     
  0.167065464433099       -1.85433505841469        26.4470229333380     
  0.130671965411180       -1.33302436633402        18.7881679808358     
  0.104446394341295      -0.963943922103654        13.2376941606361     
  8.539400471636839E-002 -0.704491299184041        9.27553856073598     
  7.137330301729869E-002 -0.522820161289818        6.48843622643105     
  6.087507033904187E-002 -0.395564894952188        4.55376251428818     
  5.284962451368516E-002 -0.305926247094535        3.22436559765509     
  4.657436739280670E-002 -0.242081814822808        2.31554587258898     
  4.155464153808985E-002 -0.195879522828106        1.69352114023497     
  3.745169639764242E-002 -0.161789218188420        1.26456405180994     
  3.403200096567451E-002 -0.136095879013653       0.964899338158964     
  3.113259427248481E-002 -0.116309315463602       0.752021095890855     
  2.863790289455175E-002 -0.100752179163855       0.597903318258716     
  2.646441819200328E-002 -8.828269263907632E-002  0.484099433879077     
  2.455060081922368E-002 -7.811234361472129E-002  0.398402472890339     
  2.285020137180100E-002 -6.968736900033003E-002  0.332649740153620     
  2.132779863371401E-002 -6.261184845209358E-002  0.281307594078656     
  1.995577962751156E-002 -5.659754532743850E-002  0.240565742095660     
  1.871226401005715E-002 -5.143087284618013E-002  0.207756956117023     
  1.757965396187757E-002 -4.695086127644633E-002  0.180982775741929     
  1.654360402877141E-002 -4.303424982819339E-002  0.158869579657186     
  1.559227713114724E-002 -3.958524468802496E-002  0.140407623648940     
  1.471579860158169E-002 -3.652837298278613E-002  0.124843362542638     
  1.390584939301997E-002 -3.380341974176184E-002  0.111606382230398     
  1.315535859136726E-002 -3.136178663759651E-002  0.100259097007096     
  1.245826783692182E-002 -2.916383527879196E-002  9.046162068768916E-002
  1.180934855651599E-002 -2.717692204470769E-002  8.194688893825804E-002
  1.120405850392618E-002 -2.537392542610022E-002  7.450280123555622E-002
  1.063842793120591E-002 -2.373212883665294E-002  6.795923396550514E-002
  1.010896836353398E-002 -2.223236329343252E-002  6.217847796843032E-002
  9.612598810159072E-003 -2.085834240552108E-002  5.704811402160483E-002
  9.146585566221456E-003 -1.959614132841821E-002  5.247564515344840E-002
  8.708492711714561E-003 -1.843378467677873E-002  4.838440979269980E-002
  8.296141106635636E-003 -1.736091775266912E-002  4.471043916176977E-002
  7.907574191495835E-003 -1.636854209993944E-002  4.140001817536490E-002
  7.541029281998205E-003 -1.544880117595940E-002  3.840777575605725E-002
  7.194913332096915E-003 -1.459480540423025E-002  3.569517735983027E-002
  6.867782356275949E-003 -1.380048841952848E-002  3.322932581110229E-002
  6.558323867792378E-003 -1.306048820574014E-002  3.098200047810518E-002
  6.265341817786202E-003 -1.237004823932266E-002  2.892888216850841E-002
  5.987743619947263E-003 -1.172493481767301E-002  2.704892383648803E-002
  5.724528923723778E-003 -1.112136756333060E-002  2.532383658158784E-002
  5.474779860926661E-003 -1.055596071771403E-002  2.373766742011461E-002
  5.237652539802617E-003 -1.002567331953044E-002  2.227645057250668E-002
  5.012369600058802E-003 -9.527766737867789E-003  2.092791799518786E-002
  4.798213674064119E-003 -9.059768323855757E-003  1.968125792804173E-002
  4.594521625167918E-003 -8.619440176648674E-003  1.852691256679507E-002
  4.400679455022163E-003 -8.204752203534863E-003  1.745640778051133E-002
  4.216117788942395E-003 -7.813858800939311E-003  1.646220920186271E-002
  4.040307862450319E-003 -7.445078601071602E-003  1.553760012451376E-002
  3.872757943803978E-003 -7.096876824188648E-003  1.467657751126234E-002
  3.713010137003310E-003 -6.767849853681986E-003  1.387376310688119E-002
  3.560637517832076E-003 -6.456711714145636E-003  1.312432719975211E-002
  3.415241562256258E-003 -6.162282184117518E-003  1.242392301632292E-002
  3.276449832178243E-003 -5.883476317566656E-003  1.176863008686213E-002
  3.143913888338409E-003 -5.619295183193828E-003  1.115490520757313E-002
  3.017307404211310E-003 -5.368817659624159E-003  1.057953985658061E-002
  2.896324458189340E-003 -5.131193148717032E-003  1.003962311103649E-002
  2.780677984282793E-003 -4.905635089386682E-003  9.532509268055184E-003
  2.670098364075886E-003 -4.691415171234244E-003  9.055789499744876E-003
  2.564332144830064E-003 -4.487858161512641E-003  8.607266978003415E-003
  2.463140870477668E-003 -4.294337270947070E-003  8.184934992141072E-003
  2.366300013844972E-003 -4.110269994092494E-003  7.786957654713650E-003
  2.273597999824020E-003 -3.935114368535883E-003  7.411652851664915E-003
  2.184835310409717E-003 -3.768365604597180E-003  7.057477143279480E-003
  2.099823663558277E-003 -3.609553043457465E-003  6.723012364908368E-003
  2.018385258729806E-003 -3.458237407014108E-003  6.406953712510337E-003
  1.940352082768954E-003 -3.314008307375829E-003  6.108099127624498E-003
  1.865565270470304E-003 -3.176481987882283E-003  5.825339822544612E-003
  1.793874514782708E-003 -3.045299270956794E-003  5.557651807801991E-003
  1.725137522141122E-003 -2.920123691067044E-003  5.304088302506285E-003
  1.659219508884534E-003 -2.800639793635867E-003  5.063772924158095E-003
  1.595992735134236E-003 -2.686551582978322E-003  4.835893567531466E-003
  1.535336072873612E-003 -2.577581104281466E-003  4.619696894632054E-003
  1.477134605295991E-003 -2.473467146348258E-003  4.414483365783719E-003
  1.421279254775830E-003 -2.373964053300931E-003  4.219602753919457E-003
  1.367666437075159E-003 -2.278840634736090E-003  4.034450087420629E-003
  1.316197739625985E-003 -2.187879164983637E-003  3.858461975563273E-003
  1.266779621933007E-003 -2.100874463104131E-003  3.691113277232721E-003
  1.219323136323556E-003 -2.017633046148695E-003  3.531914075069006E-003
  1.173743667434521E-003 -1.937972348992824E-003  3.380406924563100E-003
  1.129960688972429E-003 -1.861720004736679E-003  3.236164349494302E-003
  1.087897536413763E-003 -1.788713180279278E-003  3.098786558930664E-003
  1.047481194430844E-003 -1.718797962214997E-003  2.967899363663846E-003
  1.008642097934594E-003 -1.651828788681255E-003  2.843152272497266E-003
  9.713139457212419E-004 -1.587667923215433E-003  2.724216750726103E-003
  9.354335257965108E-004 -1.526184967060198E-003  2.610784625419477E-003
  9.009405515287190E-004 -1.467256406696845E-003  2.502566623323343E-003
  8.677775078530552E-004 -1.410765193691101E-003  2.399291029142798E-003
  8.358895068132017E-004 -1.356600354207174E-003  2.300702452885820E-003
  8.052241517845821E-004 -1.304656625791216E-003  2.206560696296964E-003
  7.757314097762051E-004 -1.254834119243259E-003  2.116639709442547E-003
  7.473634912561349E-004 -1.207038003594079E-003  2.030726629270430E-003
  7.200747369890910E-004 -1.161178212380028E-003  1.948620892975861E-003
  6.938215114146331E-004 -1.117169169568811E-003  1.870133419485797E-003
  6.685621021305556E-004 -1.074929533632541E-003  1.795085853298639E-003
  6.442566250792748E-004 -1.034381958394284E-003  1.723309865171498E-003
  6.208669350653419E-004 -9.954528693919937E-004  1.654646504963646E-003
  5.983565412598001E-004 -9.580722546094401E-004  1.588945602133056E-003
  5.766905273726173E-004 -9.221734685203007E-004  1.526065210033432E-003
  5.558354761976226E-004 -8.876930484787004E-004  1.465871090289598E-003
  5.357593982557506E-004 -8.545705425685149E-004  1.408236234122319E-003
  5.164316642819985E-004 -8.227483480959826E-004  1.353040417479884E-003
  4.978229413195826E-004 -7.921715599757413E-004  1.300169787438192E-003
  4.799051322012735E-004 -7.627878283194884E-004  1.249516477265844E-003
  4.626513182132707E-004 -7.345472245914242E-004  1.200978248004073E-003
  4.460357047510000E-004 -7.074021157438554E-004  1.154458154432053E-003
  4.300335697892046E-004 -6.813070457916893E-004  1.109864233611878E-003
  4.146212150007505E-004 -6.562186243260547E-004  1.067109214225266E-003
  3.997759193695443E-004 -6.320954215050282E-004  1.026110245201425E-003
  3.854758951533058E-004 -6.088978690939722E-004  9.867886421539829E-004
  3.717002460613572E-004 -5.865881671601570E-004  9.490696503098551E-004
  3.584289275213833E-004 -5.651301960550894E-004  9.128822227556822E-004
  3.456427089172431E-004 -5.444894333448845E-004  8.781588128380840E-004
  3.333231376874884E-004 -5.246328753736679E-004  8.448351797488558E-004
  3.214525051811780E-004 -5.055289631673023E-004  8.128502063180448E-004
  3.100138141741474E-004 -4.871475124059243E-004  7.821457281634589E-004
  2.989907479548870E-004 -4.694596472125699E-004  7.526663734111925E-004
  2.883676408948058E-004 -4.524377375229816E-004  7.243594122275811E-004
  2.781294504229127E-004 -4.360553398178962E-004  6.971746155202568E-004
  2.682617303297557E-004 -4.202871410142184E-004  6.710641221318637E-004
  2.587506053300466E-004 -4.051089053252018E-004  6.459823140205205E-004
  2.495827468175958E-004 -3.904974239126909E-004  6.218856988065430E-004
  2.407453497501257E-004 -3.764304671662831E-004  5.987327992825113E-004
  2.322261106052103E-004 -3.628867394552107E-004  5.764840493393703E-004
  2.240132063520404E-004 -3.498458362090639E-004  5.551016959639904E-004
  2.160952743868822E-004 -3.372882031925487E-004  5.345497068587366E-004
  2.084613933831459E-004 -3.251950978485760E-004  5.147936833496540E-004
  2.011010650097553E-004 -3.135485525918027E-004  4.958007782334474E-004
  1.940041964741434E-004 -3.023313399424592E-004  4.775396182443868E-004
  1.871610838486760E-004 -2.915269393970975E-004  4.599802308727762E-004
  1.805623961415762E-004 -2.811195059394935E-004  4.430939752254588E-004
  1.741991600756174E-004 -2.710938401010043E-004  4.268534767166675E-004
  1.680627455398586E-004 -2.614353594852102E-004  4.112325653180822E-004
  1.621448516816018E-004 -2.521300716769350E-004  3.962062171835936E-004
  1.564374936075351E-004 -2.431645484606070E-004  3.817504994096826E-004
  1.509329896647124E-004 -2.345259012775743E-004  3.678425177697972E-004
  1.456239492735702E-004 -2.262017578559748E-004  3.544603672336519E-004
  1.405032612866921E-004 -2.181802399509835E-004  3.415830850989694E-004
  1.355640828484061E-004 -2.104499421367880E-004  3.291906065990562E-004
  1.307998287316119E-004 -2.029999115951888E-004  3.172637228155244E-004
  1.262041611294824E-004 -1.958196288488345E-004  3.057840407987685E-004
  1.217709798808226E-004 -1.888989893901727E-004  2.947339457233302E-004
  1.174944131089853E-004 -1.822282861601175E-004  2.840965650014500E-004
  1.133688082552626E-004 -1.757981928328717E-004  2.738557342176570E-004
  1.093887234886490E-004 -1.695997478659656E-004  2.639959647949718E-004
  1.055489194747858E-004 -1.636243392768458E-004  2.545024132839441E-004
  1.018443514877733E-004 -1.578636901095202E-004  2.453608521969447E-004
  9.827016184933575E-005 -1.523098445567461E-004  2.365576422901962E-004
  9.482167268061703E-005 -1.469551547052911E-004  2.280797062168892E-004
  9.149437895259953E-005 -1.417922678734352E-004  2.199145034840068E-004
  8.828394182183346E-005 -1.368141145116627E-004  2.120500066261506E-004
  8.518618223882121E-005 -1.320138966390700E-004  2.044746785471123E-004
  8.219707481700307E-005 -1.273850767893961E-004  1.971774509567038E-004
  7.931274195089103E-005 -1.229213674421703E-004  1.901477038396509E-004
  7.652944817243735E-005 -1.186167209156107E-004  1.833752459195586E-004
  7.384359473525100E-005 -1.144653196991816E-004  1.768502960446619E-004
  7.125171441677608E-005 -1.104615672049974E-004  1.705634654584165E-004
  6.875046652900102E-005 -1.066000789181819E-004  1.645057409101933E-004
  6.633663212872786E-005 -1.028756739274420E-004  1.586684685528816E-004
  6.400710941884159E-005 -9.928336681807931E-005  1.530433385957419E-004
  6.175890933242375E-005 -9.581835991051344E-005  1.476223706708542E-004
  5.958915129193032E-005 -9.247603582831479E-005  1.423978998742561E-004
  5.749505913602093E-005 -8.925195038057512E-005  1.373625634494920E-004
  5.547395720695523E-005 -8.614182574412431E-005  1.325092880853599E-004
  5.352326659180998E-005 -8.314154393193642E-005  1.278312777851728E-004
  5.164050151106934E-005 -8.024714053470062E-005  1.233220022944023E-004
  4.982326584843550E-005 -7.745479872316070E-005  1.189751860454261E-004
  4.806924981598938E-005 -7.476084349950314E-005  1.147847976027262E-004
  4.637622674908576E-005 -7.216173618659228E-005  1.107450395788074E-004
  4.474205002562812E-005 -6.965406914443812E-005  1.068503390010555E-004
  4.316465010460192E-005 -6.723456070377867E-005  1.030953381053457E-004
  4.164203167897384E-005 -6.490005030717991E-005  9.947488553576657E-005
  4.017227093827925E-005 -6.264749384846913E-005  9.598402793491353E-005
  3.875351293643125E-005 -6.047395920181500E-005  9.261800189791204E-005
  3.738396906047149E-005 -5.837662193215334E-005  8.937222628231901E-005
  3.606191459617875E-005 -5.635276117904374E-005  8.624229484944574E-005
  3.478568638662381E-005 -5.439975570644664E-005  8.322396922575465E-005
  3.355368057992863E-005 -5.251508011125008E-005  8.031317216632506E-005
  3.236435046265341E-005 -5.069630118369667E-005  7.750598111093494E-005
  3.121620437538206E-005 -4.894107441321055E-005  7.479862201107532E-005
  3.010780370722970E-005 -4.724714063340229E-005  7.218746342631472E-005
  2.903776096613234E-005 -4.561232280033678E-005  6.966901086439359E-005
  2.800473792191252E-005 -4.403452289840546E-005  6.723990136868559E-005
  2.700744381924229E-005 -4.251171896840427E-005  6.489689832656745E-005
  2.604463365774808E-005 -4.104196225270029E-005  6.263688650125103E-005
  2.511510653661327E-005 -3.962337445253631E-005  6.045686726930292E-005
  2.421770406115022E-005 -3.825414509281536E-005  5.835395405696236E-005
  2.335130880891572E-005 -3.693252898987568E-005  5.632536796714852E-005
  2.251484285304529E-005 -3.565684381797698E-005  5.436843358696982E-005
  2.170726634058017E-005 -3.442546777042629E-005  5.248057496832653E-005
  2.092757612364857E-005 -3.323683731143224E-005  5.065931177444721E-005
  2.017480444145531E-005 -3.208944501495489E-005  4.890225558464501E-005
  1.944801765111518E-005 -3.098183748699654E-005  4.720710634921350E-005
  1.874631500544648E-005 -2.991261336793025E-005  4.557164898950363E-005
  1.806882747591736E-005 -2.888042141159455E-005  4.399375013661719E-005
  1.741471661901323E-005 -2.788395863805520E-005  4.247135500061589E-005
  1.678317348435965E-005 -2.692196855704963E-005  4.100248436789321E-005
  1.617341756300636E-005 -2.599323945926649E-005  3.958523171767513E-005
  1.558469577433988E-005 -2.509660277273717E-005  3.821776045562827E-005
  1.501628149015380E-005 -2.423093148173716E-005  3.689830125607754E-005
  1.446747359446620E-005 -2.339513860569513E-005  3.562514951292588E-005
  1.393759557772720E-005 -2.258817573573081E-005  3.439666288802980E-005
  1.342599466411582E-005 -2.180903162653794E-005  3.321125896050041E-005
  1.293204097067584E-005 -2.105673084142431E-005  3.206741296482278E-005
  1.245512669708932E-005 -2.033033244842174E-005  3.096365562131694E-005
  1.199466534493403E-005 -1.962892876545957E-005  2.989857104828029E-005
  1.155009096531676E-005 -1.895164415269464E-005  2.887079475807561E-005
  1.112085743381586E-005 -1.829763385015370E-005  2.787901172910344E-005
  1.070643775170970E-005 -1.766608285894260E-005  2.692195455349288E-005
  1.030632337250627E-005 -1.705620486433684E-005  2.599840165527575E-005
  9.920023552826835E-006 -1.646724119915363E-005  2.510717557687347E-005
  9.547064726733998E-006 -1.589845984585666E-005  2.424714133176265E-005
  9.186989902627318E-006 -1.534915447593238E-005  2.341720481761717E-005
  8.839358081864556E-006 -1.481864352512821E-005  2.261631129137601E-005
  8.503743698297427E-006 -1.430626930319978E-005  2.184344389977017E-005
  8.179736077941326E-006 -1.381139713689005E-005  2.109762226518448E-005
  7.866938918027181E-006 -1.333341454490201E-005  2.037790112362893E-005
  7.564969784712376E-006 -1.287173044369170E-005  1.968336901248268E-005
  7.273459628752410E-006 -1.242577438296136E-005  1.901314700554676E-005
  6.992052318461927E-006 -1.199499580977591E-005  1.836638749432035E-005
  6.720404189317091E-006 -1.157886336027950E-005  1.774227301180745E-005
  6.458183609574180E-006 -1.117686417803900E-005  1.714001509821006E-005
  6.205070561302203E-006 -1.078850325808144E-005  1.655885320577156E-005
  5.960756236246754E-006 -1.041330281573729E-005  1.599805364142936E-005
  5.724942645963821E-006 -1.005080167944715E-005  1.545690854482817E-005
  5.497342245680270E-006 -9.700554706727331E-006  1.493473490076680E-005
  5.277677571356218E-006 -9.362132222529827E-006  1.443087358354242E-005
  5.065680889441330E-006 -9.035119479270332E-006  1.394468843240342E-005
  4.861093858834185E-006 -8.719116137834441E-006  1.347556535582552E-005
  4.663667204568086E-006 -8.413735768906128E-006  1.302291146378144E-005
  4.473160402762683E-006 -8.118605373997609E-006  1.258615422596714E-005
  4.289341376393971E-006 -7.833364925587688E-006  1.216474065549153E-005
  4.111986201448682E-006 -7.557666925808533E-006  1.175813651568275E-005
  3.940878823042087E-006 -7.291175983147914E-006  1.136582555008223E-005
  3.775810781089412E-006 -7.033568406655630E-006  1.098730873353754E-005
  3.616580945133407E-006 -6.784531817170020E-006  1.062210354426195E-005
  3.462995257941065E-006 -6.543764775097873E-006  1.026974325539836E-005
  3.314866487493168E-006 -6.310976424297780E-006  9.929776246131351E-006
  3.172013987000458E-006 -6.085886151631080E-006  9.601765331047348E-006
  3.034263462590527E-006 -5.868223261754069E-006  9.285287108294699E-006
  2.901446748318603E-006 -5.657726666727527E-006  8.979931325658993E-006
  2.773401588165875E-006 -5.454144590023990E-006  8.685300265185341E-006
  2.649971424698293E-006 -5.257234284503728E-006  8.401008146459947E-006
  2.531005194068851E-006 -5.066761763920772E-006  8.126680549287124E-006
  2.416357127056970E-006 -4.882501547503578E-006  7.861953856524863E-006
  2.305886555848754E-006 -4.704236417127229E-006  7.606474718629488E-006
  2.199457726274042E-006 -4.531757186564536E-006  7.359899541014056E-006
  2.096939615228024E-006 -4.364862482261963E-006  7.121893996654525E-006
  1.998205753018665E-006 -4.203358535037055E-006  6.892132565804497E-006
  1.903134050395601E-006 -4.047058982039755E-006  6.670298105651469E-006
  1.811606630032354E-006 -3.895784678253299E-006  6.456081452913291E-006
  1.723509662250744E-006 -3.749363516738146E-006  6.249181062569472E-006
  1.638733204796098E-006 -3.607630256745355E-006  6.049302686292405E-006
  1.557171046492713E-006 -3.470426358737603E-006  5.856159094625694E-006
  1.478720554632239E-006 -3.337599825268837E-006  5.669469846431415E-006
  1.403282525973054E-006 -3.209005046582497E-006  5.488961110020691E-006
  1.330761041255689E-006 -3.084502649697016E-006  5.314365539407336E-006
  1.261063323169087E-006 -2.963959349662051E-006  5.145422209703945E-006
  1.194099597733547E-006 -2.847247801590923E-006  4.981876614370837E-006
  1.129782959099170E-006 -2.734246452010247E-006  4.823480727217908E-006
  1.068029237792798E-006 -2.624839388019970E-006  4.669993130390051E-006
  1.008756872481645E-006 -2.518916182734890E-006  4.521179209060623E-006
  9.518867853567531E-007 -2.416371735483285E-006  4.376811411659142E-006
  8.973422612744473E-007 -2.317106105281030E-006  4.236669573150340E-006
  8.450488308270879E-007 -2.221024336179462E-006  4.100541296886859E-006
  7.949341575453510E-007 -2.128036273212997E-006  3.968222388428690E-006
  7.469279294618634E-007 -2.038056367848576E-006  3.839517332683614E-006
  7.009617552885325E-007 -1.951003472065644E-006  3.714239803307046E-006
  6.569690654771468E-007 -1.866800620474746E-006  3.592213191220514E-006
  6.148850184426225E-007 -1.785374800211279E-006  3.473271136869349E-006
  5.746464122301142E-007 -1.706656708714771E-006  3.357258049155628E-006
  5.361916019001262E-007 -1.630580499915452E-006  3.244029592439770E-006
  4.994604228884874E-007 -1.557083519788452E-006  3.133453122120791E-006
  4.643941205709346E-007 -1.486106032689636E-006  3.025408048956786E-006
  4.309352862241026E-007 -1.417590940337805E-006  2.919786112834270E-006
  3.990277995267550E-007 -1.351483495741079E-006  2.816491547702877E-006
  3.686167776874286E-007 -1.287731014760393E-006  2.715441121668233E-006
  3.396485312186918E-007 -1.226282588340780E-006  2.616564038963648E-006
  3.120705263049631E-007 -1.167088798707626E-006  2.519801693920243E-006
  2.858313536328793E-007 -1.110101442989103E-006  2.425107272616732E-006
  2.608807034721285E-007 -1.055273267832050E-006  2.332445197305785E-006
  2.371693467133507E-007 -1.002557718404711E-006  2.241790433607042E-006
  2.146491214907618E-007 -9.519087055153035E-007  2.153127611373705E-006
  1.932729249429159E-007 -9.032803924681419E-007  2.066450191151291E-006
  1.729947095985472E-007 -8.566270097566569E-007  1.981758882257550E-006
  1.537694838175207E-007 -8.119026796407374E-007  1.899062367019765E-006
  1.355533156718769E-007 -7.690613275831333E-007  1.818369039599912E-006
  1.183033396201411E-007 -7.280564006032778E-007  1.739712021335752E-006
  1.019777653104678E-007 -6.888414417763892E-007  1.663049855935035E-006
  8.653588784557878E-008 -6.513676065341259E-007  1.588631180385887E-006
  7.193809885285450E-008 -6.155927278994734E-007  1.515627929495299E-006
  5.814589773306770E-008 -5.814474111994374E-007  1.447230771112852E-006
  4.512190248263859E-008 -5.489616222358269E-007  1.371627326543562E-006
  3.282985959223787E-008 -5.177924156210940E-007  1.332988238184908E-006
  2.123465237532824E-008 -4.889867578411994E-007  1.166537378451086E-006
  1.030230787524690E-008 -4.584028960373749E-007  1.487286624404021E-006
  0.000000000000000E+000 -4.412627358253518E-007  0.000000000000000E+000
