  -23.0258509299405        9999999999.00000       0.999999977648258     
  -23.0028020301107        9772146968.72572       0.999999977648258     
  -22.9797531302809        9549485638.79196       0.999999977648258     
  -22.9567042304511        9331897714.73326       0.999999977648258     
  -22.9336553306214        9119267597.45931       0.999999981373549     
  -22.9106064307916        8911482321.84021       0.999999981373549     
  -22.8875575309618        8708431496.69072       0.999999981373549     
  -22.8645086311321        8510007246.12224       0.999999981373549     
  -22.8414597313023        8316104152.23095       0.999999981373549     
  -22.8184108314725        8126619199.09196       0.999999985098839     
  -22.7953619316428        7941451718.02935       0.999999981373549     
  -22.7723130318130        7760503334.13357       0.999999985098839     
  -22.7492641319832        7583677913.99719       0.999999985098839     
  -22.7262152321534        7410881514.64156       0.999999985098839     
  -22.7031663323237        7242022333.60733       0.999999985098839     
  -22.6801174324939        7077010660.18190       0.999999985098839     
  -22.6570685326641        6915758827.73853       0.999999985098839     
  -22.6340196328344        6758181167.16111       0.999999985098839     
  -22.6109707330046        6604193961.33030       0.999999985098839     
  -22.5879218331748        6453715400.64669       0.999999985098839     
  -22.5648729333451        6306665539.56742       0.999999985098839     
  -22.5418240335153        6162966254.13295       0.999999985098839     
  -22.5187751336855        6022541200.46193       0.999999992549419     
  -22.4957262338557        5885315774.19145       0.999999985098839     
  -22.4726773340260        5751217070.84161       0.999999992549419     
  -22.4496284341962        5620173847.08320       0.999999992549419     
  -22.4265795343664        5492116482.88780       0.999999992549419     
  -22.4035306345367        5366976944.54048       0.999999992549419     
  -22.3804817347069        5244688748.49512       0.999999992549419     
  -22.3574328348771        5125186926.05333       0.999999992549419     
  -22.3343839350473        5008407988.84820       0.999999992549419     
  -22.3113350352176        4894289895.11454       0.999999992549419     
  -22.2882861353878        4782772016.72749       0.999999992549419     
  -22.2652372355580        4673795106.99246        1.00000000000000     
  -22.2421883357283        4567301269.16874       0.999999985098839     
  -22.2191394358985        4463233925.71039        1.00000000000000     
  -22.1960905360687        4361537788.20801        1.00000000000000     
  -22.1730416362390        4262158828.01533        1.00000000000000     
  -22.1499927364092        4165044247.54519       0.999999985098839     
  -22.1269438365794        4070142452.21944        1.00000000000000     
  -22.1038949367496        3977403023.05803        1.00000000000000     
  -22.0808460369199        3886776689.89268        1.00000000000000     
  -22.0577971370901        3798215305.19074        1.00000000000000     
  -22.0347482372603        3711671818.47577       0.999999985098839     
  -22.0116993374306        3627100251.33065        1.00000000000000     
  -21.9886504376008        3544455672.97043        1.00000000000000     
  -21.9656015377710        3463694176.37173        1.00000000000000     
  -21.9425526379413        3384772854.94599        1.00000000000000     
  -21.9195037381115        3307649779.74425        1.00000000000000     
  -21.8964548382817        3232283977.18138       0.999999985098839     
  -21.8734059384519        3158635407.26782        1.00000000000000     
  -21.8503570386222        3086664942.33727        1.00000000000000     
  -21.8273081387924        3016334346.25919       0.999999985098839     
  -21.8042592389626        2947606254.12486        1.00000000000000     
  -21.7812103391329        2880444152.39630        1.00000000000000     
  -21.7581614393031        2814812359.50758        1.00000000000000     
  -21.7351125394733        2750676006.90807        1.00000000000000     
  -21.7120636396436        2688001020.53760        1.00000000000000     
  -21.6890147398138        2626754102.72384        1.00000000000000     
  -21.6659658399840        2566902714.49195        1.00000000000000     
  -21.6429169401542        2508415058.27754        1.00000000000000     
  -21.6198680403245        2451260061.03334        1.00000000000000     
  -21.5968191404947        2395407357.72088        1.00000000000000     
  -21.5737702406649        2340827275.17830        1.00000000000000     
  -21.5507213408352        2287490816.35571        1.00000000000000     
  -21.5276724410054        2235369644.90980        1.00000000000000     
  -21.5046235411756        2184436070.14943        1.00000000000000     
  -21.4815746413459        2134663032.32424        1.00000000000000     
  -21.4585257415161        2086024088.24850        1.00000000000000     
  -21.4354768416863        2038493397.25247        1.00000000000000     
  -21.4124279418565        1992045707.45387        1.00000000000000     
  -21.3893790420268        1946656342.34226        1.00000000000000     
  -21.3663301421970        1902301187.66894       0.999999970197678     
  -21.3432812423672        1858956678.63569        1.00000000000000     
  -21.3202323425375        1816599787.37532        1.00000000000000     
  -21.2971834427077        1775208010.71764        1.00000000000000     
  -21.2741345428779        1734759358.23393        1.00000000000000     
  -21.2510856430481        1695232340.55412        1.00000000000000     
  -21.2280367432184        1656605957.94991        1.00000000000000     
  -21.2049878433886        1618859689.17820        1.00000000000000     
  -21.1819389435588        1581973480.57860        1.00000000000000     
  -21.1588900437291        1545927735.41948        1.00000000000000     
  -21.1358411438993        1510703303.48666        1.00000000000000     
  -21.1127922440695        1476281470.90939        1.00000000000000     
  -21.0897433442398        1442643950.21816        1.00000000000000     
  -21.0666944444100        1409772870.62897        1.00000000000000     
  -21.0436455445802        1377650768.54906        1.00000000000000     
  -21.0205966447504        1346260578.29891        1.00000000000000     
  -20.9975477449207        1315585623.04570        1.00000000000000     
  -20.9744988450909        1285609605.94330        1.00000000000000     
  -20.9514499452611        1256316601.47412        1.00000000000000     
  -20.9284010454314        1227691046.98836        1.00000000000000     
  -20.9053521456016        1199717734.43589        1.00000000000000     
  -20.8823032457718        1172381802.28660        1.00000000000000     
  -20.8592543459421        1145668727.63487        1.00000000000000     
  -20.8362054461123        1119564318.48388        1.00000000000000     
  -20.8131565462825        1094054706.20574        1.00000000000000     
  -20.7901076464527        1069126338.17348        1.00000000000000     
  -20.7670587466230        1044765970.56081        1.00000000000000     
  -20.7440098467932        1020960661.30605        1.00000000000000     
  -20.7209609469634        997697763.236320        1.00000000000000     
  -20.6979120471337        974964917.348408        1.00000000000000     
  -20.6748631473039        952750046.242731        1.00000000000000     
  -20.6518142474741        931041347.706909        1.00000000000000     
  -20.6287653476444        909827288.445557        1.00000000000000     
  -20.6057164478146        889096597.952916        1.00000000000000     
  -20.5826675479848        868838262.525118        1.00000000000000     
  -20.5596186481550        849041519.408877        1.00000000000000     
  -20.5365697483253        829695851.083492        1.00000000000000     
  -20.5135208484955        810790979.673169        1.00000000000000     
  -20.4904719486657        792316861.486626        1.00000000000000     
  -20.4674230488360        774263681.681127        1.00000000000000     
  -20.4443741490062        756621849.048108        1.00000000000000     
  -20.4213252491764        739381990.917588        1.00000000000000     
  -20.3982763493467        722534948.178722        1.00000000000000     
  -20.3752274495169        706071770.413778        1.00000000000000     
  -20.3521785496871        689983711.143002        1.00000000000000     
  -20.3291296498573        674262223.177834        1.00000000000000     
  -20.3060807500276        658898954.079994        1.00000000000000     
  -20.2830318501978        643885741.724043        1.00000000000000     
  -20.2599829503680        629214609.961035        1.00000000000000     
  -20.2369340505383        614877764.381002        1.00000000000000     
  -20.2138851507085        600867588.171968        1.00000000000000     
  -20.1908362508787        587176638.073325        1.00000000000000     
  -20.1677873510490        573797640.421414        1.00000000000000     
  -20.1447384512192        560723487.285204        1.00000000000000     
  -20.1216895513894        547947232.690029        1.00000000000000     
  -20.0986406515596        535462088.927361        1.00000000000000     
  -20.0755917517299        523261422.948666        1.00000000000000     
  -20.0525428519001        511338752.841434        1.00000000000000     
  -20.0294939520703        499687744.385489        1.00000000000000     
  -20.0064450522406        488302207.687788        1.00000000000000     
  -19.9833961524108        477176093.893875        1.00000000000000     
  -19.9603472525810        466303491.974273        1.00000000000000     
  -19.9372983527512        455678625.584107        1.00000000000000     
  -19.9142494529215        445295849.994266        1.00000000000000     
  -19.8912005530917        435149649.092505        1.00000000000000     
  -19.8681516532619        425234632.452868        1.00000000000000     
  -19.8451027534322        415545532.471887        1.00000000000000     
  -19.8220538536024        406077201.570036        1.00000000000000     
  -19.7990049537726        396824609.456949        1.00000000000000     
  -19.7759560539429        387782840.458946        1.00000000000000     
  -19.7529071541131        378947090.907467        1.00000000000000     
  -19.7298582542833        370312666.586993        1.00000000000000     
  -19.7068093544535        361874980.241128        1.00000000000000     
  -19.6837604546238        353629549.135504        1.00000000000000     
  -19.6607115547940        345571992.676215        1.00000000000000     
  -19.6376626549642        337698030.082509        1.00000000000000     
  -19.6146137551345        330003478.112529        1.00000000000000     
  -19.5915648553047        322484248.840844        1.00000000000000     
  -19.5685159554749        315136347.486648        1.00000000000000     
  -19.5454670556452        307955870.291423        1.00000000000000     
  -19.5224181558154        300939002.444972        1.00000000000000     
  -19.4993692559856        294082016.058707        1.00000000000000     
  -19.4763203561558        287381268.185107        1.00000000000000     
  -19.4532714563261        280833198.882317        1.00000000000000     
  -19.4302225564963        274434329.322837        1.00000000000000     
  -19.4071736566665        268181259.945302        1.00000000000000     
  -19.3841247568368        262070668.648385        1.00000000000000     
  -19.3610758570070        256099309.025846        1.00000000000000     
  -19.3380269571772        250264008.641792        1.00000000000000     
  -19.3149780573474        244561667.345244        1.00000000000000     
  -19.2919291575177        238989255.623105        1.00000000000000     
  -19.2688802576879        233543812.990648        1.00000000000000     
  -19.2458313578581        228222446.418690        1.00000000000000     
  -19.2227824580284        223022328.796594        1.00000000000000     
  -19.1997335581986        217940697.430295        1.00000000000000     
  -19.1766846583688        212974852.574552        1.00000000000000     
  -19.1536357585391        208122155.998634        1.00000000000000     
  -19.1305868587093        203380029.584698        1.00000000000000     
  -19.1075379588795        198745953.958098        1.00000000000000     
  -19.0844890590497        194217467.148903        1.00000000000000     
  -19.0614401592200        189792163.283910        1.00000000000000     
  -19.0383912593902        185467691.308470        1.00000000000000     
  -19.0153423595604        181241753.737424        1.00000000000000     
  -18.9922934597307        177112105.434509        1.00000000000000     
  -18.9692445599009        173076552.419573        1.00000000000000     
  -18.9461956600711        169132950.702965        1.00000000000000     
  -18.9231467602414        165279205.146490        1.00000000000000     
  -18.9000978604116        161513268.350309        1.00000000000000     
  -18.8770489605818        157833139.565212        1.00000000000000     
  -18.8540000607520        154236863.629663        1.00000000000000     
  -18.8309511609223        150722529.931076        1.00000000000000     
  -18.8079022610925        147288271.390751        1.00000000000000     
  -18.7848533612627        143932263.471941        1.00000000000000     
  -18.7618044614330        140652723.210524        1.00000000000000     
  -18.7387555616032        137447908.267754        1.00000000000000     
  -18.7157066617734        134316116.004602        1.00000000000000     
  -18.6926577619437        131255682.577184        1.00000000000000     
  -18.6696088621139        128264982.052806        1.00000000000000     
  -18.6465599622841        125342425.546140        1.00000000000000     
  -18.6235110624543        122486460.375093        1.00000000000000     
  -18.6004621626246        119695569.235904        1.00000000000000     
  -18.5774132627948        116968269.397038        1.00000000000000     
  -18.5543643629650        114303111.911448        1.00000000000000     
  -18.5313154631353        111698680.846783        1.00000000000000     
  -18.5082665633055        109153592.533139        1.00000000000000     
  -18.4852176634757        106666494.827954        1.00000000000000     
  -18.4621687636460        104236066.397640        1.00000000000000     
  -18.4391198638162        101861016.015598        1.00000000000000     
  -18.4160709639864        99540081.8762155        1.00000000000000     
  -18.3930220641566        97272030.9245056        1.00000000000000     
  -18.3699731643269        95055658.2010120        1.00000000000000     
  -18.3469242644971        92889786.2016450        1.00000000000000     
  -18.3238753646673        90773264.2521022        1.00000000000000     
  -18.3008264648376        88704967.8965443        1.00000000000000     
  -18.2777775650078        86683798.3001976        1.00000000000000     
  -18.2547286651780        84708681.6655742        1.00000000000000     
  -18.2316797653483        82778568.6619848        1.00000000000000     
  -18.2086308655185        80892433.8680594        1.00000000000000     
  -18.1855819656887        79049275.2269642        1.00000000000000     
  -18.1625330658589        77248113.5140339        1.00000000000000     
  -18.1394841660292        75487991.8165345        1.00000000000000     
  -18.1164352661994        73767975.0252774        1.00000000000000     
  -18.0933863663696        72087149.3378214        1.00000000000000     
  -18.0703374665399        70444621.7729904        1.00000000000000     
  -18.0472885667101        68839519.6964549        1.00000000000000     
  -18.0242396668803        67270990.3571235        1.00000000000000     
  -18.0011907670505        65738200.4340960        1.00000000000000     
  -17.9781418672208        64240335.5939420        1.00000000000000     
  -17.9550929673910        62776600.0580650        1.00000000000000     
  -17.9320440675612        61346216.1799250        1.00000000000000     
  -17.9089951677315        59948424.0318942        1.00000000000000     
  -17.8859462679017        58582481.0015255        1.00000000000000     
  -17.8628973680719        57247661.3970219        1.00000000000000     
  -17.8398484682422        55943256.0616938        1.00000000000000     
  -17.8167995684124        54668571.9972018        1.00000000000000     
  -17.7937506685826        53422931.9953837        1.00000000000000     
  -17.7707017687528        52205674.2784699        1.00000000000000     
  -17.7476528689231        51016152.1474984        1.00000000000000     
  -17.7246039690933        49853733.6387390        1.00000000000000     
  -17.7015550692635        48717801.1879463        1.00000000000000     
  -17.6785061694338        47607751.3022637        1.00000000000000     
  -17.6554572696040        46522994.2396018        1.00000000000000     
  -17.6324083697742        45462953.6953241        1.00000000000000     
  -17.6093594699445        44427066.4960689        1.00000000000000     
  -17.5863105701147        43414782.3005509        1.00000000000000     
  -17.5632616702849        42425563.3071778        1.00000000000000     
  -17.5402127704551        41458883.9683291        1.00000000000000     
  -17.5171638706254        40514230.7111466        1.00000000000000     
  -17.4941149707956        39591101.6646846        1.00000000000000     
  -17.4710660709658        38689006.3932798        1.00000000000000     
  -17.4480171711361        37807465.6359935        1.00000000000000     
  -17.4249682713063        36946011.0519930        1.00000000000000     
  -17.4019193714765        36104184.9717335        1.00000000000000     
  -17.3788704716468        35281540.1538089        1.00000000000000     
  -17.3558215718170        34477639.5473447        1.00000000000000     
  -17.3327726719872        33692056.0598027        1.00000000000000     
  -17.3097237721574        32924372.3300777        1.00000000000000     
  -17.2866748723277        32174180.5067638        1.00000000000000     
  -17.2636259724979        31441082.0314727        1.00000000000000     
  -17.2405770726681        30724687.4270901        1.00000000000000     
  -17.2175281728384        30024616.0908555        1.00000000000000     
  -17.1944792730086        29340496.0921579        1.00000000000000     
  -17.1714303731788        28671963.9749378        1.00000000000000     
  -17.1483814733490        28018664.5645919        1.00000000000000     
  -17.1253325735193        27380250.7792786        1.00000000000000     
  -17.1022836736895        26756383.4455205        1.00000000000000     
  -17.0792347738597        26146731.1180109        1.00000000000000     
  -17.0561858740300        25550969.9035251        1.00000000000000     
  -17.0331369742002        24968783.2888432        1.00000000000000     
  -17.0100880743704        24399861.9725955        1.00000000000000     
  -16.9870391745407        23843903.7009372        1.00000000000000     
  -16.9639902747109        23300613.1069693        1.00000000000000     
  -16.9409413748811        22769701.5538168        1.00000000000000     
  -16.9178924750513        22250886.9812837        1.00000000000000     
  -16.8948435752216        21743893.7560008        1.00000000000000     
  -16.8717946753918        21248452.5249889        1.00000000000000     
  -16.8487457755620        20764300.0725578        1.00000000000000     
  -16.8256968757323        20291179.1804668        1.00000000000000     
  -16.8026479759025        19828838.4912707        1.00000000000000     
  -16.7795990760727        19377032.3747799        1.00000000000000     
  -16.7565501762430        18935520.7975630        1.00000000000000     
  -16.7335012764132        18504069.1954230        1.00000000000000     
  -16.7104523765834        18082448.3487795        1.00000000000000     
  -16.6874034767536        17670434.2608895        1.00000000000000     
  -16.6643545769239        17267808.0388436        1.00000000000000     
  -16.6413056770941        16874355.7772737        1.00000000000000     
  -16.6182567772643        16489868.4447107        1.00000000000000     
  -16.5952078774346        16114141.7725302        1.00000000000000     
  -16.5721589776048        15746976.1464309        1.00000000000000     
  -16.5491100777750        15388176.5003835        1.00000000000000     
  -16.5260611779453        15037552.2129974        1.00000000000000     
  -16.5030122781155        14694917.0062482        1.00000000000000     
  -16.4799633782857        14360088.8465126        1.00000000000000     
  -16.4569144784559        14032889.8478587        1.00000000000000     
  -16.4338655786262        13713146.1775395        1.00000000000000     
  -16.4108166787964        13400687.9636395        1.00000000000000     
  -16.3877677789666        13095349.2048267        1.00000000000000     
  -16.3647188791369        12796967.6821594        1.00000000000000     
  -16.3416699793071        12505384.8729039        1.00000000000000     
  -16.3186210794773        12220445.8663149        1.00000000000000     
  -16.2955721796476        11941999.2813353        1.00000000000000     
  -16.2725232798178        11669897.1861715        1.00000000000000     
  -16.2494743799880        11403995.0197003        1.00000000000000     
  -16.2264254801582        11144151.5146679        1.00000000000000     
  -16.2033765803285        10890228.6226373        1.00000000000000     
  -16.1803276804987        10642091.4406472        1.00000000000000     
  -16.1572787806689        10399608.1395412        1.00000000000000     
  -16.1342298808392        10162649.8939299        1.00000000000000     
  -16.1111809810094        9931090.81374981        1.00000000000000     
  -16.0881320811796        9704807.87738031        1.00000000000000     
  -16.0650831813498        9483680.86628593        1.00000000000000     
  -16.0420342815201        9267592.30114687        1.00000000000000     
  -16.0189853816903        9056427.37944528        1.00000000000000     
  -15.9959364818605        8850073.91447345        1.00000000000000     
  -15.9728875820308        8648422.27573173        1.00000000000000     
  -15.9498386822010        8451365.33068472        1.00000000000000     
  -15.9267897823712        8258798.38784427        1.00000000000000     
  -15.9037408825415        8070619.14114951        1.00000000000000     
  -15.8806919827117        7886727.61561415        1.00000000000000     
  -15.8576430828819        7707026.11421231        1.00000000000000     
  -15.8345941830521        7531419.16597438        1.00000000000000     
  -15.8115452832224        7359813.47526577        1.00000000000000     
  -15.7884963833926        7192117.87222119        1.00000000000000     
  -15.7654474835628        7028243.26430835        1.00000000000000     
  -15.7423985837331        6868102.58899532        1.00000000000000     
  -15.7193496839033        6711610.76749629        1.00000000000000     
  -15.6963007840735        6558684.65957144        1.00000000000000     
  -15.6732518842438        6409243.01935645        1.00000000000000     
  -15.6502029844140        6263206.45219870        1.00000000000000     
  -15.6271540845842        6120497.37247670        1.00000000000000     
  -15.6041051847544        5981039.96238095        1.00000000000000     
  -15.5810562849247        5844760.13163364        1.00000000000000     
  -15.5580073850949        5711585.47812643        1.00000000000000     
  -15.5349584852651        5581445.24945496        1.00000000000000     
  -15.5119095854354        5454270.30532984        1.00000000000000     
  -15.4888606856056        5329993.08084410        1.00000000000000     
  -15.4658117857758        5208547.55057767        1.00000000000000     
  -15.4427628859461        5089869.19351968        1.00000000000000     
  -15.4197139861163        4973894.95879006        1.00000000000000     
  -15.3966650862865        4860563.23214214        1.00000000000000     
  -15.3736161864567        4749813.80322851        1.00000000000000     
  -15.3505672866270        4641587.83361279        1.00000000000000     
  -15.3275183867972        4535827.82551019        1.00000000000000     
  -15.3044694869674        4432477.59124040        1.00000000000000     
  -15.2814205871377        4331482.22337640        1.00000000000000     
  -15.2583716873079        4232788.06557355        1.00000000000000     
  -15.2353227874781        4136342.68406328        1.00000000000000     
  -15.2122738876484        4042094.83979631        1.00000000000000     
  -15.1892249878186        3949994.46122065        1.00000000000000     
  -15.1661760879888        3859992.61767977        1.00000000000000     
  -15.1431271881590        3772041.49341700        1.00000000000000     
  -15.1200782883293        3686094.36217217        1.00000000000000     
  -15.0970293884995        3602105.56235708        1.00000000000000     
  -15.0739804886697        3520030.47279668        1.00000000000000     
  -15.0509315888400        3439825.48902293        1.00000000000000     
  -15.0278826890102        3361448.00010876        1.00000000000000     
  -15.0048337891804        3284856.36603005        1.00000000000000     
  -14.9817848893506        3210009.89554317        1.00000000000000     
  -14.9587359895209        3136868.82456688        1.00000000000000     
  -14.9356870896911        3065394.29505653        1.00000000000000     
  -14.9126381898613        2995548.33435982        1.00000000000000     
  -14.8895892900316        2927293.83504282        1.00000000000000     
  -14.8665403902018        2860594.53517574        1.00000000000000     
  -14.8434914903720        2795414.99906786        1.00000000000000     
  -14.8204425905423        2731720.59844138        1.00000000000000     
  -14.7973936907125        2669477.49403432        1.00000000000000     
  -14.7743447908827        2608652.61762255        1.00000000000000     
  -14.7512958910529        2549213.65445142        1.00000000000000     
  -14.7282469912232        2491129.02606779        1.00000000000000     
  -14.7051980913934        2434367.87354311        1.00000000000000     
  -14.6821491915636        2378900.04107889        1.00000000000000     
  -14.6591002917339        2324696.05998565        1.00000000000000     
  -14.6360513919041        2271727.13302691        1.00000000000000     
  -14.6130024920743        2219965.11911996        1.00000000000000     
  -14.5899535922446        2169382.51838519        1.00000000000000     
  -14.5669046924148        2119952.45753607        1.00000000000000     
  -14.5438557925850        2071648.67560207        1.00000000000000     
  -14.5208068927552        2024445.50997681        1.00000000000000     
  -14.4977579929255        1978317.88278417        1.00000000000000     
  -14.4747090930957        1933241.28755505        1.00000000000000     
  -14.4516601932659        1889191.77620767        1.00000000000000     
  -14.4286112934362        1846145.94632455        1.00000000000000     
  -14.4055623936064        1804080.92871939        1.00000000000000     
  -14.3825134937766        1762974.37528721        1.00000000000000     
  -14.3594645939469        1722804.44713139        1.00000000000000     
  -14.3364156941171        1683549.80296120        1.00000000000000     
  -14.3133667942873        1645189.58775366        1.00000000000000     
  -14.2903178944575        1607703.42167382        1.00000000000000     
  -14.2672689946278        1571071.38924745        1.00000000000000     
  -14.2442200947980        1535274.02878042        1.00000000000000     
  -14.2211711949682        1500292.32201922        1.00000000000000     
  -14.1981222951385        1466107.68404699        1.00000000000000     
  -14.1750733953087        1432701.95340983        1.00000000000000     
  -14.1520244954789        1400057.38246810        1.00000000000000     
  -14.1289755956492        1368156.62796747        1.00000000000000     
  -14.1059266958194        1336982.74182495        1.00000000000000     
  -14.0828777959896        1306519.16212472        1.00000000000000     
  -14.0598288961598        1276749.70431927        1.00000000000000     
  -14.0367799963301        1247658.55263087        1.00000000000000     
  -14.0137310965003        1219230.25164911        1.00000000000000     
  -13.9906821966705        1191449.69811978        1.00000000000000     
  -13.9676332968408        1164302.13292088        1.00000000000000     
  -13.9445843970110        1137773.13322149        1.00000000000000     
  -13.9215354971812        1111848.60481927        1.00000000000000     
  -13.8984865973514        1086514.77465254        1.00000000000000     
  -13.8754376975217        1061758.18348300        1.00000000000000     
  -13.8523887976919        1037565.67874519        1.00000000000000     
  -13.8293398978621        1013924.40755882        1.00000000000000     
  -13.8062909980324        990821.809900380        1.00000000000000     
  -13.7832420982026        968245.611930312        1.00000000000000     
  -13.7601931983728        946183.819472201        1.00000000000000     
  -13.7371442985431        924624.711640575        1.00000000000000     
  -13.7140953987133        903556.834613894        1.00000000000000     
  -13.6910464988835        882968.995549410        1.00000000000000     
  -13.6679975990537        862850.256636690        1.00000000000000     
  -13.6449486992240        843189.929286627        1.00000000000000     
  -13.6218997993942        823977.568452852        1.00000000000000     
  -13.5988508995644        805202.967082548        1.00000000000000     
  -13.5758019997347        786856.150693686        1.00000000000000     
  -13.5527530999049        768927.372075832        1.00000000000000     
  -13.5297042000751        751407.106111697        1.00000000000000     
  -13.5066553002454        734286.044716677        1.00000000000000     
  -13.4836064004156        717555.091893693        1.00000000000000     
  -13.4605575005858        701205.358900719        1.00000000000000     
  -13.4375086007560        685228.159528407        1.00000000000000     
  -13.4144597009263        669615.005485322        1.00000000000000     
  -13.3914108010965        654357.601888324        1.00000000000000     
  -13.3683619012667        639447.842855695        1.00000000000000     
  -13.3453130014370        624877.807200689        1.00000000000000     
  -13.3222641016072        610639.754223205        1.00000000000000     
  -13.2992152017774        596726.119597332        1.00000000000000     
  -13.2761663019477        583129.511352622        1.00000000000000     
  -13.2531174021179        569842.705946915        1.00000000000000     
  -13.2300685022881        556858.644428642        1.00000000000000     
  -13.2070196024583        544170.428686590        1.00000000000000     
  -13.1839707026286        531771.317785098        1.00000000000000     
  -13.1609218027988        519654.724382766        1.00000000000000     
  -13.1378729029690        507814.211232768        1.00000000000000     
  -13.1148240031393        496243.487762892        1.00000000000000     
  -13.0917751033095        484936.406733524        1.00000000000000     
  -13.0687262034797        473886.960971766        1.00000000000000     
  -13.0456773036499        463089.280179974        1.00000000000000     
  -13.0226284038202        452537.627817018        1.00000000000000     
  -12.9995795039904        442226.398050590        1.00000000000000     
  -12.9765306041606        432150.112778977        1.00000000000000     
  -12.9534817043309        422303.418720668        1.00000000000000     
  -12.9304328045011        412681.084570296        1.00000000000000     
  -12.9073839046713        403277.998219371        1.00000000000000     
  -12.8843350048416        394089.164040346        1.00000000000000     
  -12.8612861050118        385109.700232557        1.00000000000000     
  -12.8382372051820        376334.836228653        1.00000000000000     
  -12.8151883053522        367759.910160104        1.00000000000000     
  -12.7921394055225        359380.366380463        1.00000000000000     
  -12.7690905056927        351191.753045074        1.00000000000000     
  -12.7460416058629        343189.719745905        1.00000000000000     
  -12.7229927060332        335370.015200293        1.00000000000000     
  -12.6999438062034        327728.484992339        1.00000000000000     
  -12.6768949063736        320261.069365765        1.00000000000000     
  -12.6538460065439        312963.801067075        1.00000000000000     
  -12.6307971067141        305832.803237844        1.00000000000000     
  -12.6077482068843        298864.287355039        1.00000000000000     
  -12.5846993070545        292054.551218275        1.00000000000000     
  -12.5616504072248        285399.976982924        1.00000000000000     
  -12.5386015073950        278897.029238044        1.00000000000000     
  -12.5155526075652        272542.253128103        1.00000000000000     
  -12.4925037077355        266332.272517498        1.00000000000000     
  -12.4694548079057        260263.788196901        1.00000000000000     
  -12.4464059080759        254333.576130465        1.00000000000000     
  -12.4233570082462        248538.485742980        1.00000000000000     
  -12.4003081084164        242875.438246045        1.00000000000000     
  -12.3772592085866        237341.425002387        1.00000000000000     
  -12.3542103087568        231933.505927443        1.00000000000000     
  -12.3311614089271        226648.807927369        1.00000000000000     
  -12.3081125090973        221484.523372636        1.00000000000000     
  -12.2850636092675        216437.908606402        1.00000000000000     
  -12.2620147094378        211506.282486880        1.00000000000000     
  -12.2389658096080        206687.024962908        1.00000000000000     
  -12.2159169097782        201977.575681988        1.00000000000000     
  -12.1928680099485        197375.432630026        1.00000000000000     
  -12.1698191101187        192878.150802078        1.00000000000000     
  -12.1467702102889        188483.340903380        1.00000000000000     
  -12.1237213104591        184188.668079971        1.00000000000000     
  -12.1006724106294        179991.850678248        1.00000000000000     
  -12.0776235107996        175890.659032773        1.00000000000000     
  -12.0545746109698        171882.914281715        1.00000000000000     
  -12.0315257111401        167966.487209265        1.00000000000000     
  -12.0084768113103        164139.297114447        1.00000000000000     
  -11.9854279114805        160399.310705682        1.00000000000000     
  -11.9623790116507        156744.541020560        1.00000000000000     
  -11.9393301118210        153173.046370208        1.00000000000000     
  -11.9162812119912        149682.929307726        1.00000000000000     
  -11.8932323121614        146272.335620113        1.00000000000000     
  -11.8701834123317        142939.453343176        1.00000000000000     
  -11.8471345125019        139682.511798874        1.00000000000000     
  -11.8240856126721        136499.780654602        1.00000000000000     
  -11.8010367128424        133389.569003906        1.00000000000000     
  -11.7779878130126        130350.224468151        1.00000000000000     
  -11.7549389131828        127380.132318648        1.00000000000000     
  -11.7318900133530        124477.714618791        1.00000000000000     
  -11.7088411135233        121641.429385737        1.00000000000000     
  -11.6857922136935        118869.769771191        1.00000000000000     
  -11.6627433138637        116161.263260850        1.00000000000000     
  -11.6396944140340        113514.470892100        1.00000000000000     
  -11.6166455142042        110927.986489522        1.00000000000000     
  -11.5935966143744        108400.435917833        1.00000000000000     
  -11.5705477145447        105930.476351837        1.00000000000000     
  -11.5474988147149        103516.795563018        1.00000000000000     
  -11.5244499148851        101158.111222383        1.00000000000000     
  -11.5014010150553        98853.1702191959        1.00000000000000     
  -11.4783521152256        96600.7479952266        1.00000000000000     
  -11.4553032153958        94399.6478941761        1.00000000000000     
  -11.4322543155660        92248.7005259219        1.00000000000000     
  -11.4092054157363        90146.7631452492        1.00000000000000     
  -11.3861565159065        88092.7190447399        1.00000000000000     
  -11.3631076160767        86085.4769614926        1.00000000000000     
  -11.3400587162470        84123.9704973612        1.00000000000000     
  -11.3170098164172        82207.1575524056        1.00000000000000     
  -11.2939609165874        80334.0197712474        1.00000000000000     
  -11.2709120167576        78503.5620020451        1.00000000000000     
  -11.2478631169279        76714.8117677931        1.00000000000000     
  -11.2248142170981        74966.8187496688        1.00000000000000     
  -11.2017653172683        73258.6542821523        1.00000000000000     
  -11.1787164174386        71589.4108596490        1.00000000000000     
  -11.1556675176088        69958.2016543538        1.00000000000000     
  -11.1326186177790        68364.1600451024        1.00000000000000     
  -11.1095697179493        66806.4391569562        1.00000000000000     
  -11.0865208181195        65284.2114112785        1.00000000000000     
  -11.0634719182897        63796.6680860629        1.00000000000000     
  -11.0404230184599        62343.0188862787        1.00000000000000     
  -11.0173741186302        60922.4915240071        1.00000000000000     
  -10.9943252188004        59534.3313081438        1.00000000000000     
  -10.9712763189706        58177.8007434494        1.00000000000000     
  -10.9482274191409        56852.1791387375        1.00000000000000     
  -10.9251785193111        55556.7622239888        1.00000000000000     
  -10.9021296194813        54290.8617761895        1.00000000000000     
  -10.8790807196515        53053.8052536957        1.00000000000000     
  -10.8560318198218        51844.9354389292        1.00000000000000     
  -10.8329829199920        50663.6100892127        1.00000000000000     
  -10.8099340201622        49509.2015955636        1.00000000000000     
  -10.7868851203325        48381.0966492596        1.00000000000000     
  -10.7638362205027        47278.6959160039        1.00000000000000     
  -10.7407873206729        46201.4137175132        1.00000000000000     
  -10.7177384208432        45148.6777203610        1.00000000000000     
  -10.6946895210134        44119.9286319119        1.00000000000000     
  -10.6716406211836        43114.6199031823        1.00000000000000     
  -10.6485917213538        42132.2174384729        1.00000000000000     
  -10.6255428215241        41172.1993116168        1.00000000000000     
  -10.6024939216943        40234.0554886930        1.00000000000000     
  -10.5794450218645        39317.2875570577        1.00000000000000     
  -10.5563961220348        38421.4084605507        1.00000000000000     
  -10.5333472222050        37545.9422407334        1.00000000000000     
  -10.5102983223752        36690.4237840249        1.00000000000000     
  -10.4872494225455        35854.3985745982        1.00000000000000     
  -10.4642005227157        35037.4224529068        1.00000000000000     
  -10.4411516228859        34239.0613797143        1.00000000000000     
  -10.4181027230561        33458.8912054998        1.00000000000000     
  -10.3950538232264        32696.4974451177        1.00000000000000     
  -10.3720049233966        31951.4750575922        1.00000000000000     
  -10.3489560235668        31223.4282309286        1.00000000000000     
  -10.3259071237371        30511.9701718287        1.00000000000000     
  -10.3028582239073        29816.7229001968        1.00000000000000     
  -10.2798093240775        29137.3170483279        1.00000000000000     
  -10.2567604242478        28473.3916646725        1.00000000000000     
  -10.2337115244180        27824.5940220713        1.00000000000000     
  -10.2106626245882        27190.5794303602        1.00000000000000     
  -10.1876137247584        26571.0110532451        1.00000000000000     
  -10.1645648249287        25965.5597293487        1.00000000000000     
  -10.1415159250989        25373.9037973357        1.00000000000000     
  -10.1184670252691        24795.7289250216        1.00000000000000     
  -10.0954181254394        24230.7279423760        1.00000000000000     
  -10.0723692256096        23678.6006783308        1.00000000000000     
  -10.0493203257798        23139.0538013066        1.00000000000000     
  -10.0262714259500        22611.8006633728        1.00000000000000     
  -10.0032225261203        22096.5611479590        1.00000000000000     
  -9.98017362629051        21593.0615210357        1.00000000000000     
  -9.95712472646074        21101.0342856860        1.00000000000000     
  -9.93407582663097        20620.2180399914        1.00000000000000     
  -9.91102692680120        20150.3573381556        1.00000000000000     
  -9.88797802697143        19691.2025547917        1.00000000000000     
  -9.86492912714166        19242.5097523033        1.00000000000000     
  -9.84188022731189        18804.0405512858        1.00000000000000     
  -9.81883132748212        18375.5620038817        1.00000000000000     
  -9.79578242765235        17956.8464700210        1.00000000000000     
  -9.77273352782258        17547.6714964815        1.00000000000000     
  -9.74968462799281        17147.8196987054        1.00000000000000     
  -9.72663572816304        16757.0786453077        1.00000000000000     
  -9.70358682833327        16375.2407452169        1.00000000000000     
  -9.68053792850350        16002.1031373870        1.00000000000000     
  -9.65748902867373        15637.4675830225        1.00000000000000     
  -9.63444012884396        15281.1403602587        1.00000000000000     
  -9.61139122901419        14932.9321612426        1.00000000000000     
  -9.58834232918442        14592.6579915576        1.00000000000000     
  -9.56529342935464        14260.1370719413        1.00000000000000     
  -9.54224452952488        13935.1927422414        1.00000000000000     
  -9.51919562969510        13617.6523675608        1.00000000000000     
  -9.49614672986533        13307.3472465408        1.00000000000000     
  -9.47309783003556        13004.1125217341        1.00000000000000     
  -9.45004893020579        12707.7870920206        1.00000000000000     
  -9.42700003037602        12418.2135270178        1.00000000000000     
  -9.40395113054625        12135.2379834424        1.00000000000000     
  -9.38090223071648        11858.7101233767        1.00000000000000     
  -9.35785333088671        11588.4830343981        1.00000000000000     
  -9.33480443105694        11324.4131515281        1.00000000000000     
  -9.31175553122717        11066.3601809597        1.00000000000000     
  -9.28870663139740        10814.1870255229        1.00000000000000     
  -9.26565773156763        10567.7597118481        1.00000000000000     
  -9.24260883173786        10326.9473191895        1.00000000000000     
  -9.21955993190809        10091.6219098705        1.00000000000000     
  -9.19651103207832        9861.65846131283        1.00000000000000     
  -9.17346213224855        9636.93479961581        1.00000000000000     
  -9.15041323241878        9417.33153464796        1.00000000000000     
  -9.12736433258901        9202.73199661823        1.00000000000000     
  -9.10431543275924        8993.02217409206        1.00000000000000     
  -9.08126653292947        8788.09065341997        1.00000000000000     
  -9.05821763309970        8587.82855954625        1.00000000000000     
  -9.03516873326993        8392.12949816638        1.00000000000000     
  -9.01211983344016        8200.88949920221        1.00000000000000     
  -8.98907093361039        8014.00696156541        1.00000000000000     
  -8.96602203378062        7831.38259917921        1.00000000000000     
  -8.94297313395085        7652.91938823016        1.00000000000000     
  -8.91992423412108        7478.52251562184        1.00000000000000     
  -8.89687533429131        7308.09932860292        1.00000000000000     
  -8.87382643446154        7141.55928554313        1.00000000000000     
  -8.85077753463177        6978.81390783067        1.00000000000000     
  -8.82772863480200        6819.77673286569        1.00000000000000     
  -8.80467973497223        6664.36326812492        1.00000000000000     
  -8.78163083514246        6512.49094627281        1.00000000000000     
  -8.75858193531269        6364.07908129558        1.00000000000000     
  -8.73553303548292        6219.04882563471        1.00000000000000     
  -8.71248413565315        6077.32312829724        1.00000000000000     
  -8.68943523582338        5938.82669392036        1.00000000000000     
  -8.66638633599361        5803.48594276899        1.00000000000000     
  -8.64333743616384        5671.22897164455        1.00000000000000     
  -8.62028853633407        5541.98551568467        1.00000000000000     
  -8.59723963650430        5415.68691103316        1.00000000000000     
  -8.57419073667453        5292.26605836057        1.00000000000000     
  -8.55114183684475        5171.65738721602        1.00000000000000     
  -8.52809293701499        5053.79682119125        1.00000000000000     
  -8.50504403718521        4938.62174387833        1.00000000000000     
  -8.48199513735544        4826.07096560318        1.00000000000000     
  -8.45894623752567        4716.08469091702        1.00000000000000     
  -8.43589733769590        4608.60448682844        1.00000000000000     
  -8.41284843786613        4503.57325175947        1.00000000000000     
  -8.38979953803636        4400.93518520888        1.00000000000000     
  -8.36675063820659        4300.63575810680        1.00000000000000     
  -8.34370173837682        4202.62168384472        1.00000000000000     
  -8.32065283854705        4106.84088996565        1.00000000000000     
  -8.29760393871728        4013.24249049932        1.00000000000000     
  -8.27455503888751        3921.77675892773        1.00000000000000     
  -8.25150613905774        3832.39510176660        1.00000000000000     
  -8.22845723922797        3745.05003274899        1.00000000000000     
  -8.20540833939820        3659.69514759691        1.00000000000000     
  -8.18235943956843        3576.28509936788        1.00000000000000     
  -8.15931053973866        3494.77557436328        1.00000000000000     
  -8.13626163990889        3415.12326858553        1.00000000000000     
  -8.11321274007912        3337.28586473176        1.00000000000000     
  -8.09016384024935        3261.22200971167        1.00000000000000     
  -8.06711494041958        3186.89129267765        1.00000000000000     
  -8.04406604058981        3114.25422355549        1.00000000000000     
  -8.02101714076004        3043.27221206431        1.00000000000000     
  -7.99796824093027        2973.90754721444        1.00000000000000     
  -7.97491934110050        2906.12337727258        1.00000000000000     
  -7.95187044127073        2839.88369018331        1.00000002980232     
  -7.92882154144096        2775.15329443680       0.999999985098839     
  -7.90577264161119        2711.89780037247        1.00000000000000     
  -7.88272374178142        2650.08360190854       0.999999985098839     
  -7.85967484195165        2589.67785868801       0.999999985098839     
  -7.83662594212188        2530.64847863136       0.999999973922968     
  -7.81357704229211        2472.96410088682       0.999999957159162     
  -7.79052814246234        2416.59407916913       0.999999929219484     
  -7.76747924263257        2361.50846547795       0.999999880325049     
  -7.74443034280280        2307.67799418717       0.999999795109034     
  -7.72138144297303        2255.07406649687       0.999999644467607     
  -7.69833254314326        2203.66873523941       0.999999375082552     
  -7.67528364331349        2153.43469003189       0.999998885672539     
  -7.65223474348372        2104.34524276671       0.999997984821675     
  -7.62918584365395        2056.37431343292       0.999996301892679     
  -7.60613694382418        2009.49641626050       0.999993111254298     
  -7.58308804399441        1963.68664618045       0.999986969894962     
  -7.56003914416464        1918.92066559329       0.999974964583089     
  -7.53699024433486        1875.17469143912       0.999951121879349     
  -7.51394134450510        1832.42548256229       0.999902998481957     
  -7.49089244467532        1790.65032736390       0.999804255232903     
  -7.46784354484556        1749.82703173573       0.999598236787733     
  -7.44479464501578        1709.93390726902       0.999161148932103     
  -7.42174574518601        1670.94975973199       0.998218551604396     
  -7.39869684535624        1632.85387780986       0.996155145390361     
  -7.37564794552647        1595.62602210143       0.991586563185429     
  -7.35259904569670        1559.24641436637       0.981443255526791     
  -7.32955014586693        1523.69572701758       0.963717005035624     
  -7.30650124603716        1488.95507285286       0.932317007403918     
  -7.28345234620739        1455.00599502065       0.886222456659072     
  -7.26040344637762        1421.83045721435       0.826341812935182     
  -7.23735454654785        1389.41083409007       0.755571361927182     
  -7.21430564671808        1357.72990190271       0.677817958510725     
  -7.19125674688831        1326.77082935543       0.597127728929440     
  -7.16820784705854        1296.51716865759       0.517087694281943     
  -7.14515894722877        1266.95284678644       0.440537842552986     
  -7.12211004739900        1238.06215694792       0.369516550876278     
  -7.09906114756923        1209.82975023204       0.305329991465576     
  -7.07601224773946        1182.24062745838       0.248665358342894     
  -7.05296334790969        1155.28013120738       0.199709144493398     
  -7.02991444807992        1128.93393803322       0.158258903874860     
  -7.00686554825015        1103.18805085416       0.123827333938296     
  -6.98381664842038        1078.02879151619       9.573820375171962E-002
  -6.96076774859061        1053.44279352617       7.321167481388556E-002
  -6.93771884876084        1029.41699495059       5.543563566266102E-002
  -6.91466994893107        1005.93863147603       4.162055169179801E-002
  -6.89162104910130        982.995229627825       3.103726801905276E-002
  -6.86857214927153        960.574600143211       2.303918356634599E-002
  -6.84552324944176        938.664831495470       1.707158964943758E-002
  -6.82247434961199        917.254283565628       1.267155717291447E-002
  -6.79942544978222        896.331581458355       9.461696441888342E-003
  -6.77637654995245        875.885609458745       7.140637922539147E-003
  -6.75332765012268        855.905505126836       5.472380941271862E-003
  -6.73027875029291        836.380653526650       4.275850098957383E-003
  -6.70722985046314        817.300681586739       3.415229185305260E-003
  -6.68418095063337        798.655452589235       2.791135907290428E-003
  -6.66113205080360        780.435060784456       2.332603503330262E-003
  -6.63808315097383        762.629826128226       1.989996036382433E-003
  -6.61503425114406        745.230289139112       1.729084883580944E-003
  -6.59198535131429        728.227205872832       1.526414752911715E-003
  -6.56893645148451        711.611543011175       1.365894244276476E-003
  -6.54588755165475        695.374473062824       1.236403815673492E-003
  -6.52283865182498        679.507369673522       1.130170061766174E-003
  -6.49978975199521        664.001803043113       1.041680269267655E-003
  -6.47674085216543        648.849535446990       9.669625885868914E-004
  -6.45369195233566        634.042516859597       9.031080994689392E-004
  -6.43064305250589        619.572880677650       8.479513762464562E-004
  -6.40759415267613        605.432939540808       7.998548175273516E-004
  -6.38454525284635        591.615181247556       7.575612411725152E-004
  -6.36149635301658        578.112264764177       7.200917780210418E-004
  -6.33844745318681        564.917016324625       6.866741526540815E-004
  -6.31539855335704        552.022425619290       6.566915974890465E-004
  -6.29234965352727        539.421642070593       6.296459579390406E-004
  -6.26930075369750        527.107971193434       6.051306860577582E-004
  -6.24625185386773        515.074871038592       5.828108148900077E-004
  -6.22320295403796        503.315948717136       5.624079243211553E-004
  -6.20015405420819        491.824957004051       5.436887208565021E-004
  -6.17710515437842        480.595791019235       5.264562656852963E-004
  -6.15405625454865        469.622484984129       5.105431660168678E-004
  -6.13100735471888        458.899209052245       4.958062380699470E-004
  -6.10795845488911        448.420266211915       4.821222848907030E-004
  -6.08490955505934        438.180089259609       4.693847271776451E-004
  -6.06186065522957        428.173237842216       4.575008929820990E-004
  -6.03881175539980        418.394395566720       4.463898208956114E-004
  -6.01576285557003        408.838367175727       4.359804667965624E-004
  -5.99271395574026        399.500075787362       4.262102302825498E-004
  -5.96966505591049        390.374560198039       4.170237362409602E-004
  -5.94661615608072        381.456972246700       4.083718214764118E-004
  -5.92356725625095        372.742574239108       4.002106872368708E-004
  -5.90051835642118        364.226736430818       3.925011867967650E-004
  -5.87746945659141        355.904934567524       3.852082236374869E-004
  -5.85442055676164        347.772747481418       3.783002407000143E-004
  -5.83137165693187        339.825854742345       3.717487850267439E-004
  -5.80832275710210        332.060034362459       3.655281351218570E-004
  -5.78527385727233        324.471160553186       3.596149807361992E-004
  -5.76222495744256        317.055201533293       3.539881466693385E-004
  -5.73917605761279        309.808217386907       3.486283536878428E-004
  -5.71612715778302        302.726357970331       3.435180108681939E-004
  -5.69307825795325        295.805860866560       3.386410346488538E-004
  -5.67002935812348        289.043049386400       3.339826906676826E-004
  -5.64698045829371        282.434330615132       3.295294551061567E-004
  -5.62393155846394        275.976193503690       3.252688927901256E-004
  -5.60088265863417        269.665207003324       3.211895497312288E-004
  -5.57783375880440        263.498018242772       3.172808581518269E-004
  -5.55478485897462        257.471350746956       3.135330523336757E-004
  -5.53173595914486        251.582002696279       3.099370938780781E-004
  -5.50868705931509        245.826845225570       3.064846051719897E-004
  -5.48563815948532        240.202820761801       3.031678100278606E-004
  -5.46258925965554        234.706941399673       2.999794806107561E-004
  -5.43954035982577        229.336287314213       2.969128898893285E-004
  -5.41649145999601        224.088005209547       2.939617689513364E-004
  -5.39344256016624        218.959306803008       2.911202686128347E-004
  -5.37039366033646        213.947467343798       2.883829248254715E-004
  -5.34734476050669        209.049824165392       2.857446274506129E-004
  -5.32429586067692        204.263775270925       2.832005920241176E-004
  -5.30124696084715        199.586777950823       2.807463341828410E-004
  -5.27819806101738        195.016347431919       2.783776464646666E-004
  -5.25514916118761        190.550055557353       2.760905772289720E-004
  -5.23210026135784        186.185529496558       2.738814114748281E-004
  -5.20905136152807        181.920450484629       2.717466533605498E-004
  -5.18600246169830        177.752552590424       2.696830102511202E-004
  -5.16295356186853        173.679621512725       2.676873781399214E-004
  -5.13990466203876        169.699493403841       2.657568283084238E-004
  -5.11685576220899        165.810053720006       2.638885951039393E-004
  -5.09380686237922        162.009236097974       2.620800647251051E-004
  -5.07075796254945        158.295021257212       2.603287649227317E-004
  -5.04770906271968        154.665435927106       2.586323555276497E-004
  -5.02466016288991        151.118551798611       2.569886197300237E-004
  -5.00161126306014        147.652484499786       2.553954560413376E-004
  -4.97856236323037        144.265392594678       2.538508708775104E-004
  -4.95551346340060        140.955476605010       2.523529717078504E-004
  -4.93246456357083        137.720978054162       2.508999607201203E-004
  -4.90941566374106        134.560178532937       2.494901289569127E-004
  -4.88636676391129        131.471398786612       2.481218508829255E-004
  -4.86331786408152        128.452997822792       2.467935793466413E-004
  -4.84026896425175        125.503372039590       2.455038409034003E-004
  -4.81722006442198        122.620954373677       2.442512314699801E-004
  -4.79417116459221        119.804213467733       2.430344122835865E-004
  -4.77112226476244        117.051652856881       2.418521061406604E-004
  -4.74807336493267        114.361810173648       2.407030938931484E-004
  -4.72502446510290        111.733256371049       2.395862111819101E-004
  -4.70197556527313        109.164594963366       2.385003453887365E-004
  -4.67892666544336        106.654461284232       2.374444327901014E-004
  -4.65587776561359        104.201521761616       2.364174558972316E-004
  -4.63282886578382        101.804473209331       2.354184409684187E-004
  -4.60977996595405        99.4620421346814       2.344464556806945E-004
  -4.58673106612428        97.1729840618885       2.335006069490820E-004
  -4.56368216629451        94.9360828709315       2.325800388826192E-004
  -4.54063326646473        92.7501501514528       2.316839308672476E-004
  -4.51758436663497        90.6140245713854       2.308114957664699E-004
  -4.49453546680520        88.5265712599641       2.299619782314161E-004
  -4.47148656697543        86.4866812047992       2.291346531126325E-004
  -4.44843766714565        84.4932706626839       2.283288239665162E-004
  -4.42538876731588        82.5452805838287       2.275438216498744E-004
  -4.40233986748612        80.6416760492149       2.267790029965989E-004
  -4.37929096765635        78.7814457207664       2.260337495709066E-004
  -4.35624206782657        76.9636013040525       2.253074664920250E-004
  -4.33319316799680        75.1871770232300       2.245995813255845E-004
  -4.31014426816703        73.4512291079514       2.239095430373388E-004
  -4.28709536833726        71.7548352919623       2.232368210051603E-004
  -4.26404646850749        70.0970943231245       2.225809040855515E-004
  -4.24099756867772        68.4771254846025       2.219412997311921E-004
  -4.21794866884795        66.8940681269612       2.213175331562932E-004
  -4.19489976901818        65.3470812109235       2.207091465467572E-004
  -4.17185086918841        63.8353428605472       2.201156983123588E-004
  -4.14880196935864        62.3580499265827       2.195367623783584E-004
  -4.12575306952887        60.9144175597786       2.189719275141382E-004
  -4.10270416969910        59.5036787939123       2.184207966966195E-004
  -4.07965526986933        58.1250841383188       2.178829865063721E-004
  -4.05660637003956        56.7779011797051       2.173581265544709E-004
  -4.03355747020979        55.4614141930367       2.168458589382819E-004
  -4.01050857038002        54.1749237612914       2.163458377244888E-004
  -3.98745967055025        52.9177464038751       2.158577284577736E-004
  -3.96441077072048        51.6892142135068       2.153812076936775E-004
  -3.94136187089071        50.4886745013750       2.149159625542609E-004
  -3.91831297106094        49.3154894503805       2.144616903052685E-004
  -3.89526407123117        48.1690357762804       2.140180979535945E-004
  -3.87221517140140        47.0487043965514       2.135849018639144E-004
  -3.84916627157163        45.9539001068007       2.131618273934235E-004
  -3.82611737174186        44.8840412645476       2.127486085436884E-004
  -3.80306847191209        43.8385594802119       2.123449876286813E-004
  -3.78001957208232        42.8168993151419       2.119507149581203E-004
  -3.75697067225255        41.8185179865242       2.115655485352976E-004
  -3.73392177242278        40.8428850790159       2.111892537686238E-004
  -3.71087287259301        39.8894822629487       2.108216031961631E-004
  -3.68782397276324        38.9578030189527       2.104623762224820E-004
  -3.66477507293347        38.0473523688556       2.101113588671660E-004
  -3.64172617310370        37.1576466127126       2.097683435244070E-004
  -3.61867727327393        36.2882130718284       2.094331287330903E-004
  -3.59562837344416        35.4385898376355       2.091055189568502E-004
  -3.57257947361439        34.6083255262928       2.087853243735877E-004
  -3.54953057378462        33.7969790388769       2.084723606739787E-004
  -3.52648167395484        33.0041193270371       2.081664488685234E-004
  -3.50343277412508        32.2293251639898       2.078674151027157E-004
  -3.48038387429531        31.4721849207314       2.075750904799339E-004
  -3.45733497446554        30.7322963473498       2.072893108916767E-004
  -3.43428607463576        30.0092663593193       2.070099168547887E-004
  -3.41123717480599        29.3027108286640       2.067367533553411E-004
  -3.38818827497623        28.6122543798804       2.064696696988476E-004
  -3.36513937514646        27.9375301905096       2.062085193665176E-004
  -3.34209047531668        27.2781797962535       2.059531598772629E-004
  -3.31904157548691        26.6338529005317       2.057034526551863E-004
  -3.29599267565714        26.0042071883777       2.054592629023012E-004
  -3.27294377582738        25.3889081445752       2.052204594762393E-004
  -3.24989487599760        24.7876288759381       2.049869147727174E-004
  -3.22684597616783        24.2000499376410       2.047585046125496E-004
  -3.20379707633806        23.6258591635055       2.045351081329970E-004
  -3.18074817650829        23.0647515001543       2.043166076832619E-004
  -3.15769927667852        22.5164288449435       2.041028887239408E-004
  -3.13465037684875        21.9805998875886       2.038938397302629E-004
  -3.11160147701898        21.4569799553978       2.036893520989457E-004
  -3.08855257718921        20.9452908620332       2.034893200585110E-004
  -3.06550367735944        20.4452607597167       2.032936405829108E-004
  -3.04245477752967        19.9566239948043       2.031022133083213E-004
  -3.01940587769990        19.4791209666509       2.029149404529685E-004
  -2.99635697787013        19.0124979896904       2.027317267398565E-004
  -2.97330807804036        18.5565071586595       2.025524793222781E-004
  -2.95025917821059        18.1109062168914       2.023771077119881E-004
  -2.92721027838082        17.6754584276108       2.022055237099305E-004
  -2.90416137855105        17.2499324481615       2.020376413394132E-004
  -2.88111247872128        16.8341022071001       2.018733767816300E-004
  -2.85806357889151        16.4277467840892       2.017126483134339E-004
  -2.83501467906174        16.0306502925285       2.015553762472706E-004
  -2.81196577923197        15.6426017648590       2.014014828731860E-004
  -2.78891687940220        15.2633950404819       2.012508924028230E-004
  -2.76586797957243        14.8928286562298       2.011035309153310E-004
  -2.74281907974266        14.5307057393346       2.009593263051109E-004
  -2.71977017991289        14.1768339028341       2.008182082313252E-004
  -2.69672128008312        13.8310251433611       2.006801080691041E-004
  -2.67367238025335        13.4930957412622       2.005449588623814E-004
  -2.65062348042358        13.1628661629920       2.004126952782995E-004
  -2.62757458059381        12.8401609657314       2.002832535631232E-004
  -2.60452568076404        12.5248087041788       2.001565714996043E-004
  -2.58147678093427        12.2166418394661       2.000325883657455E-004
  -2.55842788110450        11.9154966501488       1.999112448949086E-004
  -2.53537898127473        11.6212131452255       1.997924832372190E-004
  -2.51233008144496        11.3336349791378       1.996762469222204E-004
  -2.48928118161519        11.0526093687085       1.995624808227315E-004
  -2.46623228178542        10.7779870119712       1.994511311198647E-004
  -2.44318338195565        10.5096220088503       1.993421452691619E-004
  -2.42013448212587        10.2473717836475       1.992354719678121E-004
  -2.39708558229610        9.99109700929497       1.991310611229098E-004
  -2.37403668246634        9.74066153333436       1.990288638207184E-004
  -2.35098778263657        9.49593230558230       1.989288322969061E-004
  -2.32793888280679        9.25677930744423       1.988309199077189E-004
  -2.30488998297702        9.02307548283866       1.987350811020598E-004
  -2.28184108314725        8.79469667069539       1.986412713944451E-004
  -2.25879218331749        8.57152153899189       1.985494473388072E-004
  -2.23574328348771        8.35343152029241       1.984595665031155E-004
  -2.21269438365794        8.14031074875625       1.983715874447923E-004
  -2.18964548382817        7.93204599858098       1.982854696868937E-004
  -2.16659658399840        7.72852662384838       1.982011736950343E-004
  -2.14354768416863        7.52964449974102       1.981186608550307E-004
  -2.12049878433886        7.33529396509822       1.980378934512418E-004
  -2.09744988450909        7.14537176628076       1.979588346455841E-004
  -2.07440098467932        6.95977700231500       1.978814484572014E-004
  -2.05135208484955        6.77841107128649       1.978056997427684E-004
  -2.02830318501978        6.60117761795533       1.977315541774095E-004
  -2.00525428519001        6.42798248256494       1.976589782362138E-004
  -1.98220538536024        6.25873365081727       1.975879391763296E-004
  -1.95915648553047        6.09334120498801       1.975184050196180E-004
  -1.93610758570070        5.93171727615541       1.974503445358529E-004
  -1.91305868587093        5.77377599751775       1.973837272264476E-004
  -1.89000978604116        5.61943345877439       1.973185233086940E-004
  -1.86696088621139        5.46860766154634       1.972547037004977E-004
  -1.84391198638162        5.32121847581247       1.971922400055953E-004
  -1.82086308655185        5.17718759733850       1.971311044992371E-004
  -1.79781418672208        5.03643850607587       1.970712701143207E-004
  -1.77476528689231        4.89889642550850       1.970127104279634E-004
  -1.75171638706254        4.76448828292589       1.969553996484931E-004
  -1.72866748723277        4.63314267060137       1.968993126028497E-004
  -1.70561858740300        4.50478980785498       1.968444247243769E-004
  -1.68256968757323        4.37936150398071       1.967907120409920E-004
  -1.65952078774346        4.25679112201842       1.967381511637168E-004
  -1.63647188791369        4.13701354335134       1.966867192755557E-004
  -1.61342298808392        4.01996513311010       1.966363941207022E-004
  -1.59037408825415        3.90558370636506       1.965871539940602E-004
  -1.56732518842438        3.79380849508912       1.965389777310579E-004
  -1.54427628859461        3.68458011587305       1.964918446977409E-004
  -1.52122738876484        3.57784053837662       1.964457347811212E-004
  -1.49817848893507        3.47353305449848       1.964006283797630E-004
  -1.47512958910530        3.37160224824852       1.963565063945840E-004
  -1.45208068927553        3.27199396630679       1.963133502198472E-004
  -1.42903178944576        3.17465528925314       1.962711417343214E-004
  -1.40598288961598        3.07953450345245       1.962298632925806E-004
  -1.38293398978621        2.98658107358044       1.961894977164171E-004
  -1.35988508995645        2.89574561577551       1.961500282863364E-004
  -1.33683619012668        2.80697987140229       1.961114387331032E-004
  -1.31378729029690        2.72023668141307       1.960737132293033E-004
  -1.29073839046713        2.63546996129332       1.960368363808854E-004
  -1.26768949063736        2.55263467657814       1.960007932186452E-004
  -1.24464059080760        2.47168681892657       1.959655691896097E-004
  -1.22159169097782        2.39258338274100       1.959311501482796E-004
  -1.19854279114805        2.31528234231943       1.958975223476839E-004
  -1.17549389131828        2.23974262952820       1.958646724302017E-004
  -1.15244499148851        2.16592411198352       1.958325874180998E-004
  -1.12939609165874        2.09378757173014       1.958012547037378E-004
  -1.10634719182897        2.02329468440579       1.957706620393897E-004
  -1.08329829199920        1.95440799888039       1.957407975266292E-004
  -1.06024939216943        1.88709091735924       1.957116496052281E-004
  -1.03720049233966        1.82130767593947       1.956832070415175E-004
  -1.01415159250989        1.75702332560958       1.956554589161635E-004
 -0.991102692680123        1.69420371368189       1.956283946113103E-004
 -0.968053792850352        1.63281546564803       1.956020037970515E-004
 -0.945004893020581        1.57282596744794       1.955762764171915E-004
 -0.921955993190810        1.51420334814280       1.955512026742705E-004
 -0.898907093361039        1.45691646298279       1.955267730138298E-004
 -0.875858193531268        1.40093487686065       1.955029781079109E-004
 -0.852809293701501        1.34622884814227       1.954798088377877E-004
 -0.829760393871730        1.29276931286565       1.954572562759501E-004
 -0.806711494041959        1.24052786930002       1.954353116673684E-004
 -0.783662594212188        1.18947676285662       1.954139664100913E-004
 -0.760613694382418        1.13958887134342       1.953932120352407E-004
 -0.737564794552650        1.09083769055576       1.953730401864963E-004
 -0.714515894722879        1.04319732019528       1.953534425991738E-004
 -0.691466994893108       0.996642450109797       1.953344110790308E-004
 -0.668418095063338       0.951148346846619       1.953159374809500E-004
 -0.645369195233567       0.906690840512253       1.952980136876698E-004
 -0.622320295403799       0.863246311931566       1.952806315887562E-004
 -0.599271395574029       0.820791680099468       1.952637830600201E-004
 -0.576222495744258       0.779304389918581       1.952474599436030E-004
 -0.553173595914487       0.738762400216253       1.952316540289614E-004
 -0.530124696084716       0.699144172034627       1.952163570349872E-004
 -0.507075796254945       0.660428657187530       1.952015605935009E-004
 -0.484026896425178       0.622595287078092       1.951872562343509E-004
 -0.460977996595407       0.585623961771141       1.951734353723382E-004
 -0.437929096765636       0.549495039314635       1.951600892961728E-004
 -0.414880196935865       0.514189325304354       1.951472091596421E-004
 -0.391831297106094       0.479688062686397       1.951347859751419E-004
 -0.368782397276327       0.445972921792025       1.951228106096902E-004
 -0.345733497446556       0.413025990599537       1.951112737835010E-004
 -0.322684597616785       0.380829765218095       1.951001660711583E-004
 -0.299635697787014       0.349367140588308       1.950894779053825E-004
 -0.276586797957243       0.318621401394749       1.950791995833378E-004
 -0.253537898127473       0.288576213185518       1.950693212753866E-004
 -0.230488998297705       0.259215613694155       1.950598330361519E-004
 -0.207440098467934       0.230524004359264       1.950507248177124E-004
 -0.184391198638163       0.202486142037414       1.950419864847165E-004
 -0.161342298808393       0.175087130904809       1.950336078311769E-004
 -0.138293398978622       0.148312414543512       1.950255785986789E-004
 -0.115244499148854       0.122147768207984       1.950178884957240E-004
 -9.219559931908350E-002  9.657929126781273E-002  1.950105272179182E-004
 -6.914669948931262E-002  7.159339982267321E-002  1.950034844687111E-004
 -4.609779965954175E-002  4.717681948552155E-002  1.949967499803994E-004
 -2.304889982977087E-002  2.331657833024559E-002  1.949903135351143E-004
  0.000000000000000E+000  0.000000000000000E+000  1.949841649855304E-004
