  -0.23025851E+02   0.10000000E+11   0.20667419E+01
  -0.23002802E+02   0.97721470E+10   0.19736322E+01
  -0.22979753E+02   0.95494856E+10   0.18847172E+01
  -0.22956704E+02   0.93318977E+10   0.17998080E+01
  -0.22933655E+02   0.91192676E+10   0.17187241E+01
  -0.22910606E+02   0.89114823E+10   0.16412931E+01
  -0.22887558E+02   0.87084315E+10   0.15673505E+01
  -0.22864509E+02   0.85100072E+10   0.14967391E+01
  -0.22841460E+02   0.83161042E+10   0.14293089E+01
  -0.22818411E+02   0.81266192E+10   0.13649165E+01
  -0.22795362E+02   0.79414517E+10   0.13034250E+01
  -0.22772313E+02   0.77605033E+10   0.12447039E+01
  -0.22749264E+02   0.75836779E+10   0.11886282E+01
  -0.22726215E+02   0.74108815E+10   0.11350788E+01
  -0.22703166E+02   0.72420223E+10   0.10839418E+01
  -0.22680117E+02   0.70770107E+10   0.10351087E+01
  -0.22657069E+02   0.69157588E+10   0.98847559E+00
  -0.22634020E+02   0.67581812E+10   0.94394335E+00
  -0.22610971E+02   0.66041940E+10   0.90141735E+00
  -0.22587922E+02   0.64537154E+10   0.86080721E+00
  -0.22564873E+02   0.63066655E+10   0.82202661E+00
  -0.22541824E+02   0.61629663E+10   0.78499314E+00
  -0.22518775E+02   0.60225412E+10   0.74962807E+00
  -0.22495726E+02   0.58853158E+10   0.71585626E+00
  -0.22472677E+02   0.57512171E+10   0.68360591E+00
  -0.22449628E+02   0.56201738E+10   0.65280848E+00
  -0.22426580E+02   0.54921165E+10   0.62339853E+00
  -0.22403531E+02   0.53669769E+10   0.59531353E+00
  -0.22380482E+02   0.52446887E+10   0.56849381E+00
  -0.22357433E+02   0.51251869E+10   0.54288235E+00
  -0.22334384E+02   0.50084080E+10   0.51842472E+00
  -0.22311335E+02   0.48942899E+10   0.49506895E+00
  -0.22288286E+02   0.47827720E+10   0.47276539E+00
  -0.22265237E+02   0.46737951E+10   0.45146663E+00
  -0.22242188E+02   0.45673013E+10   0.43112741E+00
  -0.22219139E+02   0.44632339E+10   0.41170451E+00
  -0.22196091E+02   0.43615378E+10   0.39315663E+00
  -0.22173042E+02   0.42621588E+10   0.37544436E+00
  -0.22149993E+02   0.41650442E+10   0.35853006E+00
  -0.22126944E+02   0.40701425E+10   0.34237777E+00
  -0.22103895E+02   0.39774030E+10   0.32695316E+00
  -0.22080846E+02   0.38867767E+10   0.31222346E+00
  -0.22057797E+02   0.37982153E+10   0.29815734E+00
  -0.22034748E+02   0.37116718E+10   0.28472493E+00
  -0.22011699E+02   0.36271003E+10   0.27189767E+00
  -0.21988650E+02   0.35444557E+10   0.25964829E+00
  -0.21965602E+02   0.34636942E+10   0.24795076E+00
  -0.21942553E+02   0.33847729E+10   0.23678023E+00
  -0.21919504E+02   0.33076498E+10   0.22611294E+00
  -0.21896455E+02   0.32322840E+10   0.21592623E+00
  -0.21873406E+02   0.31586354E+10   0.20619845E+00
  -0.21850357E+02   0.30866649E+10   0.19690891E+00
  -0.21827308E+02   0.30163343E+10   0.18803789E+00
  -0.21804259E+02   0.29476063E+10   0.17956651E+00
  -0.21781210E+02   0.28804442E+10   0.17147678E+00
  -0.21758161E+02   0.28148124E+10   0.16375151E+00
  -0.21735113E+02   0.27506760E+10   0.15637427E+00
  -0.21712064E+02   0.26880010E+10   0.14932939E+00
  -0.21689015E+02   0.26267541E+10   0.14260189E+00
  -0.21665966E+02   0.25669027E+10   0.13617747E+00
  -0.21642917E+02   0.25084151E+10   0.13004248E+00
  -0.21619868E+02   0.24512601E+10   0.12418388E+00
  -0.21596819E+02   0.23954074E+10   0.11858922E+00
  -0.21573770E+02   0.23408273E+10   0.11324661E+00
  -0.21550721E+02   0.22874908E+10   0.10814469E+00
  -0.21527672E+02   0.22353696E+10   0.10327262E+00
  -0.21504624E+02   0.21844361E+10   0.98620038E-01
  -0.21481575E+02   0.21346630E+10   0.94177066E-01
  -0.21458526E+02   0.20860241E+10   0.89934255E-01
  -0.21435477E+02   0.20384934E+10   0.85882589E-01
  -0.21412428E+02   0.19920457E+10   0.82013457E-01
  -0.21389379E+02   0.19466563E+10   0.78318634E-01
  -0.21366330E+02   0.19023012E+10   0.74790269E-01
  -0.21343281E+02   0.18589567E+10   0.71420861E-01
  -0.21320232E+02   0.18165998E+10   0.68203250E-01
  -0.21297183E+02   0.17752080E+10   0.65130597E-01
  -0.21274135E+02   0.17347594E+10   0.62196372E-01
  -0.21251086E+02   0.16952323E+10   0.59394337E-01
  -0.21228037E+02   0.16566060E+10   0.56718538E-01
  -0.21204988E+02   0.16188597E+10   0.54163288E-01
  -0.21181939E+02   0.15819735E+10   0.51723155E-01
  -0.21158890E+02   0.15459277E+10   0.49392954E-01
  -0.21135841E+02   0.15107033E+10   0.47167732E-01
  -0.21112792E+02   0.14762815E+10   0.45042759E-01
  -0.21089743E+02   0.14426440E+10   0.43013519E-01
  -0.21066694E+02   0.14097729E+10   0.41075699E-01
  -0.21043646E+02   0.13776508E+10   0.39225181E-01
  -0.21020597E+02   0.13462606E+10   0.37458031E-01
  -0.20997548E+02   0.13155856E+10   0.35770494E-01
  -0.20974499E+02   0.12856096E+10   0.34158983E-01
  -0.20951450E+02   0.12563166E+10   0.32620073E-01
  -0.20928401E+02   0.12276910E+10   0.31150493E-01
  -0.20905352E+02   0.11997177E+10   0.29747119E-01
  -0.20882303E+02   0.11723818E+10   0.28406970E-01
  -0.20859254E+02   0.11456687E+10   0.27127196E-01
  -0.20836205E+02   0.11195643E+10   0.25905077E-01
  -0.20813157E+02   0.10940547E+10   0.24738017E-01
  -0.20790108E+02   0.10691263E+10   0.23623535E-01
  -0.20767059E+02   0.10447660E+10   0.22559262E-01
  -0.20744010E+02   0.10209607E+10   0.21542935E-01
  -0.20720961E+02   0.99769776E+09   0.20572396E-01
  -0.20697912E+02   0.97496492E+09   0.19645581E-01
  -0.20674863E+02   0.95275005E+09   0.18760520E-01
  -0.20651814E+02   0.93104135E+09   0.17915332E-01
  -0.20628765E+02   0.90982729E+09   0.17108221E-01
  -0.20605716E+02   0.88909660E+09   0.16337472E-01
  -0.20582668E+02   0.86883826E+09   0.15601446E-01
  -0.20559619E+02   0.84904152E+09   0.14898579E-01
  -0.20536570E+02   0.82969585E+09   0.14227377E-01
  -0.20513521E+02   0.81079098E+09   0.13586414E-01
  -0.20490472E+02   0.79231686E+09   0.12974327E-01
  -0.20467423E+02   0.77426368E+09   0.12389816E-01
  -0.20444374E+02   0.75662185E+09   0.11831638E-01
  -0.20421325E+02   0.73938199E+09   0.11298606E-01
  -0.20398276E+02   0.72253495E+09   0.10789588E-01
  -0.20375227E+02   0.70607177E+09   0.10303502E-01
  -0.20352179E+02   0.68998371E+09   0.98393151E-02
  -0.20329130E+02   0.67426222E+09   0.93960403E-02
  -0.20306081E+02   0.65889895E+09   0.89727357E-02
  -0.20283032E+02   0.64388574E+09   0.85685016E-02
  -0.20259983E+02   0.62921461E+09   0.81824787E-02
  -0.20236934E+02   0.61487776E+09   0.78138468E-02
  -0.20213885E+02   0.60086759E+09   0.74618222E-02
  -0.20190836E+02   0.58717664E+09   0.71256569E-02
  -0.20167787E+02   0.57379764E+09   0.68046362E-02
  -0.20144738E+02   0.56072349E+09   0.64980780E-02
  -0.20121690E+02   0.54794723E+09   0.62053307E-02
  -0.20098641E+02   0.53546209E+09   0.59257721E-02
  -0.20075592E+02   0.52326142E+09   0.56588079E-02
  -0.20052543E+02   0.51133875E+09   0.54038709E-02
  -0.20029494E+02   0.49968774E+09   0.51604191E-02
  -0.20006445E+02   0.48830221E+09   0.49279352E-02
  -0.19983396E+02   0.47717609E+09   0.47059250E-02
  -0.19960347E+02   0.46630349E+09   0.44939167E-02
  -0.19937298E+02   0.45567863E+09   0.42914596E-02
  -0.19914249E+02   0.44529585E+09   0.40981236E-02
  -0.19891201E+02   0.43514965E+09   0.39134975E-02
  -0.19868152E+02   0.42523463E+09   0.37371892E-02
  -0.19845103E+02   0.41554553E+09   0.35688238E-02
  -0.19822054E+02   0.40607720E+09   0.34080434E-02
  -0.19799005E+02   0.39682461E+09   0.32545065E-02
  -0.19775956E+02   0.38778284E+09   0.31078866E-02
  -0.19752907E+02   0.37894709E+09   0.29678721E-02
  -0.19729858E+02   0.37031267E+09   0.28341655E-02
  -0.19706809E+02   0.36187498E+09   0.27064826E-02
  -0.19683760E+02   0.35362955E+09   0.25845519E-02
  -0.19660712E+02   0.34557199E+09   0.24681144E-02
  -0.19637663E+02   0.33769803E+09   0.23569226E-02
  -0.19614614E+02   0.33000348E+09   0.22507401E-02
  -0.19591565E+02   0.32248425E+09   0.21493412E-02
  -0.19568516E+02   0.31513635E+09   0.20525106E-02
  -0.19545467E+02   0.30795587E+09   0.19600423E-02
  -0.19522418E+02   0.30093900E+09   0.18717398E-02
  -0.19499369E+02   0.29408202E+09   0.17874154E-02
  -0.19476320E+02   0.28738127E+09   0.17068900E-02
  -0.19453271E+02   0.28083320E+09   0.16299924E-02
  -0.19430223E+02   0.27443433E+09   0.15565591E-02
  -0.19407174E+02   0.26818126E+09   0.14864341E-02
  -0.19384125E+02   0.26207067E+09   0.14194683E-02
  -0.19361076E+02   0.25609931E+09   0.13555194E-02
  -0.19338027E+02   0.25026401E+09   0.12944515E-02
  -0.19314978E+02   0.24456167E+09   0.12361348E-02
  -0.19291929E+02   0.23898926E+09   0.11804453E-02
  -0.19268880E+02   0.23354381E+09   0.11272648E-02
  -0.19245831E+02   0.22822245E+09   0.10764800E-02
  -0.19222782E+02   0.22302233E+09   0.10279832E-02
  -0.19199734E+02   0.21794070E+09   0.98167128E-03
  -0.19176685E+02   0.21297485E+09   0.93744574E-03
  -0.19153636E+02   0.20812216E+09   0.89521262E-03
  -0.19130587E+02   0.20338003E+09   0.85488216E-03
  -0.19107538E+02   0.19874595E+09   0.81636865E-03
  -0.19084489E+02   0.19421747E+09   0.77959021E-03
  -0.19061440E+02   0.18979216E+09   0.74446870E-03
  -0.19038391E+02   0.18546769E+09   0.71092946E-03
  -0.19015342E+02   0.18124175E+09   0.67890120E-03
  -0.18992293E+02   0.17711211E+09   0.64831587E-03
  -0.18969245E+02   0.17307655E+09   0.61910844E-03
  -0.18946196E+02   0.16913295E+09   0.59121684E-03
  -0.18923147E+02   0.16527921E+09   0.56458180E-03
  -0.18900098E+02   0.16151327E+09   0.53914670E-03
  -0.18877049E+02   0.15783314E+09   0.51485749E-03
  -0.18854000E+02   0.15423686E+09   0.49166254E-03
  -0.18830951E+02   0.15072253E+09   0.46951255E-03
  -0.18807902E+02   0.14728827E+09   0.44836045E-03
  -0.18784853E+02   0.14393226E+09   0.42816128E-03
  -0.18761804E+02   0.14065272E+09   0.40887211E-03
  -0.18738756E+02   0.13744791E+09   0.39045194E-03
  -0.18715707E+02   0.13431612E+09   0.37286162E-03
  -0.18692658E+02   0.13125568E+09   0.35606377E-03
  -0.18669609E+02   0.12826498E+09   0.34002268E-03
  -0.18646560E+02   0.12534243E+09   0.32470427E-03
  -0.18623511E+02   0.12248646E+09   0.31007597E-03
  -0.18600462E+02   0.11969557E+09   0.29610669E-03
  -0.18577413E+02   0.11696827E+09   0.28276675E-03
  -0.18554364E+02   0.11430311E+09   0.27002779E-03
  -0.18531315E+02   0.11169868E+09   0.25786274E-03
  -0.18508267E+02   0.10915359E+09   0.24624573E-03
  -0.18485218E+02   0.10666649E+09   0.23515209E-03
  -0.18462169E+02   0.10423607E+09   0.22455823E-03
  -0.18439120E+02   0.10186102E+09   0.21444164E-03
  -0.18416071E+02   0.99540082E+08   0.20478081E-03
  -0.18393022E+02   0.97272031E+08   0.19555522E-03
  -0.18369973E+02   0.95055658E+08   0.18674525E-03
  -0.18346924E+02   0.92889786E+08   0.17833217E-03
  -0.18323875E+02   0.90773264E+08   0.17029812E-03
  -0.18300826E+02   0.88704968E+08   0.16262602E-03
  -0.18277778E+02   0.86683798E+08   0.15529955E-03
  -0.18254729E+02   0.84708682E+08   0.14830314E-03
  -0.18231680E+02   0.82778569E+08   0.14162194E-03
  -0.18208631E+02   0.80892434E+08   0.13524173E-03
  -0.18185582E+02   0.79049275E+08   0.12914896E-03
  -0.18162533E+02   0.77248114E+08   0.12333067E-03
  -0.18139484E+02   0.75487992E+08   0.11777450E-03
  -0.18116435E+02   0.73767975E+08   0.11246865E-03
  -0.18093386E+02   0.72087149E+08   0.10740183E-03
  -0.18070337E+02   0.70444622E+08   0.10256328E-03
  -0.18047289E+02   0.68839520E+08   0.97942707E-04
  -0.18024240E+02   0.67270990E+08   0.93530299E-04
  -0.18001191E+02   0.65738200E+08   0.89316675E-04
  -0.17978142E+02   0.64240336E+08   0.85292880E-04
  -0.17955093E+02   0.62776600E+08   0.81450361E-04
  -0.17932044E+02   0.61346216E+08   0.77780952E-04
  -0.17908995E+02   0.59948424E+08   0.74276854E-04
  -0.17885946E+02   0.58582481E+08   0.70930620E-04
  -0.17862897E+02   0.57247661E+08   0.67735138E-04
  -0.17839848E+02   0.55943256E+08   0.64683616E-04
  -0.17816800E+02   0.54668572E+08   0.61769568E-04
  -0.17793751E+02   0.53422932E+08   0.58986801E-04
  -0.17770702E+02   0.52205674E+08   0.56329401E-04
  -0.17747653E+02   0.51016152E+08   0.53791719E-04
  -0.17724604E+02   0.49853734E+08   0.51368363E-04
  -0.17701555E+02   0.48717801E+08   0.49054182E-04
  -0.17678506E+02   0.47607751E+08   0.46844257E-04
  -0.17655457E+02   0.46522994E+08   0.44733892E-04
  -0.17632408E+02   0.45462954E+08   0.42718601E-04
  -0.17609359E+02   0.44427066E+08   0.40794100E-04
  -0.17586311E+02   0.43414782E+08   0.38956301E-04
  -0.17563262E+02   0.42425563E+08   0.37201296E-04
  -0.17540213E+02   0.41458884E+08   0.35525356E-04
  -0.17517164E+02   0.40514231E+08   0.33924919E-04
  -0.17494115E+02   0.39591102E+08   0.32396583E-04
  -0.17471066E+02   0.38689006E+08   0.30937100E-04
  -0.17448017E+02   0.37807466E+08   0.29543368E-04
  -0.17424968E+02   0.36946011E+08   0.28212425E-04
  -0.17401919E+02   0.36104185E+08   0.26941442E-04
  -0.17378870E+02   0.35281540E+08   0.25727719E-04
  -0.17355822E+02   0.34477640E+08   0.24568675E-04
  -0.17332773E+02   0.33692056E+08   0.23461846E-04
  -0.17309724E+02   0.32924372E+08   0.22404882E-04
  -0.17286675E+02   0.32174181E+08   0.21395534E-04
  -0.17263626E+02   0.31441082E+08   0.20431659E-04
  -0.17240577E+02   0.30724687E+08   0.19511207E-04
  -0.17217528E+02   0.30024616E+08   0.18632222E-04
  -0.17194479E+02   0.29340496E+08   0.17792836E-04
  -0.17171430E+02   0.28671964E+08   0.16991265E-04
  -0.17148381E+02   0.28018665E+08   0.16225806E-04
  -0.17125333E+02   0.27380251E+08   0.15494831E-04
  -0.17102284E+02   0.26756383E+08   0.14796787E-04
  -0.17079235E+02   0.26146731E+08   0.14130190E-04
  -0.17056186E+02   0.25550970E+08   0.13493625E-04
  -0.17033137E+02   0.24968783E+08   0.12885737E-04
  -0.17010088E+02   0.24399862E+08   0.12305234E-04
  -0.16987039E+02   0.23843904E+08   0.11750884E-04
  -0.16963990E+02   0.23300613E+08   0.11221508E-04
  -0.16940941E+02   0.22769702E+08   0.10715980E-04
  -0.16917892E+02   0.22250887E+08   0.10233227E-04
  -0.16894844E+02   0.21743894E+08   0.97722220E-05
  -0.16871795E+02   0.21248453E+08   0.93319856E-05
  -0.16848746E+02   0.20764300E+08   0.89115822E-05
  -0.16825697E+02   0.20291179E+08   0.85101181E-05
  -0.16802648E+02   0.19828838E+08   0.81267403E-05
  -0.16779599E+02   0.19377032E+08   0.77606338E-05
  -0.16756550E+02   0.18935521E+08   0.74110206E-05
  -0.16733501E+02   0.18504069E+08   0.70771577E-05
  -0.16710452E+02   0.18082448E+08   0.67583354E-05
  -0.16687403E+02   0.17670434E+08   0.64538762E-05
  -0.16664355E+02   0.17267808E+08   0.61631331E-05
  -0.16641306E+02   0.16874356E+08   0.58854880E-05
  -0.16618257E+02   0.16489868E+08   0.56203509E-05
  -0.16595208E+02   0.16114142E+08   0.53671584E-05
  -0.16572159E+02   0.15746976E+08   0.51253723E-05
  -0.16549110E+02   0.15388177E+08   0.48944787E-05
  -0.16526061E+02   0.15037552E+08   0.46739869E-05
  -0.16503012E+02   0.14694917E+08   0.44634283E-05
  -0.16479963E+02   0.14360089E+08   0.42623555E-05
  -0.16456914E+02   0.14032890E+08   0.40703410E-05
  -0.16433866E+02   0.13713146E+08   0.38869768E-05
  -0.16410817E+02   0.13400688E+08   0.37118731E-05
  -0.16387768E+02   0.13095349E+08   0.35446580E-05
  -0.16364719E+02   0.12796968E+08   0.33849758E-05
  -0.16341670E+02   0.12505385E+08   0.32324874E-05
  -0.16318621E+02   0.12220446E+08   0.30868685E-05
  -0.16295572E+02   0.11941999E+08   0.29478098E-05
  -0.16272523E+02   0.11669897E+08   0.28150157E-05
  -0.16249474E+02   0.11403995E+08   0.26882039E-05
  -0.16226425E+02   0.11144152E+08   0.25671050E-05
  -0.16203377E+02   0.10890229E+08   0.24514616E-05
  -0.16180328E+02   0.10642091E+08   0.23410279E-05
  -0.16157279E+02   0.10399608E+08   0.22355692E-05
  -0.16134230E+02   0.10162650E+08   0.21348614E-05
  -0.16111181E+02   0.99310908E+07   0.20386904E-05
  -0.16088132E+02   0.97048079E+07   0.19468519E-05
  -0.16065083E+02   0.94836809E+07   0.18591507E-05
  -0.16042034E+02   0.92675923E+07   0.17754004E-05
  -0.16018985E+02   0.90564274E+07   0.16954230E-05
  -0.15995936E+02   0.88500739E+07   0.16190485E-05
  -0.15972888E+02   0.86484223E+07   0.15461147E-05
  -0.15949839E+02   0.84513653E+07   0.14764665E-05
  -0.15926790E+02   0.82587984E+07   0.14099558E-05
  -0.15903741E+02   0.80706191E+07   0.13464415E-05
  -0.15880692E+02   0.78867276E+07   0.12857884E-05
  -0.15857643E+02   0.77070261E+07   0.12278677E-05
  -0.15834594E+02   0.75314192E+07   0.11725563E-05
  -0.15811545E+02   0.73598135E+07   0.11197366E-05
  -0.15788496E+02   0.71921179E+07   0.10692963E-05
  -0.15765447E+02   0.70282433E+07   0.10211284E-05
  -0.15742399E+02   0.68681026E+07   0.97513033E-06
  -0.15719350E+02   0.67116108E+07   0.93120445E-06
  -0.15696301E+02   0.65586847E+07   0.88925737E-06
  -0.15673252E+02   0.64092430E+07   0.84919996E-06
  -0.15650203E+02   0.62632065E+07   0.81094708E-06
  -0.15627154E+02   0.61204974E+07   0.77441743E-06
  -0.15604105E+02   0.59810400E+07   0.73953340E-06
  -0.15581056E+02   0.58447601E+07   0.70622083E-06
  -0.15558007E+02   0.57115855E+07   0.67440894E-06
  -0.15534958E+02   0.55814452E+07   0.64403012E-06
  -0.15511910E+02   0.54542703E+07   0.61501982E-06
  -0.15488861E+02   0.53299931E+07   0.58731637E-06
  -0.15465812E+02   0.52085476E+07   0.56086092E-06
  -0.15442763E+02   0.50898692E+07   0.53559722E-06
  -0.15419714E+02   0.49738950E+07   0.51147161E-06
  -0.15396665E+02   0.48605632E+07   0.48843280E-06
  -0.15373616E+02   0.47498138E+07   0.46643184E-06
  -0.15350567E+02   0.46415878E+07   0.44542197E-06
  -0.15327518E+02   0.45358278E+07   0.42535854E-06
  -0.15304469E+02   0.44324776E+07   0.40619892E-06
  -0.15281421E+02   0.43314822E+07   0.38790239E-06
  -0.15258372E+02   0.42327881E+07   0.37043007E-06
  -0.15235323E+02   0.41363427E+07   0.35374483E-06
  -0.15212274E+02   0.40420948E+07   0.33781122E-06
  -0.15189225E+02   0.39499945E+07   0.32259536E-06
  -0.15166176E+02   0.38599926E+07   0.30806493E-06
  -0.15143127E+02   0.37720415E+07   0.29418905E-06
  -0.15120078E+02   0.36860944E+07   0.28093823E-06
  -0.15097029E+02   0.36021056E+07   0.26828432E-06
  -0.15073980E+02   0.35200305E+07   0.25620042E-06
  -0.15050932E+02   0.34398255E+07   0.24466086E-06
  -0.15027883E+02   0.33614480E+07   0.23364111E-06
  -0.15004834E+02   0.32848564E+07   0.22311776E-06
  -0.14981785E+02   0.32100099E+07   0.21306844E-06
  -0.14958736E+02   0.31368688E+07   0.20347180E-06
  -0.14935687E+02   0.30653943E+07   0.19430745E-06
  -0.14912638E+02   0.29955483E+07   0.18555591E-06
  -0.14889589E+02   0.29272938E+07   0.17719859E-06
  -0.14866540E+02   0.28605945E+07   0.16921773E-06
  -0.14843491E+02   0.27954150E+07   0.16159637E-06
  -0.14820443E+02   0.27317206E+07   0.15431831E-06
  -0.14797394E+02   0.26694775E+07   0.14736810E-06
  -0.14774345E+02   0.26086526E+07   0.14073095E-06
  -0.14751296E+02   0.25492137E+07   0.13439277E-06
  -0.14728247E+02   0.24911290E+07   0.12834009E-06
  -0.14705198E+02   0.24343679E+07   0.12256005E-06
  -0.14682149E+02   0.23789000E+07   0.11704036E-06
  -0.14659100E+02   0.23246961E+07   0.11176930E-06
  -0.14636051E+02   0.22717271E+07   0.10673567E-06
  -0.14613002E+02   0.22199651E+07   0.10192878E-06
  -0.14589954E+02   0.21693825E+07   0.97338401E-07
  -0.14566905E+02   0.21199525E+07   0.92954789E-07
  -0.14543856E+02   0.20716487E+07   0.88768628E-07
  -0.14520807E+02   0.20244455E+07   0.84771023E-07
  -0.14497758E+02   0.19783179E+07   0.80953481E-07
  -0.14474709E+02   0.19332413E+07   0.77307890E-07
  -0.14451660E+02   0.18891918E+07   0.73826504E-07
  -0.14428611E+02   0.18461459E+07   0.70501927E-07
  -0.14405562E+02   0.18040809E+07   0.67327094E-07
  -0.14382513E+02   0.17629744E+07   0.64295261E-07
  -0.14359465E+02   0.17228044E+07   0.61399986E-07
  -0.14336416E+02   0.16835498E+07   0.58635116E-07
  -0.14313367E+02   0.16451896E+07   0.55994779E-07
  -0.14290318E+02   0.16077034E+07   0.53473364E-07
  -0.14267269E+02   0.15710714E+07   0.51065514E-07
  -0.14244220E+02   0.15352740E+07   0.48766114E-07
  -0.14221171E+02   0.15002923E+07   0.46570279E-07
  -0.14198122E+02   0.14661077E+07   0.44473343E-07
  -0.14175073E+02   0.14327020E+07   0.42470851E-07
  -0.14152024E+02   0.14000574E+07   0.40558549E-07
  -0.14128976E+02   0.13681566E+07   0.38732375E-07
  -0.14105927E+02   0.13369827E+07   0.36988449E-07
  -0.14082878E+02   0.13065192E+07   0.35323065E-07
  -0.14059829E+02   0.12767497E+07   0.33732687E-07
  -0.14036780E+02   0.12476586E+07   0.32213936E-07
  -0.14013731E+02   0.12192303E+07   0.30763584E-07
  -0.13990682E+02   0.11914497E+07   0.29378552E-07
  -0.13967633E+02   0.11643021E+07   0.28055897E-07
  -0.13944584E+02   0.11377731E+07   0.26792808E-07
  -0.13921535E+02   0.11118486E+07   0.25586604E-07
  -0.13898487E+02   0.10865148E+07   0.24434722E-07
  -0.13875438E+02   0.10617582E+07   0.23334715E-07
  -0.13852389E+02   0.10375657E+07   0.22284246E-07
  -0.13829340E+02   0.10139244E+07   0.21281084E-07
  -0.13806291E+02   0.99082181E+06   0.20323098E-07
  -0.13783242E+02   0.96824561E+06   0.19408254E-07
  -0.13760193E+02   0.94618382E+06   0.18534608E-07
  -0.13737144E+02   0.92462471E+06   0.17700304E-07
  -0.13714095E+02   0.90355683E+06   0.16903571E-07
  -0.13691046E+02   0.88296900E+06   0.16142716E-07
  -0.13667998E+02   0.86285026E+06   0.15416123E-07
  -0.13644949E+02   0.84318993E+06   0.14722249E-07
  -0.13621900E+02   0.82397757E+06   0.14059620E-07
  -0.13598851E+02   0.80520297E+06   0.13426830E-07
  -0.13575802E+02   0.78685615E+06   0.12822533E-07
  -0.13552753E+02   0.76892737E+06   0.12245447E-07
  -0.13529704E+02   0.75140711E+06   0.11694347E-07
  -0.13506655E+02   0.73428604E+06   0.11168061E-07
  -0.13483606E+02   0.71755509E+06   0.10665472E-07
  -0.13460558E+02   0.70120536E+06   0.10185513E-07
  -0.13437509E+02   0.68522816E+06   0.97271647E-08
  -0.13414460E+02   0.66961501E+06   0.92894536E-08
  -0.13391411E+02   0.65435760E+06   0.88714504E-08
  -0.13368362E+02   0.63944784E+06   0.84722673E-08
  -0.13345313E+02   0.62487781E+06   0.80910569E-08
  -0.13322264E+02   0.61063975E+06   0.77270097E-08
  -0.13299215E+02   0.59672612E+06   0.73793526E-08
  -0.13276166E+02   0.58312951E+06   0.70473476E-08
  -0.13253117E+02   0.56984271E+06   0.67302897E-08
  -0.13230069E+02   0.55685864E+06   0.64275058E-08
  -0.13207020E+02   0.54417043E+06   0.61383530E-08
  -0.13183971E+02   0.53177132E+06   0.58622175E-08
  -0.13160922E+02   0.51965472E+06   0.55985130E-08
  -0.13137873E+02   0.50781421E+06   0.53466796E-08
  -0.13114824E+02   0.49624349E+06   0.51061829E-08
  -0.13091775E+02   0.48493641E+06   0.48765123E-08
  -0.13068726E+02   0.47388696E+06   0.46571801E-08
  -0.13045677E+02   0.46308928E+06   0.44477209E-08
  -0.13022628E+02   0.45253763E+06   0.42476901E-08
  -0.12999580E+02   0.44222640E+06   0.40566631E-08
  -0.12976531E+02   0.43215011E+06   0.38742344E-08
  -0.12953482E+02   0.42230342E+06   0.37000168E-08
  -0.12930433E+02   0.41268108E+06   0.35336406E-08
  -0.12907384E+02   0.40327800E+06   0.33747527E-08
  -0.12884335E+02   0.39408916E+06   0.32230158E-08
  -0.12861286E+02   0.38510970E+06   0.30781081E-08
  -0.12838237E+02   0.37633484E+06   0.29397219E-08
  -0.12815188E+02   0.36775991E+06   0.28075637E-08
  -0.12792139E+02   0.35938037E+06   0.26813530E-08
  -0.12769091E+02   0.35119175E+06   0.25608219E-08
  -0.12746042E+02   0.34318972E+06   0.24457149E-08
  -0.12722993E+02   0.33537002E+06   0.23357875E-08
  -0.12699944E+02   0.32772848E+06   0.22308068E-08
  -0.12676895E+02   0.32026107E+06   0.21305498E-08
  -0.12653846E+02   0.31296380E+06   0.20348040E-08
  -0.12630797E+02   0.30583280E+06   0.19433661E-08
  -0.12607748E+02   0.29886429E+06   0.18560424E-08
  -0.12584699E+02   0.29205455E+06   0.17726475E-08
  -0.12561650E+02   0.28539998E+06   0.16930046E-08
  -0.12538602E+02   0.27889703E+06   0.16169447E-08
  -0.12515553E+02   0.27254225E+06   0.15443065E-08
  -0.12492504E+02   0.26633227E+06   0.14749361E-08
  -0.12469455E+02   0.26026379E+06   0.14086862E-08
  -0.12446406E+02   0.25433358E+06   0.13454165E-08
  -0.12423357E+02   0.24853849E+06   0.12849927E-08
  -0.12400308E+02   0.24287544E+06   0.12272867E-08
  -0.12377259E+02   0.23734143E+06   0.11721763E-08
  -0.12354210E+02   0.23193351E+06   0.11195445E-08
  -0.12331161E+02   0.22664881E+06   0.10692798E-08
  -0.12308113E+02   0.22148452E+06   0.10212756E-08
  -0.12285064E+02   0.21643791E+06   0.97543023E-09
  -0.12262015E+02   0.21150628E+06   0.93164648E-09
  -0.12238966E+02   0.20668702E+06   0.88983156E-09
  -0.12215917E+02   0.20197758E+06   0.84989686E-09
  -0.12192868E+02   0.19737543E+06   0.81175775E-09
  -0.12169819E+02   0.19287815E+06   0.77533342E-09
  -0.12146770E+02   0.18848334E+06   0.74054668E-09
  -0.12123721E+02   0.18418867E+06   0.70732386E-09
  -0.12100672E+02   0.17999185E+06   0.67559455E-09
  -0.12077624E+02   0.17589066E+06   0.64529155E-09
  -0.12054575E+02   0.17188291E+06   0.61635068E-09
  -0.12031526E+02   0.16796649E+06   0.58871064E-09
  -0.12008477E+02   0.16413930E+06   0.56231289E-09
  -0.11985428E+02   0.16039931E+06   0.53710153E-09
  -0.11962379E+02   0.15674454E+06   0.51302318E-09
  -0.11939330E+02   0.15317305E+06   0.49002686E-09
  -0.11916281E+02   0.14968293E+06   0.46806388E-09
  -0.11893232E+02   0.14627234E+06   0.44708776E-09
  -0.11870183E+02   0.14293945E+06   0.42705408E-09
  -0.11847135E+02   0.13968251E+06   0.40792046E-09
  -0.11824086E+02   0.13649978E+06   0.38964640E-09
  -0.11801037E+02   0.13338957E+06   0.37219323E-09
  -0.11777988E+02   0.13035022E+06   0.35552402E-09
  -0.11754939E+02   0.12738013E+06   0.33960351E-09
  -0.11731890E+02   0.12447771E+06   0.32439802E-09
  -0.11708841E+02   0.12164143E+06   0.30987539E-09
  -0.11685792E+02   0.11886977E+06   0.29600490E-09
  -0.11662743E+02   0.11616126E+06   0.28275722E-09
  -0.11639694E+02   0.11351447E+06   0.27010434E-09
  -0.11616646E+02   0.11092799E+06   0.25801951E-09
  -0.11593597E+02   0.10840044E+06   0.24647719E-09
  -0.11570548E+02   0.10593048E+06   0.23545297E-09
  -0.11547499E+02   0.10351680E+06   0.22492356E-09
  -0.11524450E+02   0.10115811E+06   0.21486671E-09
  -0.11501401E+02   0.98853170E+05   0.20526117E-09
  -0.11478352E+02   0.96600748E+05   0.19608665E-09
  -0.11455303E+02   0.94399648E+05   0.18732377E-09
  -0.11432254E+02   0.92248701E+05   0.17895402E-09
  -0.11409205E+02   0.90146763E+05   0.17095974E-09
  -0.11386157E+02   0.88092719E+05   0.16332403E-09
  -0.11363108E+02   0.86085477E+05   0.15603079E-09
  -0.11340059E+02   0.84123970E+05   0.14906461E-09
  -0.11317010E+02   0.82207158E+05   0.14241081E-09
  -0.11293961E+02   0.80334020E+05   0.13605533E-09
  -0.11270912E+02   0.78503562E+05   0.12998478E-09
  -0.11247863E+02   0.76714812E+05   0.12418635E-09
  -0.11224814E+02   0.74966819E+05   0.11864780E-09
  -0.11201765E+02   0.73258654E+05   0.11335747E-09
  -0.11178716E+02   0.71589411E+05   0.10830419E-09
  -0.11155668E+02   0.69958202E+05   0.10347733E-09
  -0.11132619E+02   0.68364160E+05   0.98866699E-10
  -0.11109570E+02   0.66806439E+05   0.94462594E-10
  -0.11086521E+02   0.65284211E+05   0.90255735E-10
  -0.11063472E+02   0.63796668E+05   0.86237263E-10
  -0.11040423E+02   0.62343019E+05   0.82398717E-10
  -0.11017374E+02   0.60922492E+05   0.78732015E-10
  -0.10994325E+02   0.59534331E+05   0.75229442E-10
  -0.10971276E+02   0.58177801E+05   0.71883626E-10
  -0.10948227E+02   0.56852179E+05   0.68687530E-10
  -0.10925179E+02   0.55556762E+05   0.65634432E-10
  -0.10902130E+02   0.54290862E+05   0.62717912E-10
  -0.10879081E+02   0.53053805E+05   0.59931838E-10
  -0.10856032E+02   0.51844935E+05   0.57270357E-10
  -0.10832983E+02   0.50663610E+05   0.54727875E-10
  -0.10809934E+02   0.49509202E+05   0.52299053E-10
  -0.10786885E+02   0.48381097E+05   0.49978790E-10
  -0.10763836E+02   0.47278696E+05   0.47762215E-10
  -0.10740787E+02   0.46201414E+05   0.45644677E-10
  -0.10717738E+02   0.45148678E+05   0.43621731E-10
  -0.10694690E+02   0.44119929E+05   0.41689135E-10
  -0.10671641E+02   0.43114620E+05   0.39842837E-10
  -0.10648592E+02   0.42132217E+05   0.38078967E-10
  -0.10625543E+02   0.41172199E+05   0.36393827E-10
  -0.10602494E+02   0.40234055E+05   0.34783888E-10
  -0.10579445E+02   0.39317288E+05   0.33245779E-10
  -0.10556396E+02   0.38421408E+05   0.31776279E-10
  -0.10533347E+02   0.37545942E+05   0.30372313E-10
  -0.10510298E+02   0.36690424E+05   0.29030944E-10
  -0.10487249E+02   0.35854399E+05   0.27749367E-10
  -0.10464201E+02   0.35037422E+05   0.26524903E-10
  -0.10441152E+02   0.34239061E+05   0.25354993E-10
  -0.10418103E+02   0.33458891E+05   0.24237193E-10
  -0.10395054E+02   0.32696497E+05   0.23169169E-10
  -0.10372005E+02   0.31951475E+05   0.22148693E-10
  -0.10348956E+02   0.31223428E+05   0.21173635E-10
  -0.10325907E+02   0.30511970E+05   0.20241961E-10
  -0.10302858E+02   0.29816723E+05   0.19351730E-10
  -0.10279809E+02   0.29137317E+05   0.18501087E-10
  -0.10256760E+02   0.28473392E+05   0.17688260E-10
  -0.10233712E+02   0.27824594E+05   0.16911557E-10
  -0.10210663E+02   0.27190579E+05   0.16169362E-10
  -0.10187614E+02   0.26571011E+05   0.15460132E-10
  -0.10164565E+02   0.25965560E+05   0.14782392E-10
  -0.10141516E+02   0.25373904E+05   0.14134734E-10
  -0.10118467E+02   0.24795729E+05   0.13515813E-10
  -0.10095418E+02   0.24230728E+05   0.12924345E-10
  -0.10072369E+02   0.23678601E+05   0.12359104E-10
  -0.10049320E+02   0.23139054E+05   0.11818916E-10
  -0.10026271E+02   0.22611801E+05   0.11302663E-10
  -0.10003223E+02   0.22096561E+05   0.10809275E-10
  -0.99801736E+01   0.21593062E+05   0.10337732E-10
  -0.99571247E+01   0.21101034E+05   0.98870591E-11
  -0.99340758E+01   0.20620218E+05   0.94563236E-11
  -0.99110269E+01   0.20150357E+05   0.90446360E-11
  -0.98879780E+01   0.19691203E+05   0.86511465E-11
  -0.98649291E+01   0.19242510E+05   0.82750434E-11
  -0.98418802E+01   0.18804041E+05   0.79155512E-11
  -0.98188313E+01   0.18375562E+05   0.75719292E-11
  -0.97957824E+01   0.17956846E+05   0.72434701E-11
  -0.97727335E+01   0.17547671E+05   0.69294980E-11
  -0.97496846E+01   0.17147820E+05   0.66293675E-11
  -0.97266357E+01   0.16757079E+05   0.63424621E-11
  -0.97035868E+01   0.16375241E+05   0.60681928E-11
  -0.96805379E+01   0.16002103E+05   0.58059970E-11
  -0.96574890E+01   0.15637468E+05   0.55553374E-11
  -0.96344401E+01   0.15281140E+05   0.53157007E-11
  -0.96113912E+01   0.14932932E+05   0.50865966E-11
  -0.95883423E+01   0.14592658E+05   0.48675566E-11
  -0.95652934E+01   0.14260137E+05   0.46581334E-11
  -0.95422445E+01   0.13935193E+05   0.44578995E-11
  -0.95191956E+01   0.13617652E+05   0.42664468E-11
  -0.94961467E+01   0.13307347E+05   0.40833851E-11
  -0.94730978E+01   0.13004113E+05   0.39083420E-11
  -0.94500489E+01   0.12707787E+05   0.37409615E-11
  -0.94270000E+01   0.12418214E+05   0.35809037E-11
  -0.94039511E+01   0.12135238E+05   0.34278438E-11
  -0.93809022E+01   0.11858710E+05   0.32814714E-11
  -0.93578533E+01   0.11588483E+05   0.31414903E-11
  -0.93348044E+01   0.11324413E+05   0.30076172E-11
  -0.93117555E+01   0.11066360E+05   0.28795816E-11
  -0.92887066E+01   0.10814187E+05   0.27571251E-11
  -0.92656577E+01   0.10567760E+05   0.26400008E-11
  -0.92426088E+01   0.10326947E+05   0.25279729E-11
  -0.92195599E+01   0.10091622E+05   0.24208160E-11
  -0.91965110E+01   0.98616585E+04   0.23183148E-11
  -0.91734621E+01   0.96369348E+04   0.22202637E-11
  -0.91504132E+01   0.94173315E+04   0.21264661E-11
  -0.91273643E+01   0.92027320E+04   0.20367343E-11
  -0.91043154E+01   0.89930222E+04   0.19508890E-11
  -0.90812665E+01   0.87880907E+04   0.18687588E-11
  -0.90582176E+01   0.85878286E+04   0.17901799E-11
  -0.90351687E+01   0.83921295E+04   0.17149959E-11
  -0.90121198E+01   0.82008895E+04   0.16430573E-11
  -0.89890709E+01   0.80140070E+04   0.15742214E-11
  -0.89660220E+01   0.78313826E+04   0.15083516E-11
  -0.89429731E+01   0.76529194E+04   0.14453176E-11
  -0.89199242E+01   0.74785225E+04   0.13849947E-11
  -0.88968753E+01   0.73080993E+04   0.13272641E-11
  -0.88738264E+01   0.71415593E+04   0.12720118E-11
  -0.88507775E+01   0.69788139E+04   0.12191292E-11
  -0.88277286E+01   0.68197767E+04   0.11685124E-11
  -0.88046797E+01   0.66643633E+04   0.11200623E-11
  -0.87816308E+01   0.65124909E+04   0.10736839E-11
  -0.87585819E+01   0.63640791E+04   0.10292866E-11
  -0.87355330E+01   0.62190488E+04   0.98678382E-12
  -0.87124841E+01   0.60773231E+04   0.94609280E-12
  -0.86894352E+01   0.59388267E+04   0.90713442E-12
  -0.86663863E+01   0.58034859E+04   0.86983311E-12
  -0.86433374E+01   0.56712290E+04   0.83411662E-12
  -0.86202885E+01   0.55419855E+04   0.79991590E-12
  -0.85972396E+01   0.54156869E+04   0.76716499E-12
  -0.85741907E+01   0.52922661E+04   0.73580081E-12
  -0.85511418E+01   0.51716574E+04   0.70576309E-12
  -0.85280929E+01   0.50537968E+04   0.67699423E-12
  -0.85050440E+01   0.49386217E+04   0.64943917E-12
  -0.84819951E+01   0.48260710E+04   0.62304527E-12
  -0.84589462E+01   0.47160847E+04   0.59776223E-12
  -0.84358973E+01   0.46086045E+04   0.57354198E-12
  -0.84128484E+01   0.45035733E+04   0.55033854E-12
  -0.83897995E+01   0.44009352E+04   0.52810798E-12
  -0.83667506E+01   0.43006358E+04   0.50680831E-12
  -0.83437017E+01   0.42026217E+04   0.48639937E-12
  -0.83206528E+01   0.41068409E+04   0.46684279E-12
  -0.82976039E+01   0.40132425E+04   0.44810187E-12
  -0.82745550E+01   0.39217768E+04   0.43014153E-12
  -0.82515061E+01   0.38323951E+04   0.41292825E-12
  -0.82284572E+01   0.37450500E+04   0.39642994E-12
  -0.82054083E+01   0.36596951E+04   0.38061597E-12
  -0.81823594E+01   0.35762851E+04   0.36545701E-12
  -0.81593105E+01   0.34947756E+04   0.35092504E-12
  -0.81362616E+01   0.34151233E+04   0.33699327E-12
  -0.81132127E+01   0.33372859E+04   0.32363607E-12
  -0.80901638E+01   0.32612220E+04   0.31082894E-12
  -0.80671149E+01   0.31868913E+04   0.29854844E-12
  -0.80440660E+01   0.31142542E+04   0.28677218E-12
  -0.80210171E+01   0.30432722E+04   0.27547871E-12
  -0.79979682E+01   0.29739075E+04   0.26464755E-12
  -0.79749193E+01   0.29061234E+04   0.25425909E-12
  -0.79518704E+01   0.28398837E+04   0.24429459E-12
  -0.79288215E+01   0.27751533E+04   0.23473612E-12
  -0.79057726E+01   0.27118978E+04   0.22556653E-12
  -0.78827237E+01   0.26500836E+04   0.21676941E-12
  -0.78596748E+01   0.25896779E+04   0.20832907E-12
  -0.78366259E+01   0.25306485E+04   0.20023049E-12
  -0.78135770E+01   0.24729641E+04   0.19245932E-12
  -0.77905281E+01   0.24165941E+04   0.18500181E-12
  -0.77674792E+01   0.23615085E+04   0.17784483E-12
  -0.77444303E+01   0.23076780E+04   0.17097578E-12
  -0.77213814E+01   0.22550741E+04   0.16438265E-12
  -0.76983325E+01   0.22036687E+04   0.15805391E-12
  -0.76752836E+01   0.21534347E+04   0.15197855E-12
  -0.76522347E+01   0.21043452E+04   0.14614602E-12
  -0.76291858E+01   0.20563743E+04   0.14054623E-12
  -0.76061369E+01   0.20094964E+04   0.13516952E-12
  -0.75830880E+01   0.19636866E+04   0.13000666E-12
  -0.75600391E+01   0.19189207E+04   0.12504879E-12
  -0.75369902E+01   0.18751747E+04   0.12028745E-12
  -0.75139413E+01   0.18324255E+04   0.11571454E-12
  -0.74908924E+01   0.17906503E+04   0.11132228E-12
  -0.74678435E+01   0.17498270E+04   0.10710326E-12
  -0.74447946E+01   0.17099339E+04   0.10305037E-12
  -0.74217457E+01   0.16709498E+04   0.99156784E-13
  -0.73986968E+01   0.16328539E+04   0.95415998E-13
  -0.73756479E+01   0.15956260E+04   0.91821765E-13
  -0.73525990E+01   0.15592464E+04   0.88368106E-13
  -0.73295501E+01   0.15236957E+04   0.85049298E-13
  -0.73065012E+01   0.14889551E+04   0.81859857E-13
  -0.72834523E+01   0.14550060E+04   0.78794533E-13
  -0.72604034E+01   0.14218305E+04   0.75848297E-13
  -0.72373545E+01   0.13894108E+04   0.73016330E-13
  -0.72143056E+01   0.13577299E+04   0.70294017E-13
  -0.71912567E+01   0.13267708E+04   0.67676938E-13
  -0.71682078E+01   0.12965172E+04   0.65160857E-13
  -0.71451589E+01   0.12669528E+04   0.62741715E-13
  -0.71221100E+01   0.12380622E+04   0.60415624E-13
  -0.70990611E+01   0.12098298E+04   0.58178857E-13
  -0.70760122E+01   0.11822406E+04   0.56027844E-13
  -0.70529633E+01   0.11552801E+04   0.53959162E-13
  -0.70299144E+01   0.11289339E+04   0.51969532E-13
  -0.70068655E+01   0.11031881E+04   0.50055809E-13
  -0.69838166E+01   0.10780288E+04   0.48214979E-13
  -0.69607677E+01   0.10534428E+04   0.46444155E-13
  -0.69377188E+01   0.10294170E+04   0.44740566E-13
  -0.69146699E+01   0.10059386E+04   0.43101557E-13
  -0.68916210E+01   0.98299523E+03   0.41524581E-13
  -0.68685721E+01   0.96057460E+03   0.40007198E-13
  -0.68455232E+01   0.93866483E+03   0.38547066E-13
  -0.68224743E+01   0.91725428E+03   0.37141939E-13
  -0.67994254E+01   0.89633158E+03   0.35789664E-13
  -0.67763765E+01   0.87588561E+03   0.34488176E-13
  -0.67533277E+01   0.85590551E+03   0.33235493E-13
  -0.67302788E+01   0.83638065E+03   0.32029713E-13
  -0.67072299E+01   0.81730068E+03   0.30869015E-13
  -0.66841810E+01   0.79865545E+03   0.29751647E-13
  -0.66611321E+01   0.78043506E+03   0.28675930E-13
  -0.66380832E+01   0.76262983E+03   0.27640255E-13
  -0.66150343E+01   0.74523029E+03   0.26643074E-13
  -0.65919854E+01   0.72822721E+03   0.25682904E-13
  -0.65689365E+01   0.71161154E+03   0.24758321E-13
  -0.65458876E+01   0.69537447E+03   0.23867957E-13
  -0.65228387E+01   0.67950737E+03   0.23010501E-13
  -0.64997898E+01   0.66400180E+03   0.22184691E-13
  -0.64767409E+01   0.64884954E+03   0.21389319E-13
  -0.64536920E+01   0.63404252E+03   0.20623223E-13
  -0.64306431E+01   0.61957288E+03   0.19885289E-13
  -0.64075942E+01   0.60543294E+03   0.19174444E-13
  -0.63845453E+01   0.59161518E+03   0.18489660E-13
  -0.63614964E+01   0.57811226E+03   0.17829949E-13
  -0.63384475E+01   0.56491702E+03   0.17194363E-13
  -0.63153986E+01   0.55202243E+03   0.16581990E-13
  -0.62923497E+01   0.53942164E+03   0.15991953E-13
  -0.62693008E+01   0.52710797E+03   0.15423413E-13
  -0.62462519E+01   0.51507487E+03   0.14875560E-13
  -0.62232030E+01   0.50331595E+03   0.14347617E-13
  -0.62001541E+01   0.49182496E+03   0.13838839E-13
  -0.61771052E+01   0.48059579E+03   0.13348507E-13
  -0.61540563E+01   0.46962248E+03   0.12875933E-13
  -0.61310074E+01   0.45889921E+03   0.12420453E-13
  -0.61079585E+01   0.44842027E+03   0.11981432E-13
  -0.60849096E+01   0.43818009E+03   0.11558255E-13
  -0.60618607E+01   0.42817324E+03   0.11150336E-13
  -0.60388118E+01   0.41839440E+03   0.10757107E-13
  -0.60157629E+01   0.40883837E+03   0.10378024E-13
  -0.59927140E+01   0.39950008E+03   0.10012565E-13
  -0.59696651E+01   0.39037456E+03   0.96602259E-14
  -0.59466162E+01   0.38145697E+03   0.93205228E-14
  -0.59235673E+01   0.37274257E+03   0.89929902E-14
  -0.59005184E+01   0.36422674E+03   0.86771805E-14
  -0.58774695E+01   0.35590493E+03   0.83726630E-14
  -0.58544206E+01   0.34777275E+03   0.80790235E-14
  -0.58313717E+01   0.33982585E+03   0.77958634E-14
  -0.58083228E+01   0.33206003E+03   0.75227992E-14
  -0.57852739E+01   0.32447116E+03   0.72594621E-14
  -0.57622250E+01   0.31705520E+03   0.70054970E-14
  -0.57391761E+01   0.30980822E+03   0.67605623E-14
  -0.57161272E+01   0.30272636E+03   0.65243293E-14
  -0.56930783E+01   0.29580586E+03   0.62964815E-14
  -0.56700294E+01   0.28904305E+03   0.60767145E-14
  -0.56469805E+01   0.28243433E+03   0.58647352E-14
  -0.56239316E+01   0.27597619E+03   0.56602613E-14
  -0.56008827E+01   0.26966521E+03   0.54630214E-14
  -0.55778338E+01   0.26349802E+03   0.52727539E-14
  -0.55547849E+01   0.25747135E+03   0.50892071E-14
  -0.55317360E+01   0.25158200E+03   0.49121386E-14
  -0.55086871E+01   0.24582685E+03   0.47413151E-14
  -0.54856382E+01   0.24020282E+03   0.45765117E-14
  -0.54625893E+01   0.23470694E+03   0.44175122E-14
  -0.54395404E+01   0.22933629E+03   0.42641081E-14
  -0.54164915E+01   0.22408801E+03   0.41160987E-14
  -0.53934426E+01   0.21895931E+03   0.39732906E-14
  -0.53703937E+01   0.21394747E+03   0.38354977E-14
  -0.53473448E+01   0.20904982E+03   0.37025406E-14
  -0.53242959E+01   0.20426378E+03   0.35742466E-14
  -0.53012470E+01   0.19958678E+03   0.34504491E-14
  -0.52781981E+01   0.19501635E+03   0.33309880E-14
  -0.52551492E+01   0.19055006E+03   0.32157085E-14
  -0.52321003E+01   0.18618553E+03   0.31044620E-14
  -0.52090514E+01   0.18192045E+03   0.29971050E-14
  -0.51860025E+01   0.17775255E+03   0.28934993E-14
  -0.51629536E+01   0.17367962E+03   0.27935118E-14
  -0.51399047E+01   0.16969949E+03   0.26970141E-14
  -0.51168558E+01   0.16581005E+03   0.26038825E-14
  -0.50938069E+01   0.16200924E+03   0.25139978E-14
  -0.50707580E+01   0.15829502E+03   0.24272453E-14
  -0.50477091E+01   0.15466544E+03   0.23435140E-14
  -0.50246602E+01   0.15111855E+03   0.22626974E-14
  -0.50016113E+01   0.14765248E+03   0.21846926E-14
  -0.49785624E+01   0.14426539E+03   0.21094003E-14
  -0.49555135E+01   0.14095548E+03   0.20367250E-14
  -0.49324646E+01   0.13772098E+03   0.19665746E-14
  -0.49094157E+01   0.13456018E+03   0.18988601E-14
  -0.48863668E+01   0.13147140E+03   0.18334959E-14
  -0.48633179E+01   0.12845300E+03   0.17703994E-14
  -0.48402690E+01   0.12550337E+03   0.17094910E-14
  -0.48172201E+01   0.12262095E+03   0.16506939E-14
  -0.47941712E+01   0.11980421E+03   0.15939340E-14
  -0.47711223E+01   0.11705165E+03   0.15391399E-14
  -0.47480734E+01   0.11436181E+03   0.14862428E-14
  -0.47250245E+01   0.11173326E+03   0.14351763E-14
  -0.47019756E+01   0.10916459E+03   0.13858764E-14
  -0.46789267E+01   0.10665446E+03   0.13382812E-14
  -0.46558778E+01   0.10420152E+03   0.12923312E-14
  -0.46328289E+01   0.10180447E+03   0.12479690E-14
  -0.46097800E+01   0.99462042E+02   0.12051392E-14
  -0.45867311E+01   0.97172984E+02   0.11637882E-14
  -0.45636822E+01   0.94936083E+02   0.11238646E-14
  -0.45406333E+01   0.92750150E+02   0.10853186E-14
  -0.45175844E+01   0.90614025E+02   0.10481022E-14
  -0.44945355E+01   0.88526571E+02   0.10121692E-14
  -0.44714866E+01   0.86486681E+02   0.97747484E-15
  -0.44484377E+01   0.84493271E+02   0.94397614E-15
  -0.44253888E+01   0.82545281E+02   0.91163150E-15
  -0.44023399E+01   0.80641676E+02   0.88040086E-15
  -0.43792910E+01   0.78781446E+02   0.85024551E-15
  -0.43562421E+01   0.76963601E+02   0.82112815E-15
  -0.43331932E+01   0.75187177E+02   0.79301276E-15
  -0.43101443E+01   0.73451229E+02   0.76586461E-15
  -0.42870954E+01   0.71754835E+02   0.73965015E-15
  -0.42640465E+01   0.70097094E+02   0.71433706E-15
  -0.42409976E+01   0.68477125E+02   0.68989410E-15
  -0.42179487E+01   0.66894068E+02   0.66629116E-15
  -0.41948998E+01   0.65347081E+02   0.64349917E-15
  -0.41718509E+01   0.63835343E+02   0.62149008E-15
  -0.41488020E+01   0.62358050E+02   0.60023681E-15
  -0.41257531E+01   0.60914418E+02   0.57971325E-15
  -0.41027042E+01   0.59503679E+02   0.55989419E-15
  -0.40796553E+01   0.58125084E+02   0.54075528E-15
  -0.40566064E+01   0.56777901E+02   0.52227305E-15
  -0.40335575E+01   0.55461414E+02   0.50442482E-15
  -0.40105086E+01   0.54174924E+02   0.48718874E-15
  -0.39874597E+01   0.52917746E+02   0.47054367E-15
  -0.39644108E+01   0.51689214E+02   0.45446925E-15
  -0.39413619E+01   0.50488675E+02   0.43894579E-15
  -0.39183130E+01   0.49315489E+02   0.42395433E-15
  -0.38952641E+01   0.48169036E+02   0.40947653E-15
  -0.38722152E+01   0.47048704E+02   0.39549469E-15
  -0.38491663E+01   0.45953900E+02   0.38199176E-15
  -0.38261174E+01   0.44884041E+02   0.36895123E-15
  -0.38030685E+01   0.43838559E+02   0.35635721E-15
  -0.37800196E+01   0.42816899E+02   0.34419434E-15
  -0.37569707E+01   0.41818518E+02   0.33244778E-15
  -0.37339218E+01   0.40842885E+02   0.32110322E-15
  -0.37108729E+01   0.39889482E+02   0.31014685E-15
  -0.36878240E+01   0.38957803E+02   0.29956532E-15
  -0.36647751E+01   0.38047352E+02   0.28934576E-15
  -0.36417262E+01   0.37157647E+02   0.27947574E-15
  -0.36186773E+01   0.36288213E+02   0.26994326E-15
  -0.35956284E+01   0.35438590E+02   0.26073672E-15
  -0.35725795E+01   0.34608326E+02   0.25184494E-15
  -0.35495306E+01   0.33796979E+02   0.24325712E-15
  -0.35264817E+01   0.33004119E+02   0.23496283E-15
  -0.35034328E+01   0.32229325E+02   0.22695200E-15
  -0.34803839E+01   0.31472185E+02   0.21921492E-15
  -0.34573350E+01   0.30732296E+02   0.21174219E-15
  -0.34342861E+01   0.30009266E+02   0.20452476E-15
  -0.34112372E+01   0.29302711E+02   0.19755387E-15
  -0.33881883E+01   0.28612254E+02   0.19082109E-15
  -0.33651394E+01   0.27937530E+02   0.18431824E-15
  -0.33420905E+01   0.27278180E+02   0.17803746E-15
  -0.33190416E+01   0.26633853E+02   0.17197115E-15
  -0.32959927E+01   0.26004207E+02   0.16611195E-15
  -0.32729438E+01   0.25388908E+02   0.16045278E-15
  -0.32498949E+01   0.24787629E+02   0.15498679E-15
  -0.32268460E+01   0.24200050E+02   0.14970737E-15
  -0.32037971E+01   0.23625859E+02   0.14460814E-15
  -0.31807482E+01   0.23064752E+02   0.13968294E-15
  -0.31576993E+01   0.22516429E+02   0.13492580E-15
  -0.31346504E+01   0.21980600E+02   0.13033099E-15
  -0.31116015E+01   0.21456980E+02   0.12589295E-15
  -0.30885526E+01   0.20945291E+02   0.12160633E-15
  -0.30655037E+01   0.20445261E+02   0.11746594E-15
  -0.30424548E+01   0.19956624E+02   0.11346679E-15
  -0.30194059E+01   0.19479121E+02   0.10960406E-15
  -0.29963570E+01   0.19012498E+02   0.10587308E-15
  -0.29733081E+01   0.18556507E+02   0.10226935E-15
  -0.29502592E+01   0.18110906E+02   0.98788523E-16
  -0.29272103E+01   0.17675458E+02   0.95426407E-16
  -0.29041614E+01   0.17249932E+02   0.92178946E-16
  -0.28811125E+01   0.16834102E+02   0.89042225E-16
  -0.28580636E+01   0.16427747E+02   0.86012464E-16
  -0.28350147E+01   0.16030650E+02   0.83086012E-16
  -0.28119658E+01   0.15642602E+02   0.80259344E-16
  -0.27889169E+01   0.15263395E+02   0.77529054E-16
  -0.27658680E+01   0.14892829E+02   0.74891855E-16
  -0.27428191E+01   0.14530706E+02   0.72344571E-16
  -0.27197702E+01   0.14176834E+02   0.69884135E-16
  -0.26967213E+01   0.13831025E+02   0.67507586E-16
  -0.26736724E+01   0.13493096E+02   0.65212063E-16
  -0.26506235E+01   0.13162866E+02   0.62994804E-16
  -0.26275746E+01   0.12840161E+02   0.60853141E-16
  -0.26045257E+01   0.12524809E+02   0.58784499E-16
  -0.25814768E+01   0.12216642E+02   0.56786387E-16
  -0.25584279E+01   0.11915497E+02   0.54856404E-16
  -0.25353790E+01   0.11621213E+02   0.52992229E-16
  -0.25123301E+01   0.11333635E+02   0.51191619E-16
  -0.24892812E+01   0.11052609E+02   0.49452412E-16
  -0.24662323E+01   0.10777987E+02   0.47772515E-16
  -0.24431834E+01   0.10509622E+02   0.46149910E-16
  -0.24201345E+01   0.10247372E+02   0.44582647E-16
  -0.23970856E+01   0.99910970E+01   0.43068842E-16
  -0.23740367E+01   0.97406615E+01   0.41606677E-16
  -0.23509878E+01   0.94959323E+01   0.40194396E-16
  -0.23279389E+01   0.92567793E+01   0.38830301E-16
  -0.23048900E+01   0.90230755E+01   0.37512755E-16
  -0.22818411E+01   0.87946967E+01   0.36240175E-16
  -0.22587922E+01   0.85715215E+01   0.35011033E-16
  -0.22357433E+01   0.83534315E+01   0.33823853E-16
  -0.22126944E+01   0.81403107E+01   0.32677210E-16
  -0.21896455E+01   0.79320460E+01   0.31569727E-16
  -0.21665966E+01   0.77285266E+01   0.30500074E-16
  -0.21435477E+01   0.75296445E+01   0.29466969E-16
  -0.21204988E+01   0.73352940E+01   0.28469171E-16
  -0.20974499E+01   0.71453718E+01   0.27505482E-16
  -0.20744010E+01   0.69597770E+01   0.26574746E-16
  -0.20513521E+01   0.67784111E+01   0.25675847E-16
  -0.20283032E+01   0.66011776E+01   0.24807705E-16
  -0.20052543E+01   0.64279825E+01   0.23969280E-16
  -0.19822054E+01   0.62587337E+01   0.23159565E-16
  -0.19591565E+01   0.60933412E+01   0.22377590E-16
  -0.19361076E+01   0.59317173E+01   0.21622415E-16
  -0.19130587E+01   0.57737760E+01   0.20893136E-16
  -0.18900098E+01   0.56194335E+01   0.20188877E-16
  -0.18669609E+01   0.54686077E+01   0.19508794E-16
  -0.18439120E+01   0.53212185E+01   0.18852072E-16
  -0.18208631E+01   0.51771876E+01   0.18217922E-16
  -0.17978142E+01   0.50364385E+01   0.17605584E-16
  -0.17747653E+01   0.48988964E+01   0.17014324E-16
  -0.17517164E+01   0.47644883E+01   0.16443433E-16
  -0.17286675E+01   0.46331427E+01   0.15892225E-16
  -0.17056186E+01   0.45047898E+01   0.15360041E-16
  -0.16825697E+01   0.43793615E+01   0.14846242E-16
  -0.16595208E+01   0.42567911E+01   0.14350211E-16
  -0.16364719E+01   0.41370135E+01   0.13871353E-16
  -0.16134230E+01   0.40199651E+01   0.13409095E-16
  -0.15903741E+01   0.39055837E+01   0.12962881E-16
  -0.15673252E+01   0.37938085E+01   0.12532177E-16
  -0.15442763E+01   0.36845801E+01   0.12116464E-16
  -0.15212274E+01   0.35778405E+01   0.11715245E-16
  -0.14981785E+01   0.34735331E+01   0.11328038E-16
  -0.14751296E+01   0.33716022E+01   0.10954378E-16
  -0.14520807E+01   0.32719940E+01   0.10593815E-16
  -0.14290318E+01   0.31746553E+01   0.10245917E-16
  -0.14059829E+01   0.30795345E+01   0.99102654E-17
  -0.13829340E+01   0.29865811E+01   0.95864567E-17
  -0.13598851E+01   0.28957456E+01   0.92741011E-17
  -0.13368362E+01   0.28069799E+01   0.89728226E-17
  -0.13137873E+01   0.27202367E+01   0.86822581E-17
  -0.12907384E+01   0.26354700E+01   0.84020574E-17
  -0.12676895E+01   0.25526347E+01   0.81318821E-17
  -0.12446406E+01   0.24716868E+01   0.78714058E-17
  -0.12215917E+01   0.23925834E+01   0.76203134E-17
  -0.11985428E+01   0.23152823E+01   0.73783007E-17
  -0.11754939E+01   0.22397426E+01   0.71450741E-17
  -0.11524450E+01   0.21659241E+01   0.69203501E-17
  -0.11293961E+01   0.20937876E+01   0.67038550E-17
  -0.11063472E+01   0.20232947E+01   0.64953245E-17
  -0.10832983E+01   0.19544080E+01   0.62945033E-17
  -0.10602494E+01   0.18870909E+01   0.61011451E-17
  -0.10372005E+01   0.18213077E+01   0.59150115E-17
  -0.10141516E+01   0.17570233E+01   0.57358727E-17
  -0.99110269E+00   0.16942037E+01   0.55635063E-17
  -0.96805379E+00   0.16328155E+01   0.53976974E-17
  -0.94500489E+00   0.15728260E+01   0.52382382E-17
  -0.92195599E+00   0.15142033E+01   0.50849277E-17
  -0.89890709E+00   0.14569165E+01   0.49375715E-17
  -0.87585819E+00   0.14009349E+01   0.47959814E-17
  -0.85280929E+00   0.13462288E+01   0.46599751E-17
  -0.82976039E+00   0.12927693E+01   0.45293761E-17
  -0.80671149E+00   0.12405279E+01   0.44040131E-17
  -0.78366259E+00   0.11894768E+01   0.42837203E-17
  -0.76061369E+00   0.11395889E+01   0.41683366E-17
  -0.73756479E+00   0.10908377E+01   0.40577054E-17
  -0.71451589E+00   0.10431973E+01   0.39516749E-17
  -0.69146699E+00   0.99664245E+00   0.38500973E-17
  -0.66841810E+00   0.95114835E+00   0.37528288E-17
  -0.64536920E+00   0.90669084E+00   0.36597293E-17
  -0.62232030E+00   0.86324631E+00   0.35706626E-17
  -0.59927140E+00   0.82079168E+00   0.34854956E-17
  -0.57622250E+00   0.77930439E+00   0.34040986E-17
  -0.55317360E+00   0.73876240E+00   0.33263449E-17
  -0.53012470E+00   0.69914417E+00   0.32521108E-17
  -0.50707580E+00   0.66042866E+00   0.31812753E-17
  -0.48402690E+00   0.62259529E+00   0.31137202E-17
  -0.46097800E+00   0.58562396E+00   0.30493297E-17
  -0.43792910E+00   0.54949504E+00   0.29879908E-17
  -0.41488020E+00   0.51418933E+00   0.29295926E-17
  -0.39183130E+00   0.47968806E+00   0.28740266E-17
  -0.36878240E+00   0.44597292E+00   0.28211867E-17
  -0.34573350E+00   0.41302599E+00   0.27709690E-17
  -0.32268460E+00   0.38082977E+00   0.27232719E-17
  -0.29963570E+00   0.34936714E+00   0.26779958E-17
  -0.27658680E+00   0.31862140E+00   0.26350436E-17
  -0.25353790E+00   0.28857621E+00   0.25943201E-17
  -0.23048900E+00   0.25921561E+00   0.25557327E-17
  -0.20744010E+00   0.23052400E+00   0.25191906E-17
  -0.18439120E+00   0.20248614E+00   0.24846056E-17
  -0.16134230E+00   0.17508713E+00   0.24518915E-17
  -0.13829340E+00   0.14831241E+00   0.24209648E-17
  -0.11524450E+00   0.12214777E+00   0.23917439E-17
  -0.92195599E-01   0.96579291E-01   0.23641498E-17
  -0.69146699E-01   0.71593400E-01   0.23381058E-17
  -0.46097800E-01   0.47176819E-01   0.23135376E-17
  -0.23048900E-01   0.23316578E-01   0.22903733E-17
   0.39569042E-12  -0.39568349E-12   0.22685435E-17
