  -0.73971938E+01   0.65131465E+25
  -0.73922931E+01   0.65383708E+25
  -0.73873923E+01   0.65636776E+25
  -0.73824916E+01   0.65890672E+25
  -0.73775909E+01   0.66145397E+25
  -0.73726901E+01   0.66400953E+25
  -0.73677894E+01   0.66657342E+25
  -0.73628887E+01   0.66914567E+25
  -0.73579879E+01   0.67172629E+25
  -0.73530872E+01   0.67431531E+25
  -0.73481865E+01   0.67691274E+25
  -0.73432857E+01   0.67951860E+25
  -0.73383850E+01   0.68213292E+25
  -0.73334843E+01   0.68475572E+25
  -0.73285835E+01   0.68738702E+25
  -0.73236828E+01   0.69002683E+25
  -0.73187820E+01   0.69267518E+25
  -0.73138813E+01   0.69533209E+25
  -0.73089806E+01   0.69799758E+25
  -0.73040798E+01   0.70067167E+25
  -0.72991791E+01   0.70335438E+25
  -0.72942784E+01   0.70604573E+25
  -0.72893776E+01   0.70874575E+25
  -0.72844769E+01   0.71145445E+25
  -0.72795762E+01   0.71417186E+25
  -0.72746754E+01   0.71689799E+25
  -0.72697747E+01   0.71963287E+25
  -0.72648740E+01   0.72237651E+25
  -0.72599732E+01   0.72512895E+25
  -0.72550725E+01   0.72789020E+25
  -0.72501718E+01   0.73066027E+25
  -0.72452710E+01   0.73343920E+25
  -0.72403703E+01   0.73622701E+25
  -0.72354695E+01   0.73902371E+25
  -0.72305688E+01   0.74182932E+25
  -0.72256681E+01   0.74464387E+25
  -0.72207673E+01   0.74746739E+25
  -0.72158666E+01   0.75029988E+25
  -0.72109659E+01   0.75314138E+25
  -0.72060651E+01   0.75599189E+25
  -0.72011644E+01   0.75885146E+25
  -0.71962637E+01   0.76172009E+25
  -0.71913629E+01   0.76459781E+25
  -0.71864622E+01   0.76748464E+25
  -0.71815615E+01   0.77038060E+25
  -0.71766607E+01   0.77328571E+25
  -0.71717600E+01   0.77620000E+25
  -0.71668592E+01   0.77912348E+25
  -0.71619585E+01   0.78205619E+25
  -0.71570578E+01   0.78499813E+25
  -0.71521570E+01   0.78794934E+25
  -0.71472563E+01   0.79090983E+25
  -0.71423556E+01   0.79387963E+25
  -0.71374548E+01   0.79685876E+25
  -0.71325541E+01   0.79984724E+25
  -0.71276534E+01   0.80284509E+25
  -0.71227526E+01   0.80585233E+25
  -0.71178519E+01   0.80886899E+25
  -0.71129512E+01   0.81189510E+25
  -0.71080504E+01   0.81493066E+25
  -0.71031497E+01   0.81797571E+25
  -0.70982489E+01   0.82103026E+25
  -0.70933482E+01   0.82409434E+25
  -0.70884475E+01   0.82716797E+25
  -0.70835467E+01   0.83025118E+25
  -0.70786460E+01   0.83334398E+25
  -0.70737453E+01   0.83644641E+25
  -0.70688445E+01   0.83955847E+25
  -0.70639438E+01   0.84268020E+25
  -0.70590431E+01   0.84581161E+25
  -0.70541423E+01   0.84895273E+25
  -0.70492416E+01   0.85210359E+25
  -0.70443409E+01   0.85526420E+25
  -0.70394401E+01   0.85843459E+25
  -0.70345394E+01   0.86161477E+25
  -0.70296386E+01   0.86480479E+25
  -0.70247379E+01   0.86800464E+25
  -0.70198372E+01   0.87121437E+25
  -0.70149364E+01   0.87443399E+25
  -0.70100357E+01   0.87766353E+25
  -0.70051350E+01   0.88090301E+25
  -0.70002342E+01   0.88415245E+25
  -0.69953335E+01   0.88741187E+25
  -0.69904328E+01   0.89068130E+25
  -0.69855320E+01   0.89396077E+25
  -0.69806313E+01   0.89725029E+25
  -0.69757306E+01   0.90054988E+25
  -0.69708298E+01   0.90385958E+25
  -0.69659291E+01   0.90717941E+25
  -0.69610283E+01   0.91050939E+25
  -0.69561276E+01   0.91384954E+25
  -0.69512269E+01   0.91719988E+25
  -0.69463261E+01   0.92056045E+25
  -0.69414254E+01   0.92393126E+25
  -0.69365247E+01   0.92731234E+25
  -0.69316239E+01   0.93070371E+25
  -0.69267232E+01   0.93410539E+25
  -0.69218225E+01   0.93751742E+25
  -0.69169217E+01   0.94093981E+25
  -0.69120210E+01   0.94437258E+25
  -0.69071203E+01   0.94781577E+25
  -0.69022195E+01   0.95126939E+25
  -0.68973188E+01   0.95473348E+25
  -0.68924180E+01   0.95820804E+25
  -0.68875173E+01   0.96169312E+25
  -0.68826166E+01   0.96518873E+25
  -0.68777158E+01   0.96869489E+25
  -0.68728151E+01   0.97221164E+25
  -0.68679144E+01   0.97573899E+25
  -0.68630136E+01   0.97927697E+25
  -0.68581129E+01   0.98282561E+25
  -0.68532122E+01   0.98638493E+25
  -0.68483114E+01   0.98995495E+25
  -0.68434107E+01   0.99353570E+25
  -0.68385100E+01   0.99712720E+25
  -0.68336092E+01   0.10007295E+26
  -0.68287085E+01   0.10043426E+26
  -0.68238077E+01   0.10079665E+26
  -0.68189070E+01   0.10116012E+26
  -0.68140063E+01   0.10152469E+26
  -0.68091055E+01   0.10189034E+26
  -0.68042048E+01   0.10225709E+26
  -0.67993041E+01   0.10262493E+26
  -0.67944033E+01   0.10299387E+26
  -0.67895026E+01   0.10336392E+26
  -0.67846019E+01   0.10373506E+26
  -0.67797011E+01   0.10410731E+26
  -0.67748004E+01   0.10448067E+26
  -0.67698997E+01   0.10485513E+26
  -0.67649989E+01   0.10523072E+26
  -0.67600982E+01   0.10560741E+26
  -0.67551974E+01   0.10598523E+26
  -0.67502967E+01   0.10636416E+26
  -0.67453960E+01   0.10674422E+26
  -0.67404952E+01   0.10712541E+26
  -0.67355945E+01   0.10750772E+26
  -0.67306938E+01   0.10789116E+26
  -0.67257930E+01   0.10827574E+26
  -0.67208923E+01   0.10866145E+26
  -0.67159916E+01   0.10904831E+26
  -0.67110908E+01   0.10943630E+26
  -0.67061901E+01   0.10982544E+26
  -0.67012894E+01   0.11021573E+26
  -0.66963886E+01   0.11060716E+26
  -0.66914879E+01   0.11099975E+26
  -0.66865871E+01   0.11139349E+26
  -0.66816864E+01   0.11178839E+26
  -0.66767857E+01   0.11218445E+26
  -0.66718849E+01   0.11258167E+26
  -0.66669842E+01   0.11298005E+26
  -0.66620835E+01   0.11337961E+26
  -0.66571827E+01   0.11378033E+26
  -0.66522820E+01   0.11418223E+26
  -0.66473813E+01   0.11458530E+26
  -0.66424805E+01   0.11498956E+26
  -0.66375798E+01   0.11539499E+26
  -0.66326791E+01   0.11580161E+26
  -0.66277783E+01   0.11620941E+26
  -0.66228776E+01   0.11661840E+26
  -0.66179768E+01   0.11702859E+26
  -0.66130761E+01   0.11743997E+26
  -0.66081754E+01   0.11785255E+26
  -0.66032746E+01   0.11826633E+26
  -0.65983739E+01   0.11868131E+26
  -0.65934732E+01   0.11909750E+26
  -0.65885724E+01   0.11951489E+26
  -0.65836717E+01   0.11993350E+26
  -0.65787710E+01   0.12035332E+26
  -0.65738702E+01   0.12077436E+26
  -0.65689695E+01   0.12119662E+26
  -0.65640688E+01   0.12162010E+26
  -0.65591680E+01   0.12204480E+26
  -0.65542673E+01   0.12247073E+26
  -0.65493665E+01   0.12289790E+26
  -0.65444658E+01   0.12332630E+26
  -0.65395651E+01   0.12375593E+26
  -0.65346643E+01   0.12418680E+26
  -0.65297636E+01   0.12461892E+26
  -0.65248629E+01   0.12505228E+26
  -0.65199621E+01   0.12548689E+26
  -0.65150614E+01   0.12592274E+26
  -0.65101607E+01   0.12635986E+26
  -0.65052599E+01   0.12679822E+26
  -0.65003592E+01   0.12723785E+26
  -0.64954585E+01   0.12767874E+26
  -0.64905577E+01   0.12812089E+26
  -0.64856570E+01   0.12856431E+26
  -0.64807562E+01   0.12900901E+26
  -0.64758555E+01   0.12945497E+26
  -0.64709548E+01   0.12990221E+26
  -0.64660540E+01   0.13035074E+26
  -0.64611533E+01   0.13080054E+26
  -0.64562526E+01   0.13125163E+26
  -0.64513518E+01   0.13170401E+26
  -0.64464511E+01   0.13215767E+26
  -0.64415504E+01   0.13261264E+26
  -0.64366496E+01   0.13306889E+26
  -0.64317489E+01   0.13352645E+26
  -0.64268482E+01   0.13398532E+26
  -0.64219474E+01   0.13444548E+26
  -0.64004693E+01   0.13647770E+26
  -0.63789912E+01   0.13853531E+26
  -0.63575132E+01   0.14061856E+26
  -0.63360351E+01   0.14272771E+26
  -0.63145570E+01   0.14486303E+26
  -0.62930789E+01   0.14702476E+26
  -0.62716008E+01   0.14921319E+26
  -0.62501227E+01   0.15142857E+26
  -0.62286447E+01   0.15367117E+26
  -0.62071666E+01   0.15594128E+26
  -0.61856885E+01   0.15823916E+26
  -0.61642104E+01   0.16056509E+26
  -0.61427323E+01   0.16291935E+26
  -0.61212542E+01   0.16530224E+26
  -0.60997761E+01   0.16771403E+26
  -0.60782981E+01   0.17015502E+26
  -0.60568200E+01   0.17262550E+26
  -0.60353419E+01   0.17512576E+26
  -0.60138638E+01   0.17765612E+26
  -0.59923857E+01   0.18021686E+26
  -0.59709076E+01   0.18280830E+26
  -0.59494295E+01   0.18543074E+26
  -0.59279515E+01   0.18808451E+26
  -0.59064734E+01   0.19076990E+26
  -0.58849953E+01   0.19348726E+26
  -0.58635172E+01   0.19623688E+26
  -0.58420391E+01   0.19901911E+26
  -0.58205610E+01   0.20183428E+26
  -0.57990830E+01   0.20468271E+26
  -0.57776049E+01   0.20756474E+26
  -0.57561268E+01   0.21048072E+26
  -0.57346487E+01   0.21343099E+26
  -0.57131706E+01   0.21641589E+26
  -0.56916925E+01   0.21943578E+26
  -0.56702144E+01   0.22249102E+26
  -0.56487364E+01   0.22558196E+26
  -0.56272583E+01   0.22870896E+26
  -0.56057802E+01   0.23187241E+26
  -0.55843021E+01   0.23507265E+26
  -0.55628240E+01   0.23831008E+26
  -0.55413459E+01   0.24158507E+26
  -0.55198678E+01   0.24489801E+26
  -0.54983898E+01   0.24824928E+26
  -0.54769117E+01   0.25163927E+26
  -0.54554336E+01   0.25506839E+26
  -0.54339555E+01   0.25853703E+26
  -0.54124774E+01   0.26204559E+26
  -0.53909993E+01   0.26559450E+26
  -0.53695213E+01   0.26918416E+26
  -0.53480432E+01   0.27281499E+26
  -0.53265651E+01   0.27648741E+26
  -0.53050870E+01   0.28020186E+26
  -0.52836089E+01   0.28395876E+26
  -0.52621308E+01   0.28775855E+26
  -0.52406527E+01   0.29160168E+26
  -0.52191747E+01   0.29548860E+26
  -0.51976966E+01   0.29941975E+26
  -0.51762185E+01   0.30339559E+26
  -0.51547404E+01   0.30741658E+26
  -0.51332623E+01   0.31148320E+26
  -0.51117842E+01   0.31559591E+26
  -0.50903061E+01   0.31975520E+26
  -0.50688281E+01   0.32396154E+26
  -0.50473500E+01   0.32821542E+26
  -0.50258719E+01   0.33251734E+26
  -0.50043938E+01   0.33686780E+26
  -0.49829157E+01   0.34126730E+26
  -0.49614376E+01   0.34571635E+26
  -0.49399596E+01   0.35021546E+26
  -0.49184815E+01   0.35476517E+26
  -0.48970034E+01   0.35936599E+26
  -0.48755253E+01   0.36401846E+26
  -0.48540472E+01   0.36872312E+26
  -0.48325691E+01   0.37348051E+26
  -0.48110910E+01   0.37829119E+26
  -0.47896130E+01   0.38315571E+26
  -0.47681349E+01   0.38807463E+26
  -0.47466568E+01   0.39304852E+26
  -0.47251787E+01   0.39807797E+26
  -0.47037006E+01   0.40316355E+26
  -0.46822225E+01   0.40830584E+26
  -0.46607444E+01   0.41350545E+26
  -0.46392664E+01   0.41876298E+26
  -0.46177883E+01   0.42407903E+26
  -0.45963102E+01   0.42945422E+26
  -0.45748321E+01   0.43488917E+26
  -0.45533540E+01   0.44038451E+26
  -0.45318759E+01   0.44594088E+26
  -0.45103979E+01   0.45155891E+26
  -0.44889198E+01   0.45723925E+26
  -0.44674417E+01   0.46298257E+26
  -0.44459636E+01   0.46878953E+26
  -0.44244855E+01   0.47466079E+26
  -0.44030074E+01   0.48059703E+26
  -0.43815293E+01   0.48659895E+26
  -0.43600513E+01   0.49266723E+26
  -0.43385732E+01   0.49880258E+26
  -0.43170951E+01   0.50500570E+26
  -0.42956170E+01   0.51127732E+26
  -0.42741389E+01   0.51761814E+26
  -0.42526608E+01   0.52402892E+26
  -0.42311827E+01   0.53051038E+26
  -0.42097047E+01   0.53706327E+26
  -0.41882266E+01   0.54368836E+26
  -0.41667485E+01   0.55038640E+26
  -0.41452704E+01   0.55715818E+26
  -0.41237923E+01   0.56400446E+26
  -0.41023142E+01   0.57092605E+26
  -0.40808362E+01   0.57792374E+26
  -0.40593581E+01   0.58499834E+26
  -0.40378800E+01   0.59215066E+26
  -0.40164019E+01   0.59938153E+26
  -0.39949238E+01   0.60669178E+26
  -0.39734457E+01   0.61408227E+26
  -0.39519676E+01   0.62155383E+26
  -0.39304896E+01   0.62910734E+26
  -0.39090115E+01   0.63674366E+26
  -0.38875334E+01   0.64446367E+26
  -0.38660553E+01   0.65226827E+26
  -0.38445772E+01   0.66015835E+26
  -0.38230991E+01   0.66813483E+26
  -0.38016210E+01   0.67619862E+26
  -0.37801430E+01   0.68435066E+26
  -0.37586649E+01   0.69259189E+26
  -0.37371868E+01   0.70092324E+26
  -0.37157087E+01   0.70934570E+26
  -0.36942306E+01   0.71786022E+26
  -0.36727525E+01   0.72646779E+26
  -0.36512745E+01   0.73516939E+26
  -0.36297964E+01   0.74396604E+26
  -0.36083183E+01   0.75285875E+26
  -0.35868402E+01   0.76184854E+26
  -0.35653621E+01   0.77093644E+26
  -0.35438840E+01   0.78012351E+26
  -0.35224059E+01   0.78941081E+26
  -0.35009279E+01   0.79879939E+26
  -0.34794498E+01   0.80829035E+26
  -0.34579717E+01   0.81788477E+26
  -0.34364936E+01   0.82758376E+26
  -0.34150155E+01   0.83738844E+26
  -0.33935374E+01   0.84729994E+26
  -0.33720593E+01   0.85731939E+26
  -0.33505813E+01   0.86744795E+26
  -0.33291032E+01   0.87768679E+26
  -0.33076251E+01   0.88803708E+26
  -0.32861470E+01   0.89850001E+26
  -0.32646689E+01   0.90907679E+26
  -0.32431908E+01   0.91976863E+26
  -0.32217128E+01   0.93057676E+26
  -0.32002347E+01   0.94150242E+26
  -0.31787566E+01   0.95254686E+26
  -0.31572785E+01   0.96371136E+26
  -0.31358004E+01   0.97499720E+26
  -0.31143223E+01   0.98640567E+26
  -0.30928442E+01   0.99793808E+26
  -0.30713662E+01   0.10095957E+27
  -0.30498881E+01   0.10213800E+27
  -0.30284100E+01   0.10332922E+27
  -0.30069319E+01   0.10453338E+27
  -0.29854538E+01   0.10575060E+27
  -0.29639757E+01   0.10698103E+27
  -0.29424976E+01   0.10822481E+27
  -0.29210196E+01   0.10948208E+27
  -0.28995415E+01   0.11075299E+27
  -0.28780634E+01   0.11203767E+27
  -0.28565853E+01   0.11333629E+27
  -0.28351072E+01   0.11464897E+27
  -0.28136291E+01   0.11597588E+27
  -0.27921511E+01   0.11731717E+27
  -0.27706730E+01   0.11867298E+27
  -0.27491949E+01   0.12004347E+27
  -0.27277168E+01   0.12142880E+27
  -0.27062387E+01   0.12282913E+27
  -0.26847606E+01   0.12424461E+27
  -0.26632825E+01   0.12567539E+27
  -0.26418045E+01   0.12712166E+27
  -0.26203264E+01   0.12858356E+27
  -0.25988483E+01   0.13006126E+27
  -0.25773702E+01   0.13155493E+27
  -0.25558921E+01   0.13306473E+27
  -0.25344140E+01   0.13459084E+27
  -0.25129359E+01   0.13613342E+27
  -0.24914579E+01   0.13769264E+27
  -0.24699798E+01   0.13926869E+27
  -0.24485017E+01   0.14086173E+27
  -0.24270236E+01   0.14247195E+27
  -0.24055455E+01   0.14409951E+27
  -0.23840674E+01   0.14574460E+27
  -0.23625894E+01   0.14740740E+27
  -0.23411113E+01   0.14908809E+27
  -0.23196332E+01   0.15078685E+27
  -0.22981551E+01   0.15250387E+27
  -0.22766770E+01   0.15423933E+27
  -0.22551989E+01   0.15599342E+27
  -0.22337208E+01   0.15776633E+27
  -0.22122428E+01   0.15955824E+27
  -0.21907647E+01   0.16136935E+27
  -0.21692866E+01   0.16319985E+27
  -0.21478085E+01   0.16504992E+27
  -0.21263304E+01   0.16691977E+27
  -0.21048523E+01   0.16880957E+27
  -0.20833742E+01   0.17071954E+27
  -0.20618962E+01   0.17264985E+27
  -0.20404181E+01   0.17460071E+27
  -0.20189400E+01   0.17657231E+27
  -0.19974619E+01   0.17856484E+27
  -0.19759838E+01   0.18057850E+27
  -0.19545057E+01   0.18261348E+27
  -0.19330277E+01   0.18466997E+27
  -0.19115496E+01   0.18674818E+27
  -0.18900715E+01   0.18884828E+27
  -0.18685934E+01   0.19097047E+27
  -0.18471153E+01   0.19311494E+27
  -0.18256372E+01   0.19528188E+27
  -0.18041591E+01   0.19747147E+27
  -0.17826811E+01   0.19968390E+27
  -0.17612030E+01   0.20191934E+27
  -0.17397249E+01   0.20417798E+27
  -0.17182468E+01   0.20645999E+27
  -0.16967687E+01   0.20876554E+27
  -0.16752906E+01   0.21109480E+27
  -0.16538125E+01   0.21344792E+27
  -0.16323345E+01   0.21582507E+27
  -0.16108564E+01   0.21822640E+27
  -0.15893783E+01   0.22065205E+27
  -0.15679002E+01   0.22310215E+27
  -0.15464221E+01   0.22557684E+27
  -0.15249440E+01   0.22807624E+27
  -0.15034660E+01   0.23060046E+27
  -0.14819879E+01   0.23314959E+27
  -0.14605098E+01   0.23572375E+27
  -0.14390317E+01   0.23832299E+27
  -0.14175536E+01   0.24094739E+27
  -0.13960755E+01   0.24359699E+27
  -0.13745974E+01   0.24627185E+27
  -0.13531194E+01   0.24897197E+27
  -0.13316413E+01   0.25169737E+27
  -0.13101632E+01   0.25444802E+27
  -0.12886851E+01   0.25722390E+27
  -0.12672070E+01   0.26002494E+27
  -0.12457289E+01   0.26285107E+27
  -0.12242508E+01   0.26570219E+27
  -0.12027728E+01   0.26857816E+27
  -0.11812947E+01   0.27147884E+27
  -0.11598166E+01   0.27440402E+27
  -0.11383385E+01   0.27735351E+27
  -0.11168604E+01   0.28032704E+27
  -0.10953823E+01   0.28332434E+27
  -0.10739043E+01   0.28634508E+27
  -0.10524262E+01   0.28938891E+27
  -0.10309481E+01   0.29245543E+27
  -0.10094700E+01   0.29554420E+27
  -0.98799191E+00   0.29865473E+27
  -0.96651383E+00   0.30178649E+27
  -0.94503574E+00   0.30493892E+27
  -0.92355766E+00   0.30811138E+27
  -0.90207957E+00   0.31130319E+27
  -0.88060149E+00   0.31451365E+27
  -0.85912340E+00   0.31774195E+27
  -0.83764532E+00   0.32098728E+27
  -0.81616723E+00   0.32424873E+27
  -0.79468915E+00   0.32752538E+27
  -0.77321106E+00   0.33081621E+27
  -0.75173298E+00   0.33412017E+27
  -0.73025489E+00   0.33743615E+27
  -0.70877681E+00   0.34076299E+27
  -0.68729872E+00   0.34409946E+27
  -0.66582064E+00   0.34744429E+27
  -0.64434255E+00   0.35079615E+27
  -0.62286447E+00   0.35415367E+27
  -0.60138638E+00   0.35751543E+27
  -0.57990830E+00   0.36087996E+27
  -0.55843021E+00   0.36424576E+27
  -0.53695213E+00   0.36761128E+27
  -0.51547404E+00   0.37097496E+27
  -0.49399596E+00   0.37433518E+27
  -0.47251787E+00   0.37769032E+27
  -0.45103979E+00   0.38103874E+27
  -0.42956170E+00   0.38437878E+27
  -0.40808362E+00   0.38770878E+27
  -0.38660553E+00   0.39102707E+27
  -0.36512745E+00   0.39433201E+27
  -0.34364936E+00   0.39762193E+27
  -0.32217128E+00   0.40089522E+27
  -0.30069319E+00   0.40415026E+27
  -0.27921511E+00   0.40738548E+27
  -0.25773702E+00   0.41059935E+27
  -0.23625894E+00   0.41379035E+27
  -0.21478085E+00   0.41695703E+27
  -0.19330277E+00   0.42009799E+27
  -0.17182468E+00   0.42321188E+27
  -0.15034660E+00   0.42629740E+27
  -0.12886851E+00   0.42935334E+27
  -0.10739043E+00   0.43237851E+27
  -0.85912340E-01   0.43537186E+27
  -0.64434255E-01   0.43833223E+27
  -0.42956170E-01   0.44125905E+27
  -0.21478085E-01   0.44415057E+27
   0.00000000E+00   0.44700719E+27
   0.21478085E-01   0.44986382E+27
